time,steer,accel,brake,gear,speedX,speedY,speedZ,frontLeftSpin,frontRightSpin,rearLeftSpin,rearRightSpin,trackPos,distFromStart,angle,rpm,damage,track_0,track_1,track_2,track_3,track_4,track_5,track_6,track_7,track_8,track_9,track_10,track_11,track_12,track_13,track_14,track_15,track_16,track_17,track_18,focus_0,focus_1,focus_2,focus_3,focus_4
-0.982,0.0,0.25,0.0,1,-0.00913045,-0.00302988,0.00318209,0.0,0.0,0.0,0.0,0.333439,3598.45,0.00822276,5235.99,0.0,5.70304,12.6267,22.455,140.486,90.9268,77.357,71.6721,67.3518,64.5773,62.0267,59.6744,57.4982,54.7119,51.8501,47.2417,40.0655,31.0431,22.7658,11.2227,-1.0,-1.0,-1.0,-1.0,-1.0
-0.962,0.0,0.4375,0.0,1,-0.00913045,-0.00302988,0.00318209,0.0,0.0,0.0,0.0,0.333439,3598.45,0.00822276,5273.23,0.0,5.70304,12.6267,22.455,140.486,90.9268,77.357,71.6721,67.3518,64.5773,62.0267,59.6744,57.4982,54.7119,51.8501,47.2417,40.0655,31.0431,22.7658,11.2227,-1.0,-1.0,-1.0,-1.0,-1.0
-0.942,0.0,0.578125,0.0,1,-0.00913045,-0.00302988,0.00318209,0.0,0.0,0.0,0.0,0.333439,3598.45,0.00822276,5339.1,0.0,5.70304,12.6267,22.455,140.486,90.9268,77.357,71.6721,67.3518,64.5773,62.0267,59.6744,57.4982,54.7119,51.8501,47.2417,40.0655,31.0431,22.7658,11.2227,-1.0,-1.0,-1.0,-1.0,-1.0
-0.922,0.0,0.68359375,0.0,1,-0.00913045,-0.00302988,0.00318209,0.0,0.0,0.0,0.0,0.333439,3598.45,0.00822276,5427.39,0.0,5.70304,12.6267,22.455,140.486,90.9268,77.357,71.6721,67.3518,64.5773,62.0267,59.6744,57.4982,54.7119,51.8501,47.2417,40.0655,31.0431,22.7658,11.2227,-1.0,-1.0,-1.0,-1.0,-1.0
-0.902,0.0,0.7626953125,0.0,1,-0.00913045,-0.00302988,0.00318209,0.0,0.0,0.0,0.0,0.333439,3598.45,0.00822276,5533.92,0.0,5.70304,12.6267,22.455,140.486,90.9268,77.357,71.6721,67.3518,64.5773,62.0267,59.6744,57.4982,54.7119,51.8501,47.2417,40.0655,31.0431,22.7658,11.2227,-1.0,-1.0,-1.0,-1.0,-1.0
-0.882,0.0,0.822021484375,0.0,1,-0.00913045,-0.00302988,0.00318209,0.0,0.0,0.0,0.0,0.333439,3598.45,0.00822276,5655.48,0.0,5.70304,12.6267,22.455,140.486,90.9268,77.357,71.6721,67.3518,64.5773,62.0267,59.6744,57.4982,54.7119,51.8501,47.2417,40.0655,31.0431,22.7658,11.2227,-1.0,-1.0,-1.0,-1.0,-1.0
-0.862,0.0,0.86651611328125,0.0,1,-0.00913045,-0.00302988,0.00318209,0.0,0.0,0.0,0.0,0.333439,3598.45,0.00822276,5789.75,0.0,5.70304,12.6267,22.455,140.486,90.9268,77.357,71.6721,67.3518,64.5773,62.0267,59.6744,57.4982,54.7119,51.8501,47.2417,40.0655,31.0431,22.7658,11.2227,-1.0,-1.0,-1.0,-1.0,-1.0
-0.842,0.0,0.8998870849609375,0.0,1,-0.00913045,-0.00302988,0.00318209,0.0,0.0,0.0,0.0,0.333439,3598.45,0.00822276,5935.19,0.0,5.70304,12.6267,22.455,140.486,90.9268,77.357,71.6721,67.3518,64.5773,62.0267,59.6744,57.4982,54.7119,51.8501,47.2417,40.0655,31.0431,22.7658,11.2227,-1.0,-1.0,-1.0,-1.0,-1.0
-0.822,0.0,0.9249153137207031,0.0,1,-0.00913045,-0.00302988,0.00318209,0.0,0.0,0.0,0.0,0.333439,3598.45,0.00822276,6090.44,0.0,5.70304,12.6267,22.455,140.486,90.9268,77.357,71.6721,67.3518,64.5773,62.0267,59.6744,57.4982,54.7119,51.8501,47.2417,40.0655,31.0431,22.7658,11.2227,-1.0,-1.0,-1.0,-1.0,-1.0
-0.802,0.0,0.9436864852905273,0.0,1,-0.00913045,-0.00302988,0.00318209,0.0,0.0,0.0,0.0,0.333439,3598.45,0.00822276,6254.68,0.0,5.70304,12.6267,22.455,140.486,90.9268,77.357,71.6721,67.3518,64.5773,62.0267,59.6744,57.4982,54.7119,51.8501,47.2417,40.0655,31.0431,22.7658,11.2227,-1.0,-1.0,-1.0,-1.0,-1.0
-0.782,0.0,0.9577648639678955,0.0,1,-0.00913045,-0.00302988,0.00318209,0.0,0.0,0.0,0.0,0.333439,3598.45,0.00822276,6427.32,0.0,5.70304,12.6267,22.455,140.486,90.9268,77.357,71.6721,67.3518,64.5773,62.0267,59.6744,57.4982,54.7119,51.8501,47.2417,40.0655,31.0431,22.7658,11.2227,-1.0,-1.0,-1.0,-1.0,-1.0
-0.762,0.0,0.9683236479759216,0.0,1,-0.00913045,-0.00302988,0.00318209,0.0,0.0,0.0,0.0,0.333439,3598.45,0.00822276,6607.87,0.0,5.70304,12.6267,22.455,140.486,90.9268,77.357,71.6721,67.3518,64.5773,62.0267,59.6744,57.4982,54.7119,51.8501,47.2417,40.0655,31.0431,22.7658,11.2227,-1.0,-1.0,-1.0,-1.0,-1.0
-0.742,0.0,0.9762427359819412,0.0,1,-0.00913045,-0.00302988,0.00318209,0.0,0.0,0.0,0.0,0.333439,3598.45,0.00822276,6795.94,0.0,5.70304,12.6267,22.455,140.486,90.9268,77.357,71.6721,67.3518,64.5773,62.0267,59.6744,57.4982,54.7119,51.8501,47.2417,40.0655,31.0431,22.7658,11.2227,-1.0,-1.0,-1.0,-1.0,-1.0
-0.722,0.0,0.9821820519864559,0.0,1,-0.00913045,-0.00302988,0.00318209,0.0,0.0,0.0,0.0,0.333439,3598.45,0.00822276,6991.48,0.0,5.70304,12.6267,22.455,140.486,90.9268,77.357,71.6721,67.3518,64.5773,62.0267,59.6744,57.4982,54.7119,51.8501,47.2417,40.0655,31.0431,22.7658,11.2227,-1.0,-1.0,-1.0,-1.0,-1.0
-0.702,0.0,0.9866365389898419,0.0,1,-0.00913045,-0.00302988,0.00318209,0.0,0.0,0.0,0.0,0.333439,3598.45,0.00822276,7194.4,0.0,5.70304,12.6267,22.455,140.486,90.9268,77.357,71.6721,67.3518,64.5773,62.0267,59.6744,57.4982,54.7119,51.8501,47.2417,40.0655,31.0431,22.7658,11.2227,-1.0,-1.0,-1.0,-1.0,-1.0
-0.682,0.0,0.9899774042423815,0.0,1,-0.00913045,-0.00302988,0.00318209,0.0,0.0,0.0,0.0,0.333439,3598.45,0.00822276,7404.79,0.0,5.70304,12.6267,22.455,140.486,90.9268,77.357,71.6721,67.3518,64.5773,62.0267,59.6744,57.4982,54.7119,51.8501,47.2417,40.0655,31.0431,22.7658,11.2227,-1.0,-1.0,-1.0,-1.0,-1.0
-0.662,0.0,0.9924830531817861,0.0,1,-0.00913045,-0.00302988,0.00318209,0.0,0.0,0.0,0.0,0.333439,3598.45,0.00822276,7622.52,0.0,5.70304,12.6267,22.455,140.486,90.9268,77.357,71.6721,67.3518,64.5773,62.0267,59.6744,57.4982,54.7119,51.8501,47.2417,40.0655,31.0431,22.7658,11.2227,-1.0,-1.0,-1.0,-1.0,-1.0
-0.642,0.0,0.9943622898863396,0.0,1,-0.00913045,-0.00302988,0.00318209,0.0,0.0,0.0,0.0,0.333439,3598.45,0.00822276,7847.6,0.0,5.70304,12.6267,22.455,140.486,90.9268,77.357,71.6721,67.3518,64.5773,62.0267,59.6744,57.4982,54.7119,51.8501,47.2417,40.0655,31.0431,22.7658,11.2227,-1.0,-1.0,-1.0,-1.0,-1.0
-0.622,0.0,0.9957717174147547,0.0,1,-0.00913045,-0.00302988,0.00318209,0.0,0.0,0.0,0.0,0.333439,3598.45,0.00822276,8080.32,0.0,5.70304,12.6267,22.455,140.486,90.9268,77.357,71.6721,67.3518,64.5773,62.0267,59.6744,57.4982,54.7119,51.8501,47.2417,40.0655,31.0431,22.7658,11.2227,-1.0,-1.0,-1.0,-1.0,-1.0
-0.602,0.0,0.996828788061066,0.0,1,-0.00913045,-0.00302988,0.00318209,0.0,0.0,0.0,0.0,0.333439,3598.45,0.00822276,8320.94,0.0,5.70304,12.6267,22.455,140.486,90.9268,77.357,71.6721,67.3518,64.5773,62.0267,59.6744,57.4982,54.7119,51.8501,47.2417,40.0655,31.0431,22.7658,11.2227,-1.0,-1.0,-1.0,-1.0,-1.0
-0.582,0.0,0.9976215910457995,0.0,1,-0.00913045,-0.00302988,0.00318209,0.0,0.0,0.0,0.0,0.333439,3598.45,0.00822276,8569.49,0.0,5.70304,12.6267,22.455,140.486,90.9268,77.357,71.6721,67.3518,64.5773,62.0267,59.6744,57.4982,54.7119,51.8501,47.2417,40.0655,31.0431,22.7658,11.2227,-1.0,-1.0,-1.0,-1.0,-1.0
-0.562,0.0,0.9982161932843496,0.0,1,-0.00913045,-0.00302988,0.00318209,0.0,0.0,0.0,0.0,0.333439,3598.45,0.00822276,8826.23,0.0,5.70304,12.6267,22.455,140.486,90.9268,77.357,71.6721,67.3518,64.5773,62.0267,59.6744,57.4982,54.7119,51.8501,47.2417,40.0655,31.0431,22.7658,11.2227,-1.0,-1.0,-1.0,-1.0,-1.0
-0.542,0.0,0.9986621449632622,0.0,1,-0.00913045,-0.00302988,0.00318209,0.0,0.0,0.0,0.0,0.333439,3598.45,0.00822276,9091.17,0.0,5.70304,12.6267,22.455,140.486,90.9268,77.357,71.6721,67.3518,64.5773,62.0267,59.6744,57.4982,54.7119,51.8501,47.2417,40.0655,31.0431,22.7658,11.2227,-1.0,-1.0,-1.0,-1.0,-1.0
-0.522,0.0,0.9989966087224467,0.0,1,-0.00913045,-0.00302988,0.00318209,0.0,0.0,0.0,0.0,0.333439,3598.45,0.00822276,9364.86,0.0,5.70304,12.6267,22.455,140.486,90.9268,77.357,71.6721,67.3518,64.5773,62.0267,59.6744,57.4982,54.7119,51.8501,47.2417,40.0655,31.0431,22.7658,11.2227,-1.0,-1.0,-1.0,-1.0,-1.0
-0.502,0.0,0.999247456541835,0.0,1,-0.00913045,-0.00302988,0.00318209,0.0,0.0,0.0,0.0,0.333439,3598.45,0.00822276,9644.9,0.0,5.70304,12.6267,22.455,140.486,90.9268,77.357,71.6721,67.3518,64.5773,62.0267,59.6744,57.4982,54.7119,51.8501,47.2417,40.0655,31.0431,22.7658,11.2227,-1.0,-1.0,-1.0,-1.0,-1.0
-0.482,0.0,0.9994355924063762,0.0,1,-0.00913045,-0.00302988,0.00318209,0.0,0.0,0.0,0.0,0.333439,3598.45,0.00822276,9925.23,0.0,5.70304,12.6267,22.455,140.486,90.9268,77.357,71.6721,67.3518,64.5773,62.0267,59.6744,57.4982,54.7119,51.8501,47.2417,40.0655,31.0431,22.7658,11.2227,-1.0,-1.0,-1.0,-1.0,-1.0
-0.462,0.0,0.9995766943047821,0.0,1,-0.00913045,-0.00302988,0.00318209,0.0,0.0,0.0,0.0,0.333439,3598.45,0.00822276,10205.6,0.0,5.70304,12.6267,22.455,140.486,90.9268,77.357,71.6721,67.3518,64.5773,62.0267,59.6744,57.4982,54.7119,51.8501,47.2417,40.0655,31.0431,22.7658,11.2227,-1.0,-1.0,-1.0,-1.0,-1.0
-0.442,0.0,0.9996825207285867,0.0,1,-0.00913045,-0.00302988,0.00318209,0.0,0.0,0.0,0.0,0.333439,3598.45,0.00822276,10486.2,0.0,5.70304,12.6267,22.455,140.486,90.9268,77.357,71.6721,67.3518,64.5773,62.0267,59.6744,57.4982,54.7119,51.8501,47.2417,40.0655,31.0431,22.7658,11.2227,-1.0,-1.0,-1.0,-1.0,-1.0
-0.422,0.0,0.99976189054644,0.0,1,-0.00913045,-0.00302988,0.00318209,0.0,0.0,0.0,0.0,0.333439,3598.45,0.00822276,10766.8,0.0,5.70304,12.6267,22.455,140.486,90.9268,77.357,71.6721,67.3518,64.5773,62.0267,59.6744,57.4982,54.7119,51.8501,47.2417,40.0655,31.0431,22.7658,11.2227,-1.0,-1.0,-1.0,-1.0,-1.0
-0.402,0.0,0.99982141790983,0.0,1,-0.00913045,-0.00302988,0.00318209,0.0,0.0,0.0,0.0,0.333439,3598.45,0.00822276,11047.5,0.0,5.70304,12.6267,22.455,140.486,90.9268,77.357,71.6721,67.3518,64.5773,62.0267,59.6744,57.4982,54.7119,51.8501,47.2417,40.0655,31.0431,22.7658,11.2227,-1.0,-1.0,-1.0,-1.0,-1.0
-0.382,0.0,0.9998660634323725,0.0,1,-0.00913045,-0.00302988,0.00318209,0.0,0.0,0.0,0.0,0.333439,3598.45,0.00822276,11328.1,0.0,5.70304,12.6267,22.455,140.486,90.9268,77.357,71.6721,67.3518,64.5773,62.0267,59.6744,57.4982,54.7119,51.8501,47.2417,40.0655,31.0431,22.7658,11.2227,-1.0,-1.0,-1.0,-1.0,-1.0
-0.362,0.0,0.9998995475742793,0.0,1,-0.00913045,-0.00302988,0.00318209,0.0,0.0,0.0,0.0,0.333439,3598.45,0.00822276,11608.8,0.0,5.70304,12.6267,22.455,140.486,90.9268,77.357,71.6721,67.3518,64.5773,62.0267,59.6744,57.4982,54.7119,51.8501,47.2417,40.0655,31.0431,22.7658,11.2227,-1.0,-1.0,-1.0,-1.0,-1.0
-0.342,0.0,0.9999246606807095,0.0,1,-0.00913045,-0.00302988,0.00318209,0.0,0.0,0.0,0.0,0.333439,3598.45,0.00822276,11889.4,0.0,5.70304,12.6267,22.455,140.486,90.9268,77.357,71.6721,67.3518,64.5773,62.0267,59.6744,57.4982,54.7119,51.8501,47.2417,40.0655,31.0431,22.7658,11.2227,-1.0,-1.0,-1.0,-1.0,-1.0
-0.322,0.0,0.9999434955105322,0.0,1,-0.00913045,-0.00302988,0.00318209,0.0,0.0,0.0,0.0,0.333439,3598.45,0.00822276,12170.0,0.0,5.70304,12.6267,22.455,140.486,90.9268,77.357,71.6721,67.3518,64.5773,62.0267,59.6744,57.4982,54.7119,51.8501,47.2417,40.0655,31.0431,22.7658,11.2227,-1.0,-1.0,-1.0,-1.0,-1.0
-0.302,0.0,0.9999576216328991,0.0,1,-0.00913045,-0.00302988,0.00318209,0.0,0.0,0.0,0.0,0.333439,3598.45,0.00822276,12450.7,0.0,5.70304,12.6267,22.455,140.486,90.9268,77.357,71.6721,67.3518,64.5773,62.0267,59.6744,57.4982,54.7119,51.8501,47.2417,40.0655,31.0431,22.7658,11.2227,-1.0,-1.0,-1.0,-1.0,-1.0
-0.282,0.0,0.9999682162246744,0.0,1,-0.00913045,-0.00302988,0.00318209,0.0,0.0,0.0,0.0,0.333439,3598.45,0.00822276,12731.5,0.0,5.70304,12.6267,22.455,140.486,90.9268,77.357,71.6721,67.3518,64.5773,62.0267,59.6744,57.4982,54.7119,51.8501,47.2417,40.0655,31.0431,22.7658,11.2227,-1.0,-1.0,-1.0,-1.0,-1.0
-0.262,0.0,0.9999761621685057,0.0,1,-0.00913045,-0.00302988,0.00318209,0.0,0.0,0.0,0.0,0.333439,3598.45,0.00822276,13013.3,0.0,5.70304,12.6267,22.455,140.486,90.9268,77.357,71.6721,67.3518,64.5773,62.0267,59.6744,57.4982,54.7119,51.8501,47.2417,40.0655,31.0431,22.7658,11.2227,-1.0,-1.0,-1.0,-1.0,-1.0
-0.242,0.0,0.9999821216263793,0.0,1,-0.00913045,-0.00302988,0.00318209,0.0,0.0,0.0,0.0,0.333439,3598.45,0.00822276,13296.2,0.0,5.70304,12.6267,22.455,140.486,90.9268,77.357,71.6721,67.3518,64.5773,62.0267,59.6744,57.4982,54.7119,51.8501,47.2417,40.0655,31.0431,22.7658,11.2227,-1.0,-1.0,-1.0,-1.0,-1.0
-0.222,0.0,0.9999865912197845,0.0,1,-0.00913045,-0.00302988,0.00318209,0.0,0.0,0.0,0.0,0.333439,3598.45,0.00822276,13580.2,0.0,5.70304,12.6267,22.455,140.486,90.9268,77.357,71.6721,67.3518,64.5773,62.0267,59.6744,57.4982,54.7119,51.8501,47.2417,40.0655,31.0431,22.7658,11.2227,-1.0,-1.0,-1.0,-1.0,-1.0
-0.202,0.0,0.9999899434148384,0.0,1,-0.00913045,-0.00302988,0.00318209,0.0,0.0,0.0,0.0,0.333439,3598.45,0.00822276,13865.4,0.0,5.70304,12.6267,22.455,140.486,90.9268,77.357,71.6721,67.3518,64.5773,62.0267,59.6744,57.4982,54.7119,51.8501,47.2417,40.0655,31.0431,22.7658,11.2227,-1.0,-1.0,-1.0,-1.0,-1.0
-0.182,0.0,0.9999924575611288,0.0,1,-0.00913045,-0.00302988,0.00318209,0.0,0.0,0.0,0.0,0.333439,3598.45,0.00822276,14151.6,0.0,5.70304,12.6267,22.455,140.486,90.9268,77.357,71.6721,67.3518,64.5773,62.0267,59.6744,57.4982,54.7119,51.8501,47.2417,40.0655,31.0431,22.7658,11.2227,-1.0,-1.0,-1.0,-1.0,-1.0
-0.162,0.0,0.9999943431708466,0.0,1,-0.00913045,-0.00302988,0.00318209,0.0,0.0,0.0,0.0,0.333439,3598.45,0.00822276,14439.0,0.0,5.70304,12.6267,22.455,140.486,90.9268,77.357,71.6721,67.3518,64.5773,62.0267,59.6744,57.4982,54.7119,51.8501,47.2417,40.0655,31.0431,22.7658,11.2227,-1.0,-1.0,-1.0,-1.0,-1.0
-0.142,0.0,0.999995757378135,0.0,1,-0.00913045,-0.00302988,0.00318209,0.0,0.0,0.0,0.0,0.333439,3598.45,0.00822276,14727.6,0.0,5.70304,12.6267,22.455,140.486,90.9268,77.357,71.6721,67.3518,64.5773,62.0267,59.6744,57.4982,54.7119,51.8501,47.2417,40.0655,31.0431,22.7658,11.2227,-1.0,-1.0,-1.0,-1.0,-1.0
-0.122,0.0,0.9999968180336012,0.0,1,-0.00913045,-0.00302988,0.00318209,0.0,0.0,0.0,0.0,0.333439,3598.45,0.00822276,15017.2,0.0,5.70304,12.6267,22.455,140.486,90.9268,77.357,71.6721,67.3518,64.5773,62.0267,59.6744,57.4982,54.7119,51.8501,47.2417,40.0655,31.0431,22.7658,11.2227,-1.0,-1.0,-1.0,-1.0,-1.0
-0.102,0.0,0.9999976135252009,0.0,1,-0.00913045,-0.00302988,0.00318209,0.0,0.0,0.0,0.0,0.333439,3598.45,0.00822276,15308.1,0.0,5.70304,12.6267,22.455,140.486,90.9268,77.357,71.6721,67.3518,64.5773,62.0267,59.6744,57.4982,54.7119,51.8501,47.2417,40.0655,31.0431,22.7658,11.2227,-1.0,-1.0,-1.0,-1.0,-1.0
-0.082,0.0,0.9999982101439007,0.0,1,-0.00913045,-0.00302988,0.00318209,0.0,0.0,0.0,0.0,0.333439,3598.45,0.00822276,15600.0,0.0,5.70304,12.6267,22.455,140.486,90.9268,77.357,71.6721,67.3518,64.5773,62.0267,59.6744,57.4982,54.7119,51.8501,47.2417,40.0655,31.0431,22.7658,11.2227,-1.0,-1.0,-1.0,-1.0,-1.0
-0.062,0.0,0.9999986576079255,0.0,1,-0.00913045,-0.00302988,0.00318209,0.0,0.0,0.0,0.0,0.333439,3598.45,0.00822276,15893.1,0.0,5.70304,12.6267,22.455,140.486,90.9268,77.357,71.6721,67.3518,64.5773,62.0267,59.6744,57.4982,54.7119,51.8501,47.2417,40.0655,31.0431,22.7658,11.2227,-1.0,-1.0,-1.0,-1.0,-1.0
-0.042,0.0,0.9999989932059441,0.0,1,-0.00913045,-0.00302988,0.00318209,0.0,0.0,0.0,0.0,0.333439,3598.45,0.00822276,16187.4,0.0,5.70304,12.6267,22.455,140.486,90.9268,77.357,71.6721,67.3518,64.5773,62.0267,59.6744,57.4982,54.7119,51.8501,47.2417,40.0655,31.0431,22.7658,11.2227,-1.0,-1.0,-1.0,-1.0,-1.0
-0.022,0.0,0.9999992449044581,0.0,1,-0.00913045,-0.00302988,0.00318209,0.0,0.0,0.0,0.0,0.333439,3598.45,0.00822276,16482.9,0.0,5.70304,12.6267,22.455,140.486,90.9268,77.357,71.6721,67.3518,64.5773,62.0267,59.6744,57.4982,54.7119,51.8501,47.2417,40.0655,31.0431,22.7658,11.2227,-1.0,-1.0,-1.0,-1.0,-1.0
0.018,0.0,0.9999994336783435,0.0,1,-0.0164474,0.0138417,0.00255635,0.80206,-0.812382,1.05351,-1.08385,0.33345,3598.45,0.00871628,17076.6,0.0,5.70582,12.646,22.5471,139.767,90.6271,77.1409,71.4869,67.1886,64.4275,61.8889,59.547,57.3803,54.6054,51.7547,47.163,40.0057,31.0007,22.7402,11.2174,4.00067,3.99945,3.99945,4.00067,4.00311
0.038,0.0,0.9999995752587576,0.0,1,0.262758,-0.0212381,0.00406255,-0.546556,0.272018,-0.533746,-0.417466,0.333443,3598.45,0.00863188,5249.36,0.0,5.70538,12.6429,22.5322,139.887,90.6766,77.1764,71.5172,67.2154,64.4521,61.9113,59.5677,57.3994,54.6227,51.7701,47.1756,40.0153,31.0075,22.7444,11.2182,-1.0,-1.0,-1.0,-1.0,-1.0
0.058,0.0,0.9999996814440681,0.0,1,0.145571,-0.00120558,0.00536273,0.748957,-0.127195,0.756253,0.813636,0.333433,3598.45,0.00866812,5264.23,0.0,5.70568,12.6445,22.5403,139.832,90.6526,77.1589,71.5022,67.202,64.4397,61.9,59.5573,57.3896,54.6139,51.762,47.169,40.0101,31.0038,22.7422,11.2177,-1.0,-1.0,-1.0,-1.0,-1.0
0.078,0.0,0.9999997610830511,0.0,1,0.294096,0.00544339,0.00461255,-0.654191,0.502911,-0.545923,-0.545923,0.333433,3598.45,0.00864476,5235.99,0.0,5.70555,12.6436,22.5367,139.862,90.6652,77.1676,71.5098,67.2084,64.4456,61.9054,59.5623,57.3943,54.6178,51.7655,47.1717,40.0122,31.0054,22.7432,11.218,-1.0,-1.0,-1.0,-1.0,-1.0
0.098,0.0,0.9999998208122883,0.0,1,0.756854,-0.00165354,0.00702814,1.6084,1.31875,4.72949,4.72949,0.333443,3598.45,0.0087611,5235.99,0.0,5.70613,12.6482,22.5598,139.689,90.5914,77.1143,71.4636,67.1678,64.408,61.8708,59.5302,57.3643,54.5908,51.7412,47.1516,39.9967,30.9946,22.7368,11.2168,-1.0,-1.0,-1.0,-1.0,-1.0
0.118,0.0,0.9999998656092163,0.0,1,1.62896,0.0105739,0.0186242,2.28475,2.15239,5.88469,5.88469,0.333438,3598.46,0.00885695,5235.99,0.0,5.70674,12.6524,22.5831,139.534,90.5234,77.0635,71.4198,67.1286,64.3718,61.837,59.4987,57.3351,54.5639,51.7169,47.1311,39.9809,30.9836,22.7305,11.2157,-1.0,-1.0,-1.0,-1.0,-1.0
0.138,0.0,0.9999998992069122,0.0,1,2.62101,0.00751287,0.0373963,1.90873,1.83835,6.34656,6.34656,0.333427,3598.47,0.00888222,5235.99,0.0,5.70698,12.6541,22.597,139.471,90.4905,77.0375,71.3964,67.1074,64.3518,61.8182,59.4807,57.318,54.5481,51.702,47.1181,39.9703,30.9767,22.7268,11.2153,-1.0,-1.0,-1.0,-1.0,-1.0
0.158,0.0,0.9999999244051841,0.0,1,3.55222,0.0056153,0.0584819,2.75421,3.16316,6.44536,6.44536,0.333405,3598.49,0.00889176,5235.99,0.0,5.70722,12.6557,22.612,139.418,90.4596,77.0121,71.3729,67.0856,64.331,61.7983,59.4617,57.2996,54.5307,51.6858,47.1034,39.9584,30.9689,22.7229,11.215,-1.0,-1.0,-1.0,-1.0,-1.0
0.178,0.0,0.9999999433038881,0.0,1,4.46996,0.00361399,0.076868,3.70403,3.98263,6.88997,6.88997,0.333372,3598.51,0.00890416,5235.99,0.0,5.70757,12.6579,22.6321,139.349,90.419,76.9786,71.3424,67.0571,64.3038,61.7724,59.4368,57.2759,54.5083,51.6647,47.0844,39.9429,30.9589,22.7177,11.2146,-1.0,-1.0,-1.0,-1.0,-1.0
0.198,0.0,0.999999957477916,0.0,1,5.36914,0.00289743,0.0892493,4.53486,4.84223,7.57428,7.57428,0.333332,3598.54,0.00890654,5235.99,0.0,5.70793,12.6601,22.654,139.284,90.3775,76.9434,71.3096,67.0265,64.2745,61.7443,59.4099,57.2498,54.4836,51.6411,47.0629,39.9256,30.9477,22.7121,11.2143,-1.0,-1.0,-1.0,-1.0,-1.0
0.218,0.0,0.999999968108437,0.0,1,6.24341,0.00265125,0.0934754,5.31353,5.75461,8.53308,8.53308,0.333284,3598.57,0.0089032,5235.99,0.0,5.70832,12.6624,22.6789,139.216,90.3322,76.9046,71.2737,66.9923,64.2416,61.7127,59.3796,57.2207,54.4556,51.6148,47.0388,39.9058,30.935,22.7057,11.2139,-1.0,-1.0,-1.0,-1.0,-1.0
0.238,0.0,0.9999999760813278,0.0,1,7.08692,0.00185817,0.0913364,6.04249,6.80809,9.82852,9.82852,0.333229,3598.61,0.00889319,5235.99,0.0,5.70873,12.6649,22.7067,139.147,90.2836,76.8625,71.2344,66.9552,64.2061,61.6783,59.3463,57.1885,54.4249,51.5856,47.012,39.8839,30.9209,22.6987,11.2135,-1.0,-1.0,-1.0,-1.0,-1.0
0.26,0.0,0.9999999820609959,0.0,1,7.99721,-0.00188561,0.091198,7.6313,7.35208,11.4691,11.4691,0.33316,3598.66,0.00890225,5235.99,0.0,5.70938,12.6689,22.7459,139.028,90.21,76.8006,71.1774,66.9019,64.1548,61.6292,59.2993,57.1433,54.382,51.545,46.9753,39.8538,30.9014,22.6888,11.2129,-1.0,-1.0,-1.0,-1.0,-1.0
0.28,0.0,0.999999986545747,0.0,1,8.83689,-0.0020888,0.0962726,8.42956,7.84933,13.0244,13.0244,0.33309,3598.7,0.00890702,5235.99,0.0,5.71,12.6728,22.7851,138.915,90.1382,76.7399,71.121,66.8493,64.1046,61.581,59.2528,57.0985,54.3395,51.5048,46.9387,39.8239,30.8821,22.679,11.2122,-1.0,-1.0,-1.0,-1.0,-1.0
0.3,0.0,0.9999999899093102,0.0,1,9.67679,-0.00127746,0.106762,9.0426,8.51724,14.5553,14.5553,0.333013,3598.75,0.0089094,5235.99,0.0,5.71067,12.6771,22.8282,138.795,90.0611,76.6746,71.0605,66.7923,64.05,61.5286,59.2024,57.05,54.2933,51.4611,46.8988,39.7914,30.8611,22.6684,11.2115,-1.0,-1.0,-1.0,-1.0,-1.0
0.32,0.0,0.9999999924319827,0.0,1,10.5183,-0.00040928,0.121145,9.61987,9.29965,16.0256,16.0256,0.332929,3598.81,0.00890749,5235.99,0.0,5.71138,12.6817,22.8748,138.671,89.9799,76.6052,70.9962,66.7318,63.992,61.4727,59.1487,56.9983,54.244,51.4143,46.8562,39.7567,30.8387,22.657,11.2109,-1.0,-1.0,-1.0,-1.0,-1.0
0.34,0.0,0.999999994323987,0.0,1,11.36,7.90087e-05,0.137454,10.2851,10.1683,17.4272,17.4272,0.332838,3598.87,0.00890463,5235.99,0.0,5.71214,12.6867,22.9257,138.538,89.8927,76.5305,70.927,66.6665,63.9294,61.4127,59.0909,56.9425,54.1911,51.364,46.8102,39.7191,30.8143,22.6446,11.2101,-1.0,-1.0,-1.0,-1.0,-1.0
0.36,0.0,0.9999999957429903,0.0,1,12.2032,0.00010025,0.153416,11.0571,11.0383,18.7766,18.7766,0.332741,3598.94,0.00890177,5235.99,0.0,5.71296,12.6922,22.9815,138.393,89.7985,76.4497,70.8523,66.5961,63.8619,61.3478,59.0285,56.8823,54.1337,51.3096,46.7606,39.6783,30.788,22.6313,11.2093,-1.0,-1.0,-1.0,-1.0,-1.0
0.38,0.0,0.9999999968072427,0.0,1,13.0496,-6.79665e-05,0.168224,11.875,11.8708,20.0907,20.0907,0.332637,3599.01,0.00890034,5235.99,0.0,5.71384,12.6983,23.0423,138.238,89.696,76.3629,70.7716,66.5202,63.7891,61.2779,58.961,56.8175,54.072,51.2511,46.7072,39.6348,30.7598,22.6168,11.2085,-1.0,-1.0,-1.0,-1.0,-1.0
0.4,0.0,0.999999997605432,0.0,1,13.8998,-0.00020493,0.181969,12.6866,12.678,21.3739,21.3739,0.332525,3599.08,0.00889891,5235.99,0.0,5.71479,12.7049,23.1088,138.07,89.5868,76.2699,70.6853,66.4392,63.7113,61.2031,58.8893,56.7481,54.006,51.1884,46.6503,39.5881,30.7294,22.6014,11.2076,-1.0,-1.0,-1.0,-1.0,-1.0
0.42,0.0,0.999999998204074,0.0,1,14.7524,-0.000261802,0.19425,13.4797,13.4735,22.6355,22.6355,0.332407,3599.16,0.00889796,5235.99,0.0,5.7158,12.7122,23.1811,137.891,89.4708,76.1708,70.5935,66.3528,63.6285,61.1236,58.8126,56.6742,53.9358,51.1218,46.5896,39.5384,30.6972,22.5849,11.2066,-1.0,-1.0,-1.0,-1.0,-1.0
0.44,0.0,0.9999999986530556,0.0,1,15.6064,-0.000280387,0.205044,14.2625,14.2605,23.8859,23.8859,0.332282,3599.25,0.00889748,5235.99,0.0,5.71687,12.72,23.2587,137.701,89.3474,76.0658,70.4961,66.2613,63.5407,61.0392,58.7315,56.5958,53.8612,51.0513,46.5251,39.4857,30.663,22.5673,11.2055,-1.0,-1.0,-1.0,-1.0,-1.0
0.46,0.0,0.9999999989897916,0.0,1,16.4607,-0.000296555,0.214606,15.0429,15.0425,25.1338,25.1338,0.33215,3599.34,0.00889653,5235.99,0.0,5.718,12.7286,23.3428,137.501,89.2172,75.9549,70.3933,66.1645,63.4478,60.95,58.6458,56.5133,53.7826,50.9768,46.4572,39.43,30.6268,22.5486,11.2044,-1.0,-1.0,-1.0,-1.0,-1.0
0.48,0.0,0.9999999992423437,0.0,1,17.3145,-0.000316062,0.223393,15.8231,15.8229,26.3853,26.3853,0.33201,3599.43,0.00889557,5235.99,0.0,5.71918,12.7379,23.4334,137.29,89.0801,75.8379,70.2849,66.0629,63.3502,60.8564,58.5556,56.4264,53.6998,50.8982,46.3857,39.3713,30.5886,22.5289,11.2033,-1.0,-1.0,-1.0,-1.0,-1.0
0.502,0.0,0.9999999994317578,0.0,1,18.2529,-0.000337152,0.232896,16.681,16.6808,27.7681,27.7681,0.331848,3599.54,0.00889462,5235.99,0.0,5.72057,12.7488,23.5412,137.045,88.9212,75.7026,70.1595,65.9448,63.2372,60.7476,58.4508,56.3255,53.6038,50.8075,46.3028,39.3032,30.5442,22.5059,11.2019,-1.0,-1.0,-1.0,-1.0,-1.0
0.522,0.0,0.9999999995738184,0.0,1,19.1055,-0.000357652,0.242033,17.4606,17.4604,29.0286,29.0286,0.331693,3599.64,0.00889366,5235.99,0.0,5.72188,12.7596,23.6467,136.812,88.7696,75.5734,70.0396,65.8322,63.1292,60.6437,58.351,56.2294,53.5122,50.7203,46.2236,39.2384,30.5018,22.4839,11.2006,-1.0,-1.0,-1.0,-1.0,-1.0
0.542,0.0,0.9999999996803638,0.0,1,19.9581,-0.000379226,0.251845,18.2401,18.2399,30.3213,30.3213,0.331532,3599.75,0.00889271,5334.23,0.0,5.72326,12.7712,23.7605,136.568,88.6107,75.4382,69.9144,65.7144,63.0162,60.5355,58.2465,56.1289,53.4164,50.6297,46.1409,39.1703,30.4573,22.4607,11.1993,-1.0,-1.0,-1.0,-1.0,-1.0
0.562,0.0,0.9999999997602729,0.0,1,20.8117,-0.000402563,0.262202,19.0202,19.02,32.1515,32.1515,0.331363,3599.87,0.00889176,5662.3,0.0,5.7247,12.7837,23.8821,136.314,88.4454,75.2974,69.7837,65.5916,62.8983,60.4221,58.1375,56.0239,53.3164,50.535,46.0544,39.0995,30.411,22.4364,11.1979,-1.0,-1.0,-1.0,-1.0,-1.0
0.582,0.0,0.9999999998202047,0.0,1,21.6696,-0.000428929,0.27304,19.8036,19.8033,34.9445,34.9445,0.331188,3599.98,0.0088908,6162.73,0.0,5.72619,12.797,24.0133,136.048,88.2728,75.1504,69.6477,65.4636,62.7757,60.304,58.024,55.9145,53.2126,50.4363,45.9645,39.0254,30.3625,22.411,11.1964,-1.0,-1.0,-1.0,-1.0,-1.0
0.602,0.0,0.9999999998651535,0.0,1,22.5371,-0.000461243,0.284225,20.5947,20.5944,39.1638,39.1638,0.331005,3600.11,0.00888937,6918.3,0.0,5.72775,12.8113,24.1546,135.772,88.0933,74.9977,69.506,65.3304,62.6479,60.1815,57.906,55.8006,53.1042,50.3337,45.871,38.9486,30.3119,22.3843,11.1949,-1.0,-1.0,-1.0,-1.0,-1.0
0.622,0.0,0.9999999998988651,0.0,1,23.423,-0.000501144,0.295736,21.4009,21.4006,45.4766,45.4766,0.330816,3600.23,0.00888794,8048.23,0.0,5.72937,12.8267,24.3062,135.486,87.9071,74.8388,69.3588,65.1921,62.5151,60.054,57.7834,55.6823,52.9915,50.2268,45.7737,38.8685,30.2594,22.3565,11.1933,-1.0,-1.0,-1.0,-1.0,-1.0
0.642,0.0,0.9999999999241489,0.0,1,24.3428,-0.000550835,0.307902,22.2349,22.2346,54.812,54.812,0.330618,3600.37,0.00888651,9715.27,0.0,5.73105,12.8432,24.47,135.188,87.7135,74.6738,69.2057,65.0481,62.3773,59.9214,57.6558,55.5595,52.8746,50.116,45.6727,38.7852,30.2046,22.3274,11.1917,-1.0,-1.0,-1.0,-1.0,-1.0
0.662,0.0,0.9999999999431117,0.0,1,25.2882,-0.000612413,0.320862,23.0964,23.096,65.6416,65.6416,0.330413,3600.51,0.00888508,11614.8,0.0,5.73279,12.8608,24.6469,134.879,87.5121,74.5024,69.0466,64.8988,62.2339,59.7837,57.5233,55.4317,52.753,50.0009,45.5676,38.6987,30.1476,22.297,11.1899,-1.0,-1.0,-1.0,-1.0,-1.0
0.682,0.0,0.9999999999573338,0.0,1,26.2392,-0.000680547,0.334144,23.9632,23.9627,76.451,76.451,0.3302,3600.65,0.00888317,13513.5,0.0,5.73461,12.8797,24.8387,134.558,87.3033,74.3244,68.8816,64.7434,62.0853,59.6408,57.3857,55.2991,52.6268,49.8813,45.4585,38.6088,30.0883,22.2653,11.1882,-1.0,-1.0,-1.0,-1.0,-1.0
0.702,0.0,0.9999999999680004,0.0,1,27.1944,-0.000756461,0.347262,24.8343,24.8338,87.7238,87.7238,0.329979,3600.8,0.00888079,15497.1,0.0,5.73649,12.8999,25.0468,134.225,87.0864,74.1399,68.7108,64.5828,61.9311,59.4927,57.2432,55.1616,52.4962,49.7571,45.3456,38.5154,30.0266,22.2322,11.1862,-1.0,-1.0,-1.0,-1.0,-1.0
0.722,0.0,0.9999999999760003,0.0,1,28.1521,-0.000840638,0.359855,25.7082,25.7077,99.5769,99.5769,0.32975,3600.95,0.00887888,17581.0,0.0,5.73843,12.9216,25.273,133.881,86.8627,73.9489,68.5338,64.4165,61.7714,59.3392,57.0956,55.0194,52.3607,49.6288,45.2285,38.4188,29.9625,22.1977,11.1839,-1.0,-1.0,-1.0,-1.0,-1.0
0.742,0.0,0.9999999999820002,0.0,1,29.1105,-0.00093408,0.371725,26.5835,26.5829,111.355,111.355,0.329514,3601.11,0.00887602,19636.7,0.0,5.74045,12.9447,25.5194,133.525,86.6309,73.7514,68.3508,64.2443,61.6063,59.1806,56.943,54.8723,52.2206,49.496,45.1074,38.3188,29.8962,22.1617,11.1814,-1.0,-1.0,-1.0,-1.0,-1.0
0.762,0.0,0.9999999999865001,0.0,1,30.0688,-0.00103091,0.38191,27.4579,27.4561,110.576,110.576,0.329269,3601.28,0.00887316,19714.5,0.0,5.74252,12.9695,25.7893,133.157,86.3915,73.5473,68.1614,64.0665,61.4357,59.0167,56.7852,54.7204,52.0758,49.3589,44.9823,38.2154,29.8274,22.1243,11.1785,-1.0,-1.0,-1.0,-1.0,-1.0
0.782,0.0,0.9999999999898751,0.0,2,31.0262,-0.00109989,0.384882,28.3301,28.3294,110.283,110.283,0.329017,3601.45,0.0088703,19665.3,0.0,5.74466,12.9959,26.0854,132.778,86.1441,73.3367,67.966,63.8829,61.2595,58.8475,56.6223,54.5633,51.9264,49.2171,44.8532,38.1085,29.7563,22.0855,11.1753,-1.0,-1.0,-1.0,-1.0,-1.0
0.802,0.0,0.9999999999924063,0.0,2,31.9822,-0.00111165,0.386611,29.2041,29.2035,97.8094,97.8018,0.328758,3601.62,0.00886792,14114.1,0.0,5.74687,13.0242,26.4125,132.385,85.8889,73.1193,67.7644,63.6932,61.0778,58.6728,56.4541,54.4012,51.7724,49.071,44.72,37.9981,29.6827,22.0451,11.1718,-1.0,-1.0,-1.0,-1.0,-1.0
0.822,0.0,0.9999999999943048,0.0,2,32.9375,-0.00110394,0.390068,30.0787,30.0781,84.5273,84.5138,0.328489,3601.8,0.00886601,14094.7,0.0,5.74915,13.0543,26.7752,131.981,85.6258,72.8952,67.5566,63.4978,60.8903,58.4928,56.2809,54.2343,51.6133,48.9204,44.5826,37.8842,29.6066,22.0031,11.1678,-1.0,-1.0,-1.0,-1.0,-1.0
0.842,0.0,0.9999999999957285,0.0,2,33.8928,-0.00110298,0.396551,30.9536,30.953,71.231,71.2099,0.328213,3601.99,0.00886362,9209.9,0.0,5.7515,13.0864,27.1816,131.564,85.355,72.6643,67.3427,63.2965,60.6973,58.3074,56.1025,54.0623,51.4497,48.7651,44.4411,37.7669,29.528,21.9596,11.1635,-1.0,-1.0,-1.0,-1.0,-1.0
0.862,0.0,0.9999999999967963,0.0,2,34.84,-0.0011144,0.405654,31.8206,31.8199,76.2418,76.2418,0.32793,3602.18,0.00886124,9983.9,0.0,5.75391,13.1207,27.6405,131.137,85.0763,72.4271,67.1227,63.0896,60.4988,58.1168,55.9192,53.8856,51.2813,48.6058,44.2958,37.6463,29.447,21.9146,11.1587,-1.0,-1.0,-1.0,-1.0,-1.0
0.882,0.0,0.9999999999975973,0.0,2,35.7982,-0.00113442,0.416922,32.6955,32.6948,81.459,81.459,0.32764,3602.38,0.00885886,10664.3,0.0,5.75639,13.1571,28.167,130.696,84.7903,72.1831,66.8965,62.8774,60.295,57.9209,55.7306,53.7041,51.1085,48.442,44.1463,37.5221,29.3637,21.868,11.1535,-1.0,-1.0,-1.0,-1.0,-1.0
0.902,0.0,0.9999999999981979,0.0,2,36.7597,-0.00116286,0.429756,33.5735,33.5728,86.6259,86.6259,0.327341,3602.58,0.00885599,11338.3,0.0,5.75893,13.1959,28.7817,130.244,84.4959,71.9325,66.6644,62.659,60.0858,57.7198,55.5369,53.5174,50.931,48.2735,43.9932,37.3945,29.2777,21.8198,11.1479,-1.0,-1.0,-1.0,-1.0,-1.0
0.922,0.0,0.9999999999986484,0.0,2,37.7242,-0.00119963,0.44343,34.4538,34.4531,91.7475,91.7475,0.327033,3602.78,0.00885361,12006.3,0.0,5.76155,13.2373,29.5219,129.78,84.1942,71.6756,66.4261,62.4349,59.8708,57.5132,55.3383,53.326,50.7486,48.1008,43.8354,37.2633,29.1892,21.7698,11.1416,-1.0,-1.0,-1.0,-1.0,-1.0
0.942,0.0,0.9999999999989864,0.0,2,38.6915,-0.00124418,0.457447,35.3367,35.3359,96.8253,96.8253,0.326718,3603.0,0.00885075,12668.8,0.0,5.76423,13.2813,30.4591,129.304,83.8845,71.4115,66.1813,62.2049,59.6501,57.3014,55.1345,53.1294,50.5616,47.9233,43.6738,37.1286,29.098,21.7182,11.1349,-1.0,-1.0,-1.0,-1.0,-1.0
0.962,0.0,0.9999999999992397,0.0,2,39.6613,-0.00129405,0.471281,36.2217,36.2209,101.965,101.965,0.326395,3603.21,0.00884789,13340.5,0.0,5.76698,13.3281,31.7813,128.816,83.5672,71.1412,65.9308,61.9691,59.4241,57.0842,54.9254,52.9281,50.3699,47.7416,43.5082,36.9904,29.0044,21.6649,11.1276,-1.0,-1.0,-1.0,-1.0,-1.0
0.982,0.0,0.9999999999994298,0.0,2,40.633,-0.00135284,0.484644,37.1087,37.1078,107.25,107.25,0.326065,3603.44,0.00884503,14031.1,0.0,5.76979,13.3778,200.0,128.316,83.242,70.864,65.6738,61.7275,59.1926,56.8617,54.7113,52.7214,50.1734,47.5554,43.3382,36.8487,28.9082,21.6098,11.1198,-1.0,-1.0,-1.0,-1.0,-1.0
1.004,0.0,0.9999999999995723,0.0,2,41.7038,-0.00142584,0.498653,38.0862,38.0853,113.242,113.242,0.325691,3603.69,0.00884169,14814.2,0.0,5.77297,13.4362,200.0,127.752,82.8747,70.5515,65.3839,61.4549,58.9312,56.6105,54.4696,52.4886,49.9517,47.3452,43.1467,36.6887,28.7992,21.5471,11.1104,-1.0,-1.0,-1.0,-1.0,-1.0
1.024,0.0,0.9999999999996793,0.0,2,42.6784,-0.00149888,0.510626,38.9763,38.9753,118.862,118.862,0.325344,3603.92,0.00883835,15548.8,0.0,5.77592,13.4927,200.0,127.227,82.5332,70.2603,65.1139,61.2015,58.6878,56.3767,54.2447,52.2718,49.7453,47.1495,42.9684,36.5394,28.6974,21.4883,11.1012,4.04931,4.04809,4.04809,4.04934,4.05181
1.044,0.0,0.9999999999997594,0.0,2,43.6542,-0.00157965,0.522029,39.8675,39.8665,124.655,124.655,0.32499,3604.16,0.00883501,16305.9,0.0,5.77893,13.5527,200.0,126.689,82.1834,69.9623,64.8379,60.9419,58.4388,56.1374,54.0144,52.0499,49.5343,46.9492,42.7859,36.3866,28.593,21.4276,11.0914,-1.0,-1.0,-1.0,-1.0,-1.0
1.064,0.0,0.9999999999998196,0.0,2,44.6043,-0.00195648,0.513579,40.7436,40.7421,130.967,130.967,0.324627,3604.41,0.00882786,17133.0,0.0,5.78204,13.6163,200.0,126.145,81.828,69.6593,64.5568,60.6772,58.1851,55.8937,53.7797,51.8239,49.3187,46.7454,42.5996,36.2304,28.486,21.3652,11.0809,-1.0,-1.0,-1.0,-1.0,-1.0
1.084,0.0,0.9999999999998647,0.0,2,45.5566,-0.00217834,0.507157,41.6115,41.6103,137.299,137.299,0.324256,3604.66,0.00882214,17958.3,0.0,5.7857,13.6839,200.0,125.587,81.4641,69.349,64.2689,60.4068,57.9256,55.6444,53.54,51.5926,49.0986,46.5365,42.4096,36.0708,28.3763,21.3008,11.0696,-1.0,-1.0,-1.0,-1.0,-1.0
1.104,0.0,0.9999999999998985,0.0,2,46.5185,-0.00233739,0.506521,42.4886,42.4874,143.492,143.492,0.323878,3604.92,0.00881642,18765.8,0.0,5.79007,13.7557,200.0,125.015,81.0922,69.0319,63.9751,60.1304,57.6606,55.3897,53.2947,51.3563,48.8739,46.3234,42.2151,35.9074,28.2639,21.2345,11.0575,-1.0,-1.0,-1.0,-1.0,-1.0
1.124,0.0,0.9999999999999238,0.0,2,47.4876,-0.00252607,0.509891,43.3724,43.3709,149.173,149.173,0.323492,3605.18,0.00881022,19500.3,0.0,5.79524,13.8318,200.0,124.433,80.7128,68.7084,63.675,59.8484,57.39,55.1298,53.0445,51.1151,48.6443,46.1056,42.0167,35.7405,28.1487,21.1663,11.0448,-1.0,-1.0,-1.0,-1.0,-1.0
1.144,0.0,0.9999999999999429,0.0,3,48.4647,-0.00275322,0.517546,44.2632,44.2616,148.296,148.296,0.323097,3605.44,0.00880354,19505.2,0.0,5.8012,13.9126,200.0,123.84,80.3256,68.3785,63.3691,59.5607,57.114,54.8646,52.7893,50.8692,48.4101,45.8838,41.8142,35.5701,28.0307,21.0961,11.0311,-1.0,-1.0,-1.0,-1.0,-1.0
1.164,0.0,0.9999999999999571,0.0,3,49.4493,-0.00302168,0.528927,45.161,45.1592,136.221,136.221,0.322695,3605.72,0.00879591,15341.1,0.0,5.808,13.9984,200.0,123.235,79.9308,68.0423,63.0571,59.2673,56.8327,54.5941,52.5291,50.6184,48.1713,45.6573,41.6078,35.3959,27.9101,21.0239,11.0166,-1.0,-1.0,-1.0,-1.0,-1.0
1.184,0.0,0.9999999999999678,0.0,3,50.44,-0.00332043,0.542869,46.0647,46.0626,121.902,121.902,0.322284,3605.99,0.00878733,15314.6,0.0,5.81571,14.0892,200.0,122.619,79.5287,67.6992,62.7392,58.9683,56.5456,54.3183,52.2637,50.3625,47.9278,45.4264,41.3973,35.2182,27.7866,20.9496,11.0012,-1.0,-1.0,-1.0,-1.0,-1.0
1.204,0.0,0.9999999999999758,0.0,3,51.4329,-0.00363725,0.557987,46.9725,46.9703,107.25,107.345,0.321866,3606.28,0.00877779,11030.1,0.0,5.8244,14.1859,200.0,121.99,79.1186,67.3495,62.4148,58.6632,56.2532,54.0376,51.9933,50.1016,47.6796,45.1909,41.1827,35.0367,27.6603,20.8733,10.9849,-1.0,-1.0,-1.0,-1.0,-1.0
1.224,0.0,0.9999999999999818,0.0,3,52.4101,-0.00395131,0.573111,47.8699,47.8676,108.012,108.012,0.321441,3606.57,0.00876826,11184.6,0.0,5.83406,14.2881,200.0,121.351,78.7011,66.9932,62.0844,58.3524,55.9553,53.7509,51.7175,49.8359,47.4266,44.9511,40.9638,34.8516,27.5311,20.7948,10.9677,-1.0,-1.0,-1.0,-1.0,-1.0
1.244,0.0,0.9999999999999863,0.0,3,53.3845,-0.00430111,0.581617,48.756,48.7535,109.073,109.073,0.321008,3606.86,0.00875729,11294.7,0.0,5.84481,14.3968,200.0,120.7,78.2762,66.6306,61.7483,58.0363,55.6517,53.4593,51.4368,49.5655,47.169,44.7067,40.7411,34.6629,27.3989,20.7142,10.9495,-1.0,-1.0,-1.0,-1.0,-1.0
1.264,0.0,0.9999999999999898,0.0,3,54.3604,-0.00465651,0.45524,49.4893,49.4781,110.265,110.265,0.320566,3607.16,0.00874728,11419.2,0.0,5.85667,14.5122,200.0,120.037,77.8423,66.261,61.4051,57.7137,55.3424,53.162,51.1507,49.2898,46.9063,44.4579,40.5141,34.4704,27.2639,20.6314,10.9302,-1.0,-1.0,-1.0,-1.0,-1.0
1.284,0.0,0.9999999999999923,0.0,3,55.3069,-0.00476182,0.385096,50.4569,50.4541,111.642,111.642,0.320118,3607.47,0.00873869,11562.3,0.0,5.86971,14.6347,200.0,119.358,77.4004,65.8839,61.0555,57.385,55.027,52.859,50.859,49.0086,46.6389,44.2042,40.2828,34.2739,27.1258,20.5462,10.9098,-1.0,-1.0,-1.0,-1.0,-1.0
1.304,0.0,0.9999999999999942,0.0,3,56.2538,-0.00474329,0.345062,51.3645,51.3624,113.059,113.059,0.319662,3607.78,0.00873106,11708.8,0.0,5.88399,14.7648,200.0,118.667,76.9496,65.4998,60.6994,57.0502,54.706,52.5506,50.5621,48.7224,46.3664,43.9461,40.0475,34.0739,26.9847,20.4589,10.8884,-1.0,-1.0,-1.0,-1.0,-1.0
1.324,0.0,0.9999999999999957,0.0,3,57.205,-0.00473887,0.333939,52.2574,52.2553,114.422,114.422,0.319199,3608.09,0.00872343,11849.6,0.0,5.89952,14.9027,200.0,117.964,76.4918,65.1098,60.3376,56.7098,54.3795,52.237,50.2602,48.4315,46.0895,43.6833,39.808,33.87,26.8408,20.3694,10.8658,-1.0,-1.0,-1.0,-1.0,-1.0
1.344,0.0,0.9999999999999968,0.0,3,58.1618,-0.00482888,0.343649,53.1441,53.1417,115.71,115.71,0.318728,3608.41,0.0087139,11982.4,0.0,5.91644,15.0492,200.0,117.251,76.0264,64.713,59.97,56.3642,54.0478,51.9182,49.9535,48.1359,45.8082,43.4166,39.5647,33.663,26.6939,20.2775,10.8422,-1.0,-1.0,-1.0,-1.0,-1.0
1.364,0.0,0.9999999999999976,0.0,3,59.1257,-0.00503063,0.366555,54.0291,54.0265,116.899,116.899,0.31751,0.282991,0.0105405,12104.9,0.0,5.94033,15.2179,200.0,116.515,75.5454,64.3024,59.5891,56.0059,53.7041,51.5879,49.6356,47.8295,45.5163,43.1397,39.3122,33.4479,26.5386,20.1774,10.8126,-1.0,-1.0,-1.0,-1.0,-1.0
1.384,0.0,0.9999999999999982,0.0,3,60.0975,-0.00535158,0.395941,54.9161,54.9133,117.976,117.976,0.316861,0.618567,0.0127121,12215.8,0.0,5.96008,15.383,200.0,115.78,75.0658,63.8935,59.2097,55.6491,53.3618,51.2589,49.3192,47.5243,45.2258,42.8645,39.0612,33.234,26.386,20.081,10.7865,-1.0,-1.0,-1.0,-1.0,-1.0
1.404,0.0,0.9999999999999987,0.0,3,61.0761,-0.00579587,0.426308,55.8065,55.8033,118.956,118.956,0.316081,0.959603,0.0149175,12316.8,0.0,5.98136,15.5586,200.0,115.035,74.5788,63.4782,58.8245,55.2869,53.0144,50.925,48.9978,47.2143,44.9309,42.5846,38.8061,33.0168,26.2302,19.9823,10.7592,-1.0,-1.0,-1.0,-1.0,-1.0
1.424,0.0,0.999999999999999,0.0,3,62.0593,-0.00636164,0.453697,56.6999,56.6964,119.868,119.868,0.31516,1.30615,0.017157,12411.0,0.0,6.00422,15.745,200.0,114.279,74.0849,63.0567,58.4336,54.9193,52.6617,50.5861,48.6715,46.9,44.6313,42.3008,38.5472,32.7961,26.0715,19.8811,10.7307,-1.0,-1.0,-1.0,-1.0,-1.0
1.444,0.0,0.9999999999999992,0.0,3,62.6002,-0.01535,0.202448,57.3033,57.2876,126.928,126.928,0.314097,1.65686,0.0193465,13153.7,0.0,6.02818,15.9372,200.0,113.605,73.6227,62.6575,58.0614,54.5677,52.3236,50.2604,48.3573,46.5966,44.3419,42.0255,38.295,32.5799,25.9152,19.7809,10.7016,-1.0,-1.0,-1.0,-1.0,-1.0
1.464,0.0,0.9999999999999994,0.0,3,63.479,-0.0113575,0.141958,58.0238,58.0271,129.516,129.516,0.312889,2.01157,0.0216659,13416.5,0.0,6.05448,16.1491,200.0,112.799,73.1034,62.216,57.6525,54.1837,51.9556,49.907,48.0175,46.269,44.0303,41.7302,38.0262,32.3515,25.7496,19.6745,10.6703,-1.0,-1.0,-1.0,-1.0,-1.0
1.484,0.0,0.9999999999999996,0.0,3,64.4077,-0.0102053,0.112442,58.8546,58.8533,131.397,131.397,0.311526,2.37135,0.0239987,13607.5,0.0,6.08241,16.3727,200.0,112.004,72.5861,61.7755,57.2441,53.7996,51.5872,49.5531,47.6768,45.9407,43.7178,41.4342,37.7563,32.1216,25.5825,19.5665,10.6379,-1.0,-1.0,-1.0,-1.0,-1.0
1.504,0.0,0.9999999999999997,0.0,3,65.3857,-0.0106618,0.112016,59.7305,59.7256,132.603,132.603,0.310003,2.73642,0.0263525,13729.2,0.0,6.11214,16.6102,200.0,111.213,72.0676,61.3328,56.8336,53.4134,51.2165,49.1969,47.3338,45.6103,43.403,41.1355,37.4839,31.8895,25.413,19.4564,10.6041,-1.0,-1.0,-1.0,-1.0,-1.0
1.524,0.0,0.9999999999999998,0.0,3,66.4006,-0.0121439,0.13274,60.6437,60.6364,133.292,133.292,0.308311,3.10711,0.0287326,13798.3,0.0,6.14377,16.863,200.0,110.421,71.5457,60.8867,56.4192,53.0236,50.8424,48.8372,46.9875,45.2764,43.0849,40.8338,37.2086,31.6548,25.2408,19.3441,10.5689,-1.0,-1.0,-1.0,-1.0,-1.0
1.544,0.0,0.9999999999999998,0.0,3,67.4358,-0.0142539,0.164356,61.5815,61.5725,133.685,133.685,0.306442,3.4835,0.0311419,13838.1,0.0,6.17741,17.1327,200.0,109.624,71.0192,60.4359,56.0008,52.6295,50.4642,48.4736,46.6373,44.9385,42.7631,40.5285,36.9297,31.4169,25.0656,19.2292,10.5323,-1.0,-1.0,-1.0,-1.0,-1.0
1.564,0.0,0.9999999999999998,0.0,3,68.4725,-0.0168095,0.21721,62.5519,62.5656,134.004,134.004,0.30439,3.86566,0.0335812,13871.2,0.0,6.2132,17.421,200.0,108.822,70.487,59.9805,55.5776,52.2309,50.0815,48.1055,46.2829,44.5965,42.4373,40.2194,36.6475,31.1759,24.8875,19.1119,10.4941,-1.0,-1.0,-1.0,-1.0,-1.0
1.584,0.0,0.9999999999999998,0.0,3,69.5043,-0.020454,0.318212,63.536,63.5238,134.38,134.38,0.302149,4.25354,0.0360437,13910.5,0.0,6.2511,17.7287,200.0,108.022,69.9534,59.5226,55.1518,51.8299,49.6963,47.7348,45.9257,44.252,42.1089,39.9075,36.3625,30.9324,24.7068,18.9923,10.4545,-1.0,-1.0,-1.0,-1.0,-1.0
1.604,0.0,0.9999999999999998,0.0,3,70.5276,-0.0254705,0.40016,64.468,64.4523,134.888,134.888,0.299706,4.64715,0.0385252,13964.1,0.0,6.29124,18.0575,200.0,107.229,69.419,59.0631,54.7242,51.4267,49.3088,47.3618,45.5663,43.9051,41.7781,39.5934,36.0751,30.6867,24.5234,18.8705,10.4133,-1.0,-1.0,-1.0,-1.0,-1.0
1.624,0.0,0.9999999999999998,0.0,3,71.5345,-0.0317344,0.454265,65.3842,65.3652,135.624,135.624,0.297061,5.04639,0.0410252,14041.5,0.0,6.33366,18.4093,200.0,106.441,68.8844,58.6022,54.2949,51.0216,48.9194,46.987,45.2048,43.5561,41.4453,39.2769,35.7857,30.4388,24.3377,18.7464,10.3706,-1.0,-1.0,-1.0,-1.0,-1.0
1.644,0.0,0.9999999999999998,0.0,3,72.5273,-0.0387977,0.484996,66.2872,66.2655,136.559,136.559,0.294207,5.45113,0.0435454,14139.1,0.0,6.37846,18.7863,200.0,105.657,68.3481,58.1395,53.8632,50.6142,48.5276,46.6097,44.8409,43.2047,41.1097,38.958,35.4937,30.1885,24.1493,18.62,10.3263,-1.0,-1.0,-1.0,-1.0,-1.0
1.664,0.0,0.9999999999999998,0.0,3,73.5113,-0.0465499,0.496167,67.1798,67.1555,137.627,137.627,0.291135,5.86131,0.0460858,14250.2,0.0,6.42575,19.192,200.0,104.876,67.8098,57.6738,53.4291,50.204,48.1331,46.2295,44.4742,42.8504,40.7716,38.6365,35.1992,29.9358,23.9582,18.4912,10.2804,-1.0,-1.0,-1.0,-1.0,-1.0
1.684,0.0,0.9999999999999998,0.0,3,74.4902,-0.0551343,0.492516,68.0681,68.0406,138.775,138.775,0.287842,6.27694,0.0486443,14369.3,0.0,6.47555,19.6289,200.0,104.099,67.2707,57.2066,52.993,49.7918,47.7365,45.8472,44.1053,42.4939,40.4311,38.3125,34.9023,29.681,23.7646,18.3599,10.2328,-1.0,-1.0,-1.0,-1.0,-1.0
1.704,0.0,0.9999999999999998,0.0,3,75.4667,-0.0647692,0.479769,68.9569,68.9255,139.963,139.963,0.284317,6.69792,0.0512175,14492.3,0.0,6.52799,20.1008,200.0,103.329,66.7314,56.7384,52.5555,49.3781,47.3381,45.4632,43.7346,42.1355,40.0886,37.9866,34.6033,29.424,23.5685,18.2264,10.1836,-1.0,-1.0,-1.0,-1.0,-1.0
1.724,0.0,0.9999999999999998,0.0,3,76.5519,-0.0718146,0.547206,69.8957,69.8654,139.681,139.681,0.280556,7.1245,0.0538453,14453.1,0.0,6.58348,20.6174,200.0,102.524,66.1747,56.2566,52.1059,48.9532,46.9292,45.0693,43.3544,41.7683,39.738,37.6532,34.2977,29.1618,23.3676,18.0893,10.1323,-1.0,-1.0,-1.0,-1.0,-1.0
1.744,0.0,0.9999999999999998,0.0,3,77.6635,-0.0800739,0.630963,70.9119,70.8738,138.924,138.924,0.276545,7.55732,0.0564885,14375.1,0.0,6.64183,21.1809,200.0,101.729,65.6192,55.7744,51.6551,48.5269,46.5189,44.6738,42.9726,41.3991,39.3854,37.3176,33.9899,28.8973,23.164,17.9495,10.0792,-1.0,-1.0,-1.0,-1.0,-1.0
1.764,0.0,0.9999999999999998,0.0,4,78.7554,-0.0907657,0.703906,71.9285,71.8815,138.392,138.392,0.272278,7.99616,0.059139,14321.9,0.0,6.7031,21.7966,200.0,100.952,65.0676,55.2935,51.2054,48.1014,46.1087,44.2781,42.5904,41.0295,39.032,36.9812,33.681,28.6314,22.9582,17.8075,10.0244,-1.0,-1.0,-1.0,-1.0,-1.0
1.784,0.0,0.9999999999999998,0.0,4,79.7943,-0.103527,0.748816,72.9134,72.8598,123.788,123.88,0.267746,8.44075,0.0617946,11598.3,0.0,6.7674,22.4732,200.0,100.193,64.52,54.8147,50.7567,47.676,45.6989,43.8823,42.2079,40.6595,38.678,36.6438,33.3708,28.364,22.7501,17.6633,9.96773,-1.0,-1.0,-1.0,-1.0,-1.0
1.804,0.0,0.9999999999999998,0.0,4,80.7685,-0.116899,0.765919,73.838,73.7792,108.538,108.699,0.262952,8.89079,0.0644594,11592.6,0.0,6.83474,23.2232,200.0,99.4455,63.9741,54.3363,50.3078,47.2499,45.2879,43.4855,41.8244,40.2881,38.3226,36.305,33.0591,28.0949,22.5395,17.5168,9.90929,-1.0,-1.0,-1.0,-1.0,-1.0
1.824,0.0,0.9999999999999998,0.0,4,81.6996,-0.128765,0.798231,74.7469,74.6981,94.0546,94.2599,0.257889,9.34597,0.0671362,7864.58,0.0,6.9053,24.0092,200.0,98.7045,63.4282,53.8563,49.8572,46.8223,44.8755,43.0872,41.4388,39.9149,37.9652,35.964,32.7452,27.8239,22.3263,17.3677,9.84893,-1.0,-1.0,-1.0,-1.0,-1.0
1.844,0.0,0.9999999999999998,0.0,4,82.6125,-0.138398,0.860158,75.608,75.5403,90.0556,90.0556,0.252556,9.80614,0.0698205,7561.31,0.0,6.97903,24.795,200.0,97.975,62.8839,53.3767,49.4065,46.3943,44.4621,42.6876,41.0522,39.5406,37.6066,35.6218,32.4302,27.5512,22.1107,17.2163,9.78677,-1.0,-1.0,-1.0,-1.0,-1.0
1.864,0.0,0.9999999999999998,0.0,4,83.5141,-0.144677,0.910449,76.4303,76.3624,85.9011,85.9011,0.246951,10.2712,0.0725318,7210.6,0.0,7.05617,25.5841,200.0,97.234,62.3323,52.891,48.9502,45.961,44.0438,42.2833,40.6611,39.1616,37.2438,35.2757,32.1112,27.2754,21.8917,17.062,9.72264,-1.0,-1.0,-1.0,-1.0,-1.0
1.884,0.0,0.9999999999999998,0.0,4,84.3797,-0.142374,0.946552,77.2255,77.1653,81.7188,81.7188,0.241071,10.741,0.0753037,6860.27,0.0,7.13718,26.3835,200.0,96.4472,61.7594,52.3891,48.4794,45.5146,43.6134,41.8677,40.2593,38.7728,36.8715,34.9209,31.7851,26.9942,21.6678,16.9037,9.6562,-1.0,-1.0,-1.0,-1.0,-1.0
1.904,0.0,0.9999999999999998,0.0,4,85.1192,-0.12535,0.96916,77.945,77.9035,78.844,78.844,0.234927,11.2151,0.0781839,6628.48,0.0,7.22239,27.2042,200.0,95.5645,61.1453,51.8568,47.9825,45.045,43.1615,41.4322,39.8391,38.3667,36.4837,34.552,31.447,26.7039,21.4368,16.7404,9.58731,-1.0,-1.0,-1.0,-1.0,-1.0
1.924,0.0,0.9999999999999998,0.0,4,85.6715,-0.0989061,0.975155,78.5014,78.4829,78.5103,78.5103,0.228526,11.6925,0.0811907,6608.13,0.0,7.312,28.0521,200.0,94.5654,60.4821,51.2888,47.4548,44.5482,42.6845,40.9734,39.3974,37.9406,36.0777,34.1669,31.0952,26.4037,21.1983,16.5715,9.51585,-1.0,-1.0,-1.0,-1.0,-1.0
1.944,0.0,0.9999999999999998,0.0,4,86.1798,-0.0751249,0.979309,78.9685,78.9627,78.917,78.917,0.221873,12.1725,0.0842767,6641.15,0.0,7.40567,28.917,200.0,93.4958,59.7893,50.6995,46.9087,44.0349,42.1924,40.5008,38.9425,37.5024,35.6608,33.7717,30.7352,26.0974,20.9549,16.3987,9.44228,-1.0,-1.0,-1.0,-1.0,-1.0
1.964,0.0,0.9999999999999998,0.0,4,86.7042,-0.052866,1.06019,79.4499,79.452,79.0733,79.0733,0.214948,12.6553,0.0874269,6655.94,0.0,7.50348,29.7979,200.0,92.3736,59.0738,50.0933,46.3481,43.5088,41.6883,40.017,38.4774,37.0546,35.2351,33.3685,30.3683,25.7861,20.7071,16.2225,9.36662,-1.0,-1.0,-1.0,-1.0,-1.0
1.984,0.0,0.9999999999999998,0.0,4,87.2061,-0.037214,1.13697,79.9181,79.9194,79.6017,79.6017,0.207748,13.1406,0.0905903,6700.9,0.0,7.60513,30.6822,200.0,91.25,58.3565,49.4853,45.7856,42.9808,41.1826,39.5315,38.0106,36.6052,34.8077,32.9639,30.0001,25.4736,20.4574,16.0442,9.28916,-1.0,-1.0,-1.0,-1.0,-1.0
2.006,0.0,0.9999999999999998,0.0,4,87.7554,-0.0262543,1.19194,80.4254,80.4252,80.3066,80.3066,0.199498,13.6774,0.0940799,6760.56,0.0,7.72146,31.6578,200.0,90.0158,57.567,48.8155,45.1659,42.3991,40.6251,38.9965,37.4961,36.1096,34.3365,32.5176,29.594,25.1286,20.1806,15.8459,9.20189,-1.0,-1.0,-1.0,-1.0,-1.0
2.028,0.12,0.9999999999999998,0.0,4,88.3119,-0.0195411,1.21549,80.9333,80.9326,81.0036,81.0036,0.190895,14.2171,0.0975839,6819.0,0.0,7.84275,32.6373,200.0,88.7798,56.7747,48.1434,44.544,41.815,40.0653,38.459,36.9794,35.6119,33.8632,32.0693,29.1859,24.782,19.9022,15.6449,9.11241,4.8645,4.87076,4.8786,4.88799,4.89899
2.05,0.24,0.9999999999999998,0.0,4,88.865,0.253488,1.24622,81.6314,81.1398,81.6565,81.6565,0.182124,14.7601,0.0990963,6873.89,0.0,7.946,33.0478,200.0,89.4932,56.7694,48.0339,44.4022,41.6531,39.8924,38.2775,36.7909,35.418,33.6636,31.8657,28.9791,24.5782,19.7127,15.498,9.03583,-1.0,-1.0,-1.0,-1.0,-1.0
2.072,0.36,0.9999999999999998,0.0,4,89.3931,0.467104,1.29764,82.4526,81.0811,82.3541,82.3541,0.173607,15.3063,0.0960884,6933.0,0.0,7.999,32.2177,200.0,95.156,58.6684,49.2696,45.4028,42.4915,40.6341,38.9352,37.3753,35.9382,34.1067,32.2352,29.242,24.7063,19.73,15.4769,8.99229,-1.0,-1.0,-1.0,-1.0,-1.0
2.094,0.38440763636363645,0.9999999999999998,0.0,4,89.8928,0.492093,1.33531,83.1595,80.9655,83.1644,83.1644,0.165609,15.8558,0.0887146,7001.59,0.0,8.0007,30.4326,200.0,107.967,62.9159,52.0964,47.7318,44.4782,42.4169,40.541,38.827,37.2547,35.2602,33.2331,30.0137,25.1871,19.9627,15.5829,8.98283,-1.0,-1.0,-1.0,-1.0,-1.0
2.116,0.26440763636363646,0.9999999999999998,0.0,4,90.3791,0.301041,1.35931,83.9423,81.0284,84.0415,84.0415,0.1583,16.4085,0.077962,7075.47,0.0,7.96169,28.2299,147.465,132.693,70.1087,56.7738,51.5578,47.7285,45.3279,43.1605,41.1937,39.4013,37.1433,34.8663,31.2867,26.0029,20.3919,15.7978,9.00303,-1.0,-1.0,-1.0,-1.0,-1.0
2.138,0.14440763636363646,0.9999999999999998,0.0,4,90.892,-0.124304,1.37248,84.8854,81.5593,84.8548,84.8548,0.151683,16.9644,0.0656723,7143.32,0.0,7.90304,26.1334,97.1382,173.958,80.8087,63.3994,56.8794,52.1913,49.2937,46.7042,44.3766,42.2729,39.6467,37.025,32.9561,27.0652,20.955,16.0771,9.0412,-1.0,-1.0,-1.0,-1.0,-1.0
2.16,0.024407636363636465,0.9999999999999998,0.0,4,91.4699,-0.70669,1.38216,85.3309,82.3454,85.3894,85.3894,0.145594,17.5238,0.0548643,7185.37,0.0,7.85651,24.5724,74.9586,186.987,94.1512,71.099,62.9022,57.1464,53.6449,50.5517,47.799,45.3338,42.2862,39.2758,34.6669,28.1261,21.5011,16.3309,9.07435,-1.0,-1.0,-1.0,-1.0,-1.0
2.182,0.0,0.9999999999999998,0.0,4,92.1179,-1.16729,1.44729,85.3349,83.44,85.1489,85.1489,0.139737,18.087,0.0490402,7164.72,0.0,7.85643,23.8247,65.8828,192.408,105.478,77.1164,67.4602,60.8074,56.8108,53.3112,50.221,47.473,44.1002,40.7953,35.7862,28.7801,21.8041,16.4416,9.0727,-1.0,-1.0,-1.0,-1.0,-1.0
2.204,0.0,0.9999999999999998,0.0,4,92.7434,-1.17083,1.50761,85.3634,84.5591,85.2264,85.2264,0.133929,18.6541,0.0486996,7172.96,0.0,7.90745,23.7788,63.4103,193.968,110.542,79.5253,69.1902,62.1342,57.9204,54.2457,51.0131,48.1476,44.6427,41.2209,36.0581,28.8845,21.7961,16.3833,9.02982,-1.0,-1.0,-1.0,-1.0,-1.0
2.226,0.0,0.9999999999999998,0.0,4,93.3465,-0.947116,1.54822,85.6605,85.3837,85.7092,85.7092,0.128138,19.2247,0.0510386,7214.82,0.0,7.98391,24.0429,63.3649,193.956,111.578,79.8008,69.294,62.1444,57.8841,54.1738,50.9143,48.0284,44.5025,41.0646,35.8862,28.7073,21.6323,16.2424,8.96687,-1.0,-1.0,-1.0,-1.0,-1.0
2.248,0.0,0.9999999999999998,0.0,4,93.9431,-0.713104,1.56314,86.1152,86.0308,86.3883,86.3883,0.122281,19.799,0.0543532,7272.25,0.0,8.071,24.4121,64.1104,193.409,111.038,79.2678,68.7893,61.6661,57.4242,53.7319,50.4895,47.6194,44.1146,40.6986,35.5552,28.4304,21.4146,16.0736,8.89645,-1.0,-1.0,-1.0,-1.0,-1.0
2.27,0.0,0.9999999999999998,0.0,4,94.5451,-0.522142,1.5926,86.6531,86.6225,87.0595,87.0595,0.116282,20.3766,0.0579547,7328.49,0.0,8.16317,24.8079,65.0644,192.712,110.057,78.5128,68.1185,61.0553,56.85,53.1904,49.9771,47.1332,43.6607,40.2768,35.1829,28.1282,21.1836,15.8982,8.82325,-1.0,-1.0,-1.0,-1.0,-1.0
2.292,0.0,0.9999999999999998,0.0,4,95.1567,-0.382032,1.62005,87.2051,87.1856,87.6749,87.6749,0.110057,20.9578,0.0616347,7380.12,0.0,8.25928,25.2073,66.0558,191.98,108.985,77.714,67.4153,60.4191,56.2542,52.6302,49.4485,46.6328,43.195,39.8453,34.8033,27.8219,20.9507,15.7222,8.74825,-1.0,-1.0,-1.0,-1.0,-1.0
2.314,0.0,0.9999999999999998,0.0,4,95.7748,-0.280489,1.64075,87.7635,87.7507,88.2608,88.2608,0.103556,21.5425,0.0653677,7429.36,0.0,8.35967,25.6086,67.0682,191.228,107.865,76.8908,66.6944,59.7687,55.6462,52.0596,48.9106,46.1243,42.7225,39.408,34.4197,27.5132,20.7168,15.5457,8.67127,-1.0,-1.0,-1.0,-1.0,-1.0
2.336,0.0,0.9999999999999998,0.0,4,96.3977,-0.206445,1.65605,88.3275,88.3196,88.8399,88.8399,0.0967331,22.1307,0.0691465,7478.11,0.0,8.46478,26.0126,68.0988,190.458,106.706,76.0477,65.9584,59.1063,55.028,51.4799,48.365,45.6088,42.244,38.9658,34.0322,27.2022,20.4816,15.3686,8.59205,-1.0,-1.0,-1.0,-1.0,-1.0
2.358,0.0,0.9999999999999998,0.0,4,97.0243,-0.152422,1.66613,88.8958,88.8914,89.4288,89.4288,0.089564,22.7223,0.0729629,7527.7,0.0,8.57491,26.4187,69.1428,189.674,105.518,75.1906,65.2118,58.4353,54.4021,50.8936,47.8134,45.0881,41.761,38.5196,33.6416,26.8891,20.2451,15.1908,8.51043,-1.0,-1.0,-1.0,-1.0,-1.0
2.38,0.0,0.9999999999999998,0.0,4,97.6692,-0.111407,1.70232,89.4755,89.4758,89.8025,89.8025,0.0820109,23.3177,0.0768252,7558.58,0.0,8.69061,26.829,70.2101,188.871,104.291,74.3121,64.4488,57.7508,53.7646,50.2968,47.2526,44.559,41.2707,38.0672,33.2463,26.5728,20.0068,15.0118,8.42615,-1.0,-1.0,-1.0,-1.0,-1.0
2.402,0.0,0.9999999999999998,0.0,4,98.304,-0.0805948,1.74481,90.0594,90.0615,90.351,90.351,0.074056,23.9166,0.0807211,7605.4,0.0,8.812,27.2423,71.2914,188.056,103.041,73.4211,63.6758,57.0584,53.1199,49.6936,46.6859,44.0246,40.7757,37.6106,32.8476,26.254,19.7668,14.8317,8.33917,-1.0,-1.0,-1.0,-1.0,-1.0
2.424,0.0,0.9999999999999998,0.0,4,98.9362,-0.0587683,1.7783,90.6397,90.6417,91.0114,91.0114,0.0656891,24.5191,0.0846399,7661.3,0.0,8.93924,27.6574,72.3772,187.233,101.785,72.5264,62.8999,56.3629,52.4725,49.088,46.1169,43.4879,40.2788,37.1522,32.4471,25.9339,19.5258,14.6509,8.24946,-1.0,-1.0,-1.0,-1.0,-1.0
2.446,0.0,0.9999999999999998,0.0,4,99.5693,-0.0437821,1.79648,91.2209,91.222,91.7441,91.7441,0.0568924,25.1249,0.0885766,7723.06,0.0,9.07238,28.074,73.4642,186.407,100.53,71.6304,62.1225,55.6662,51.8236,48.4807,45.5462,42.9499,39.7803,36.6924,32.0454,25.6128,19.2839,14.4693,8.15705,-1.0,-1.0,-1.0,-1.0,-1.0
2.468,0.12,0.9999999999999998,0.0,4,100.209,-0.0335977,1.8099,91.8089,91.8094,92.4584,92.4584,0.0476507,25.7342,0.0925314,7783.03,0.0,9.20784,28.4922,74.5522,185.576,99.2757,70.7335,61.3436,54.9675,51.173,47.8719,44.9741,42.4102,39.2801,36.2309,31.6421,25.2902,19.0408,14.2868,8.06175,-1.0,-1.0,-1.0,-1.0,-1.0
2.49,0.24,0.9999999999999998,0.0,4,100.847,0.213993,1.82,92.5334,92.0848,93.1499,93.1499,0.0381571,26.3471,0.0944692,7841.28,0.0,9.31713,28.6141,73.6291,185.901,101.218,71.4434,61.769,55.2334,51.3567,47.992,45.0442,42.4406,39.268,36.1835,31.5532,25.1662,18.9077,14.1635,7.97765,-1.0,-1.0,-1.0,-1.0,-1.0
2.512,0.12,0.9999999999999998,0.0,4,101.46,0.331296,1.82779,93.3424,92.0866,93.9274,93.9274,0.0287959,26.9637,0.0919973,7907.28,0.0,9.36681,28.1075,68.8588,188.549,111.488,76.1006,65.0978,57.7954,53.5125,49.8241,46.6147,43.7969,40.3844,37.0885,32.1814,25.4908,19.0211,14.1724,7.92182,-1.0,-1.0,-1.0,-1.0,-1.0
2.534,0.0,0.9999999999999998,0.0,4,102.085,0.000381587,1.83471,94.4345,92.5877,94.7398,94.7398,0.0196533,27.584,0.087094,7975.13,0.0,9.38085,27.3039,63.0207,192.108,130.978,84.3271,70.8814,62.2117,57.218,52.9701,49.3129,46.1313,42.3147,38.6658,33.2997,26.109,19.2897,14.2629,7.88284,-1.0,-1.0,-1.0,-1.0,-1.0
2.556,0.0,0.9999999999999998,0.0,4,102.755,-0.54148,1.84317,94.7653,93.4832,95.3158,95.3158,0.0103912,28.208,0.0847701,8022.42,0.0,9.42261,26.8603,59.699,194.189,149.636,91.2529,75.5514,65.6741,60.07,55.351,51.3231,47.845,43.7042,39.7771,34.0575,26.495,19.4289,14.2844,7.8295,-1.0,-1.0,-1.0,-1.0,-1.0
2.578,0.0,0.9999999999999998,0.0,4,103.441,-0.665373,1.85975,95.0319,94.4722,95.7202,95.7202,0.000790914,28.8357,0.0861449,8056.63,0.0,9.50662,26.8674,58.8266,194.561,157.589,93.9613,77.2322,66.8314,60.9719,56.0609,51.8858,48.2928,44.03,40.0019,34.1606,26.4832,19.3565,14.1961,7.7534,-1.0,-1.0,-1.0,-1.0,-1.0
2.6,0.0,0.9999999999999998,0.0,4,104.123,-0.600245,1.8775,95.4944,95.2601,96.2451,96.2451,-0.00910441,29.4673,0.0891245,8101.23,0.0,9.60777,27.0571,58.8829,194.24,158.755,94.5001,77.4281,66.8685,60.9378,55.9774,51.7673,48.1497,43.8639,39.8205,33.9678,26.295,19.1923,14.061,7.66815,-1.0,-1.0,-1.0,-1.0,-1.0
2.622,0.0,0.9999999999999998,0.0,4,104.803,-0.487817,1.89403,96.0482,95.953,96.8577,96.8577,-0.0193176,30.1025,0.0927941,8153.03,0.0,9.71564,27.3212,59.3112,193.627,158.427,94.0617,76.9659,66.4144,60.4958,55.5497,51.3549,47.7525,43.4874,39.4661,33.65,26.0331,18.9902,13.907,7.57951,-1.0,-1.0,-1.0,-1.0,-1.0
2.644,0.0,0.9999999999999998,0.0,4,105.485,-0.379182,1.90695,96.6439,96.6048,97.519,97.519,-0.0298894,30.7415,0.0967619,8208.81,0.0,9.82607,27.6154,59.8896,192.89,157.577,93.214,76.2301,65.757,59.8855,54.9805,50.8218,47.2513,43.025,39.0413,33.2815,25.7416,18.7732,13.7457,7.48967,-1.0,-1.0,-1.0,-1.0,-1.0
2.666,0.0,0.9999999999999998,0.0,4,106.171,-0.289215,1.9118,97.2579,97.2417,98.2084,98.2084,-0.040858,31.3842,0.100866,8266.91,0.0,9.93739,27.9215,60.5288,192.101,156.493,92.1994,75.3834,65.0175,59.2075,54.3545,50.2403,46.7084,42.5283,38.5886,32.893,25.4385,18.5503,13.5816,7.39949,-1.0,-1.0,-1.0,-1.0,-1.0
2.688,0.0,0.9999999999999998,0.0,4,106.861,-0.218767,1.91509,97.8854,97.8782,98.9057,98.9057,-0.0522639,32.0305,0.105039,8325.58,0.0,10.0492,28.2328,61.1932,191.287,155.279,91.1174,74.4916,64.2447,58.5019,53.7053,49.639,46.1485,42.0175,38.1243,32.4961,25.1305,18.325,13.4162,7.30909,-1.0,-1.0,-1.0,-1.0,-1.0
2.71,0.0,0.9999999999999998,0.0,4,107.557,-0.165175,1.91996,98.5214,98.5172,99.5976,99.5976,-0.0640038,32.6818,0.106067,8383.78,0.0,10.1612,28.5462,61.8674,190.462,153.967,90.0098,73.5828,63.4591,57.7856,53.047,49.0301,45.5819,41.5012,37.6554,32.096,24.8205,18.0987,13.2503,7.21854,-1.0,-1.0,-1.0,-1.0,-1.0
2.732,0.0,0.9999999999999998,0.0,4,108.259,-0.124902,1.92679,99.163,99.16,100.285,100.285,-0.0757856,33.3376,0.106058,8441.59,0.0,10.2736,28.8612,62.5475,189.629,152.547,88.8886,72.6645,62.6662,57.0631,52.3834,48.4164,45.0112,40.9813,37.1834,31.6934,24.509,17.8713,13.0837,7.12773,-1.0,-1.0,-1.0,-1.0,-1.0
2.754,0.0,0.9999999999999998,0.0,4,108.962,-0.0951151,1.92938,99.8082,99.805,101.025,101.025,-0.0876084,33.9977,0.106049,8504.08,0.0,10.3864,29.1773,63.2294,188.79,150.987,87.7642,71.7434,61.8708,56.3383,51.7176,47.8008,44.4386,40.4597,36.71,31.2896,24.1964,17.6432,12.9166,7.0366,-1.0,-1.0,-1.0,-1.0,-1.0
2.776,0.0,0.9999999999999998,0.0,4,109.674,-0.0733961,1.9326,100.457,100.454,101.723,101.723,-0.0994821,34.6622,0.106038,8562.62,0.0,10.4997,29.4944,63.9127,187.946,149.187,86.6376,70.8201,61.0734,55.6115,51.05,47.1833,43.8643,39.9365,36.2349,30.8844,23.8827,17.4142,12.7488,6.94509,-1.0,-1.0,-1.0,-1.0,-1.0
2.798,0.0,0.9999999999999998,0.0,4,110.393,-0.0570533,1.93937,101.113,101.111,102.391,102.391,-0.111412,35.331,0.106029,8618.72,0.0,10.6135,29.8132,64.6005,187.094,147.247,85.5024,69.8903,60.2706,54.88,50.378,46.562,43.2864,39.41,35.7571,30.4768,23.5672,17.184,12.5802,6.85314,-1.0,-1.0,-1.0,-1.0,-1.0
2.82,0.0,0.9999999999999998,0.0,4,111.117,-0.044567,1.95018,101.775,101.773,103.049,103.049,-0.123404,36.0042,0.106023,8674.13,0.0,10.7279,30.1341,65.2937,186.235,145.285,84.3566,68.9526,59.4612,54.1427,49.701,45.936,42.7043,38.8799,35.2759,30.0665,23.2498,16.9524,12.4105,6.76068,-1.0,-1.0,-1.0,-1.0,-1.0
2.842,0.0,0.9999999999999998,0.0,4,111.846,-0.034974,1.96431,102.44,102.44,103.716,103.716,-0.135462,36.6818,0.10602,8730.29,0.0,10.843,30.4571,65.9925,185.368,143.299,83.2007,68.0071,58.6455,53.3997,49.0188,45.3054,42.118,38.346,34.7915,29.6535,22.9303,16.7194,12.2399,6.66771,-1.0,-1.0,-1.0,-1.0,-1.0
2.864,0.0,0.9999999999999998,0.0,4,112.578,-0.0276341,1.98045,103.11,103.11,104.401,104.401,-0.14759,37.3639,0.106018,8787.98,0.0,10.9588,30.7822,66.6964,184.493,141.295,82.0354,67.0543,57.8237,52.6514,48.3318,44.6704,41.5276,37.8085,34.3037,29.2377,22.6087,16.4849,12.0683,6.57417,-1.0,-1.0,-1.0,-1.0,-1.0
2.886,0.0,0.9999999999999998,0.0,4,113.315,-0.0220691,1.99725,103.783,103.783,105.106,105.106,-0.159792,38.0504,0.106018,8847.39,0.0,11.0753,31.1094,67.4052,183.611,139.274,80.8618,66.0949,56.9963,51.898,47.6402,44.0312,40.9333,37.2674,33.8128,28.8193,22.2851,16.2489,11.8955,6.48007,-1.0,-1.0,-1.0,-1.0,-1.0
2.908,0.0,0.9999999999999998,0.0,4,114.055,-0.017896,2.01287,104.46,104.459,105.829,105.829,-0.172067,38.7414,0.106017,8908.35,0.0,11.1925,31.4387,68.1184,182.722,137.24,79.6809,65.1295,56.1638,51.1399,46.9443,43.388,40.3354,36.723,33.3189,28.3983,21.9596,16.0115,11.7217,6.3854,-1.0,-1.0,-1.0,-1.0,-1.0
2.93,0.0,0.9999999999999998,0.0,4,114.799,-0.0147653,2.02389,105.139,105.139,106.568,106.568,-0.184419,39.437,0.106017,8970.54,0.0,11.3105,31.77,68.8364,181.825,135.192,78.492,64.1577,55.3259,50.3769,46.2439,42.7407,39.7336,36.1751,32.8217,27.9746,21.632,15.7727,11.5468,6.29013,-1.0,-1.0,-1.0,-1.0,-1.0
2.952,0.0,0.9999999999999998,0.0,4,115.549,-0.0123953,2.03411,105.825,105.825,107.315,107.315,-0.196851,40.137,0.106018,9033.45,0.0,11.4292,32.1035,69.5592,180.921,133.13,77.295,63.1794,54.4823,49.6088,45.5388,42.089,39.1278,35.6236,32.3214,27.5481,21.3022,15.5322,11.3708,6.19425,-1.0,-1.0,-1.0,-1.0,-1.0
2.974,0.0,0.9999999999999998,0.0,4,116.304,-0.0106089,2.04439,106.515,106.515,108.065,108.065,-0.20936,40.8417,0.106018,9096.56,0.0,11.5487,32.4391,70.2866,180.01,131.055,76.0904,62.195,53.6334,48.8359,44.8294,41.4333,38.5183,35.0686,31.8178,27.119,20.9704,15.2903,11.1937,6.09778,-1.0,-1.0,-1.0,-1.0,-1.0
2.996,0.0,0.9999999999999998,0.0,4,117.065,-0.00927332,2.05497,107.211,107.211,108.815,108.815,-0.221949,41.5509,0.106019,9159.76,0.0,11.6689,32.7769,71.0186,179.092,128.966,74.8783,61.2042,52.7791,48.0581,44.1153,40.7734,37.9048,34.5101,31.3111,26.6871,20.6364,15.0468,11.0155,6.00068,-1.0,-1.0,-1.0,-1.0,-1.0
3.018,0.0,0.9999999999999998,0.0,4,117.829,-0.00846583,2.06208,107.91,107.91,109.604,109.604,-0.23462,42.2648,0.106017,9226.12,0.0,11.7899,33.1165,71.7539,178.167,126.871,73.6606,60.2087,51.9204,47.2761,43.3975,40.1099,37.2879,33.9485,30.8015,26.2527,20.3005,14.8018,10.8361,5.90296,-1.0,-1.0,-1.0,-1.0,-1.0
3.04,0.0,0.9999999999999998,0.0,4,118.6,-0.00782935,2.06984,108.614,108.614,110.365,110.365,-0.247373,42.9834,0.106017,9290.05,0.0,11.9117,33.4585,72.4945,177.234,124.761,72.4344,59.2062,51.0559,46.4889,42.6748,39.4419,36.667,33.3831,30.2885,25.8154,19.9623,14.5552,10.6556,5.80461,7.5032,7.51368,7.52649,7.54165,7.55917
3.062,0.0,0.9999999999999998,0.0,4,119.379,-0.00730427,2.07969,109.325,109.325,111.106,111.106,-0.260208,43.7067,0.106016,9352.38,0.0,12.0342,33.8027,73.2401,176.293,122.634,71.1995,58.1968,50.1854,45.6963,41.9472,38.7694,36.0417,32.8138,29.772,25.3752,19.6219,14.307,10.4739,5.70562,-1.0,-1.0,-1.0,-1.0,-1.0
3.084,0.0,0.9999999999999998,0.0,4,120.163,-0.00688204,2.09193,110.041,110.041,111.842,111.842,-0.273128,44.4347,0.106016,9414.29,0.0,12.1576,34.1492,73.9908,175.344,120.493,69.9564,57.1806,49.3091,44.8983,41.2147,38.0924,35.4124,32.2408,29.2521,24.9321,19.2793,14.0572,10.291,5.60598,-1.0,-1.0,-1.0,-1.0,-1.0
3.106,0.0,0.9999999999999998,0.0,4,120.951,-0.00655705,2.10621,110.762,110.762,112.558,112.558,-0.286131,45.1675,0.106016,9474.4,0.0,12.2818,34.498,74.7464,174.388,118.338,68.705,56.1579,48.4271,44.0952,40.4775,37.411,34.7789,31.6641,28.7289,24.4861,18.9344,13.8057,10.1069,5.50569,-1.0,-1.0,-1.0,-1.0,-1.0
3.128,0.0,0.9999999999999998,0.0,4,121.741,-0.00631778,2.12171,111.486,111.486,113.241,113.241,-0.299219,45.9051,0.106015,9531.82,0.0,12.4067,34.849,75.5069,173.423,116.17,67.4457,55.1285,47.5393,43.2869,39.7355,36.7252,34.1413,31.0837,28.2022,24.0372,18.5873,13.5526,9.92158,5.40476,-1.0,-1.0,-1.0,-1.0,-1.0
3.15,0.12,0.9999999999999998,0.0,4,122.529,-0.00614216,2.13741,112.21,112.209,113.923,113.923,-0.312392,46.6475,0.106015,9589.26,0.0,12.5325,35.2023,76.2723,172.451,113.987,66.1782,54.0923,46.6459,42.4733,38.9886,36.0349,33.4996,30.4994,27.6721,23.5854,18.2379,13.2979,9.73508,5.30316,-1.0,-1.0,-1.0,-1.0,-1.0
3.172,0.24,0.9999999999999998,0.0,4,123.305,0.207334,2.14979,113.029,112.596,114.627,114.627,-0.32544,47.3948,0.103829,9648.72,0.0,12.623,35.2169,75.4417,172.429,119.008,67.2774,54.6273,46.916,42.6222,39.0512,36.0348,33.4534,30.4077,27.5465,23.4262,18.0619,13.1335,9.5952,5.21174,-1.0,-1.0,-1.0,-1.0,-1.0
3.194,0.12,0.9999999999999998,0.0,4,124.046,0.169918,2.16151,113.919,112.639,115.458,115.458,-0.33793,48.1471,0.09676,9719.41,0.0,12.6322,34.4976,71.3935,174.426,141.385,74.8078,59.2553,50.1419,45.1824,41.1185,37.728,34.8565,31.5037,28.3881,23.9586,18.2902,13.1783,9.5631,5.14488,-1.0,-1.0,-1.0,-1.0,-1.0
3.216,0.0,0.9999999999999998,0.0,4,124.777,-0.389362,2.17295,115.244,113.2,116.394,116.394,-0.349721,48.9043,0.086734,9797.92,0.0,12.5908,33.4036,66.1639,177.564,150.85,90.5526,68.4115,56.362,50.0675,45.0408,40.9342,37.5165,33.5941,30.0133,25.0254,18.8132,13.3682,9.60412,5.09555,-1.0,-1.0,-1.0,-1.0,-1.0
3.238,0.0,0.9999999999999998,0.0,4,125.546,-1.12953,2.18575,115.772,114.182,117.128,117.128,-0.361105,49.6663,0.0790811,9858.64,0.0,12.5827,32.6853,62.8253,179.832,155.242,108.164,77.6137,62.2414,54.5316,48.5245,43.7126,39.7717,35.3185,31.3167,25.841,19.1766,13.4724,9.60155,5.03889,-1.0,-1.0,-1.0,-1.0,-1.0
3.26,0.0,0.9999999999999998,0.0,4,126.33,-1.31709,2.19515,116.101,115.294,117.696,117.696,-0.372283,50.4333,0.0753894,9906.23,0.0,12.6315,32.4892,61.6069,180.435,156.515,118.621,82.4083,65.0441,56.5396,50.0053,44.8279,40.6248,35.9151,31.7184,26.0296,19.1884,13.4035,9.51427,4.9664,-1.0,-1.0,-1.0,-1.0,-1.0
3.282,0.0,0.9999999999999998,0.0,4,127.117,-1.22941,2.20509,116.616,116.218,118.241,118.241,-0.383192,51.2052,0.0735897,9952.06,0.0,12.7053,32.5241,61.2789,180.21,156.569,123.56,84.2922,65.9607,57.0964,50.3357,45.0096,40.7057,35.9038,31.6435,25.896,19.026,13.2521,9.38814,4.88766,-1.0,-1.0,-1.0,-1.0,-1.0
3.304,0.0,0.9999999999999998,0.0,4,127.902,-1.0479,2.21671,117.235,117.039,118.807,118.807,-0.393836,51.9821,0.0727173,9999.81,0.0,12.7901,32.6664,61.3589,179.572,156.069,125.069,84.5153,65.8446,56.875,50.0595,44.7057,40.3892,35.5838,31.3295,25.6038,18.7804,13.0626,9.24494,4.80694,-1.0,-1.0,-1.0,-1.0,-1.0
3.326,0.0,0.9999999999999998,0.0,4,128.683,-0.851715,2.23006,117.903,117.809,119.406,119.406,-0.404259,52.7638,0.0723058,10050.3,0.0,12.8797,32.8596,61.6334,178.727,155.3,124.681,83.8633,65.1974,56.2583,49.4782,44.1596,39.8762,35.1125,30.8996,25.2359,18.496,12.8562,9.09472,4.72596,-1.0,-1.0,-1.0,-1.0,-1.0
3.348,0.0,0.9999999999999998,0.0,4,129.461,-0.673465,2.2447,118.594,118.55,120.035,120.035,-0.414509,53.5504,0.0721208,10103.4,0.0,12.9709,33.0764,62.0002,177.778,154.399,123.332,82.7792,64.2922,55.4514,48.7514,43.4989,39.2708,34.5709,30.4162,24.8338,18.1948,12.6431,8.9421,4.64539,-1.0,-1.0,-1.0,-1.0,-1.0
3.37,0.0,0.9999999999999998,0.0,4,130.236,-0.52389,2.25987,119.295,119.276,120.688,120.688,-0.424635,54.3418,0.0720439,10158.5,0.0,13.0626,33.3035,62.4093,176.777,153.433,121.526,81.4953,63.2692,54.5586,47.9593,42.7872,38.6247,33.9986,29.91,24.4175,17.8872,12.4277,8.78905,4.56536,-1.0,-1.0,-1.0,-1.0,-1.0
3.392,0.0,0.9999999999999998,0.0,4,131.009,-0.403724,2.27297,119.999,119.991,121.357,121.357,-0.434674,55.138,0.0720173,10214.8,0.0,13.1542,33.5349,62.837,175.75,152.433,119.518,80.1235,62.1955,53.6291,47.1399,42.0545,37.9621,33.4141,29.3948,23.9959,17.5774,12.212,8.63622,4.4858,-1.0,-1.0,-1.0,-1.0,-1.0
3.414,0.0,0.9999999999999998,0.0,4,131.779,-0.309292,2.2847,120.704,120.702,122.034,122.034,-0.444662,55.939,0.0720139,10271.8,0.0,13.2457,33.7679,63.2729,174.709,151.414,117.421,78.7144,61.1006,52.6845,46.3092,41.3132,37.2928,32.8249,28.8764,23.5726,17.2672,11.9964,8.48372,4.40656,-1.0,-1.0,-1.0,-1.0,-1.0
3.436,0.0,0.9999999999999998,0.0,4,132.548,-0.236158,2.29644,121.41,121.41,122.713,122.713,-0.454622,56.7446,0.0720194,10328.9,0.0,13.3372,34.0014,63.7116,173.659,150.384,115.292,77.2926,59.9986,51.7351,45.4753,40.5695,36.6217,32.2344,28.3571,23.1489,16.957,11.781,8.33146,4.32751,-1.0,-1.0,-1.0,-1.0,-1.0
3.458,0.0,0.9999999999999998,0.0,4,133.316,-0.180038,2.30823,122.115,122.116,123.389,123.389,-0.464575,57.555,0.0720275,10385.8,0.0,13.4285,34.2351,64.1513,172.602,149.345,113.156,75.8675,58.8949,50.7844,44.6403,39.8251,35.9501,31.6436,27.8377,22.7251,16.6469,11.5657,8.17924,4.2485,-1.0,-1.0,-1.0,-1.0,-1.0
3.48,0.0,0.9999999999999998,0.0,4,134.081,-0.137393,2.31713,122.818,122.819,124.086,124.086,-0.474536,58.3701,0.0720348,10444.4,0.0,13.52,34.4689,64.591,171.541,148.3,111.022,74.4433,57.7915,49.8339,43.8054,39.0807,35.2784,31.0527,27.318,22.3012,16.3366,11.3502,8.02694,4.16944,-1.0,-1.0,-1.0,-1.0,-1.0
3.502,0.0,0.9999999999999998,0.0,4,134.846,-0.104978,2.32635,123.52,123.521,124.757,124.757,-0.484516,59.1898,0.0720412,10500.8,0.0,13.6116,34.703,65.0312,170.474,147.248,108.889,73.0182,56.6873,48.8825,42.9696,38.3354,34.6059,30.461,26.7977,21.8767,16.0258,11.1344,7.87437,4.09023,-1.0,-1.0,-1.0,-1.0,-1.0
3.524,0.0,0.9999999999999998,0.0,4,135.61,-0.0802857,2.33695,124.222,124.223,125.412,125.412,-0.494526,60.0143,0.0720471,10555.9,0.0,13.7035,34.9378,65.4725,169.402,146.188,106.753,71.5904,55.5806,47.9288,42.1318,37.5883,33.9317,29.8678,26.276,21.451,15.7141,10.918,7.72136,4.01078,-1.0,-1.0,-1.0,-1.0,-1.0
3.546,0.0,0.9999999999999998,0.0,4,136.373,-0.0614803,2.34915,124.923,124.924,126.06,126.06,-0.504569,60.8434,0.0720525,10610.5,0.0,13.7956,35.1733,65.9151,168.325,145.121,104.612,70.1591,54.4709,46.9725,41.2916,36.8389,33.2555,29.2728,25.7527,21.024,15.4015,10.7009,7.56784,3.93107,-1.0,-1.0,-1.0,-1.0,-1.0
3.568,0.0,0.9999999999999998,0.0,4,137.135,-0.0471752,2.36271,125.623,125.623,126.71,126.71,-0.514655,61.6771,0.0720573,10665.1,0.0,13.8882,35.4097,66.3592,167.242,144.045,102.465,68.723,53.3572,46.0127,40.4483,36.0869,32.5767,28.6755,25.2274,20.5953,15.0876,10.4828,7.4137,3.85103,-1.0,-1.0,-1.0,-1.0,-1.0
3.59,0.0,0.9999999999999998,0.0,4,137.895,-0.036315,2.37714,126.321,126.321,127.363,127.363,-0.524785,62.5155,0.0720616,10720.1,0.0,13.9811,35.6471,66.8051,166.153,142.961,100.311,67.282,52.2395,45.0494,39.6017,35.3318,31.8953,28.0759,24.7,20.1648,14.7723,10.2639,7.2589,3.77064,-1.0,-1.0,-1.0,-1.0,-1.0
3.612,0.0,0.9999999999999998,0.0,4,138.653,-0.0281085,2.38983,127.016,127.017,128.021,128.021,-0.53496,63.3585,0.0720654,10775.5,0.0,14.0745,35.8855,67.2528,165.059,141.869,98.1498,65.8354,51.1174,44.0821,38.7517,34.5736,31.211,27.4736,24.1703,19.7325,14.4557,10.044,7.1034,3.68989,-1.0,-1.0,-1.0,-1.0,-1.0
3.634,0.0,0.9999999999999998,0.0,4,139.409,-0.0218926,2.40233,127.711,127.712,128.683,128.683,-0.545184,64.2061,0.0720688,10831.2,0.0,14.1683,36.125,67.7024,163.959,140.768,95.9807,64.3827,49.9904,43.1107,37.8979,33.8121,30.5237,26.8687,23.6382,19.2982,14.1377,9.82306,6.94717,3.60875,-1.0,-1.0,-1.0,-1.0,-1.0
3.656,0.0,0.9999999999999998,0.0,4,140.163,-0.0172016,2.41486,128.404,128.405,129.346,129.346,-0.555458,65.0584,0.0720718,10887.0,0.0,14.2626,36.3656,68.154,162.854,139.658,93.8026,62.9239,48.8585,42.1348,37.0403,33.0471,29.8332,26.261,23.1037,18.8619,13.8181,9.60106,6.79019,3.52722,-1.0,-1.0,-1.0,-1.0,-1.0
3.678,0.0,0.9999999999999998,0.0,4,140.915,-0.0137068,2.42628,129.096,129.097,130.018,130.018,-0.565783,65.9152,0.072074,10943.6,0.0,14.3573,36.6073,68.6075,161.742,138.54,91.6168,61.4593,47.7218,41.1547,36.1789,32.2787,29.1396,25.6505,22.5667,18.4235,13.497,9.378,6.63245,3.4453,-1.0,-1.0,-1.0,-1.0,-1.0
3.7,0.0,0.9999999999999998,0.0,4,141.666,-0.0111345,2.43614,129.786,129.786,130.688,130.688,-0.576159,66.7765,0.0720756,10999.9,0.0,14.4524,36.8501,69.063,160.626,137.413,89.4227,59.9884,46.5801,40.1704,35.3136,31.5067,28.4427,25.0372,22.0271,17.9831,13.1744,9.15386,6.47394,3.36296,-1.0,-1.0,-1.0,-1.0,-1.0
3.722,0.0,0.9999999999999998,0.0,4,142.416,-0.00919044,2.44637,130.475,130.475,131.342,131.342,-0.586589,67.6425,0.0720771,11054.9,0.0,14.5481,37.0942,69.5207,159.503,136.276,87.2176,58.5102,45.4326,39.1809,34.4439,30.7308,27.7424,24.4207,21.4848,17.5404,12.8501,8.92855,6.3146,3.2802,-1.0,-1.0,-1.0,-1.0,-1.0
3.744,0.0,0.9999999999999998,0.0,4,143.165,-0.00771392,2.45761,131.163,131.163,131.987,131.987,-0.597075,68.5131,0.0720784,11109.2,0.0,14.6443,37.3395,69.9809,158.374,135.129,85.0012,57.0242,44.2791,38.1863,33.5696,29.9509,27.0383,23.801,20.9396,17.0953,12.5241,8.70204,6.15442,3.197,-1.0,-1.0,-1.0,-1.0,-1.0
3.766,0.12,0.9999999999999998,0.0,4,143.913,-0.00661118,2.46989,131.85,131.85,132.629,132.629,-0.607614,69.3882,0.0720796,11163.2,0.0,14.7409,37.5861,70.4433,157.24,133.972,82.7745,55.5312,43.12,37.1868,32.6911,29.1671,26.3307,23.1782,20.3917,16.648,12.1964,8.4744,5.99343,3.11338,-1.0,-1.0,-1.0,-1.0,-1.0
3.788,0.22263090909090907,0.9999999999999998,0.0,4,144.648,0.194177,2.48319,132.639,132.176,133.285,133.285,-0.617968,70.2679,0.0696483,11218.6,0.0,14.7944,37.485,69.6717,157.043,134.285,88.1202,57.352,43.9359,37.6485,32.9376,29.2765,26.3496,23.1171,20.2778,16.4894,12.0232,8.32076,5.8687,3.03762,-1.0,-1.0,-1.0,-1.0,-1.0
3.81,0.10263090909090908,0.9999999999999998,0.0,4,145.346,0.0178668,2.49628,133.534,132.157,134.065,134.065,-0.627657,71.1523,0.0619364,11285.0,0.0,14.7526,36.6563,66.4491,158.944,137.389,116.999,69.2512,50.2392,42.0057,36.0933,31.642,28.17,24.4216,21.2013,17.006,12.2032,8.33426,5.82593,2.98066,-1.0,-1.0,-1.0,-1.0,-1.0
3.832,0.0,0.9999999999999998,0.0,4,146.038,-0.744781,2.5085,134.803,132.687,134.928,134.928,-0.636529,72.0413,0.0515027,11357.2,0.0,14.6606,35.5174,62.4307,162.081,141.287,126.704,99.8988,64.0614,50.998,42.3627,36.2306,31.6514,26.8958,22.9579,18.0206,12.6202,8.45311,5.83402,2.93686,-1.0,-1.0,-1.0,-1.0,-1.0
3.854,0.0,0.9999999999999998,0.0,4,146.767,-1.53707,2.52196,135.26,133.676,135.575,135.575,-0.644877,72.9348,0.0439905,11410.6,0.0,14.6141,34.791,59.9244,164.123,143.435,130.581,119.821,80.3018,60.4353,48.452,40.4371,34.6997,28.9524,24.3481,18.7634,12.8823,8.49828,5.80846,2.88906,-1.0,-1.0,-1.0,-1.0,-1.0
3.876,0.0,0.9999999999999998,0.0,4,147.511,-1.66351,2.53485,135.543,134.759,136.075,136.075,-0.652874,73.833,0.040522,11452.7,0.0,14.6298,34.5552,58.9907,164.441,143.754,131.484,121.991,90.2928,65.5159,51.4121,42.3077,35.945,29.6964,24.7782,18.915,12.8582,8.4197,5.72807,2.83302,-1.0,-1.0,-1.0,-1.0,-1.0
3.898,0.0,0.9999999999999998,0.0,4,148.254,-1.49049,2.54651,136.011,135.654,136.601,136.601,-0.660466,74.7358,0.0389872,11497.0,0.0,14.6726,34.537,58.7331,163.903,143.266,131.226,122.128,94.6117,67.3325,52.2664,42.7125,36.1139,29.6952,24.6855,18.7613,12.6958,8.28539,5.62493,2.77499,-1.0,-1.0,-1.0,-1.0,-1.0
3.92,0.0,0.9999999999999998,0.0,4,148.996,-1.22716,2.55848,136.587,136.441,137.158,137.158,-0.667692,75.6433,0.0383805,11544.1,0.0,14.7268,34.6176,58.7816,162.948,142.402,130.45,121.477,95.2823,67.2473,51.9623,42.3414,35.729,29.3219,24.3384,18.4645,12.4721,8.1285,5.51383,2.71746,-1.0,-1.0,-1.0,-1.0,-1.0
3.942,0.0,0.9999999999999998,0.0,4,149.734,-0.964257,2.5708,137.218,137.17,137.747,137.747,-0.674615,76.5553,0.0382042,11593.7,0.0,14.7851,34.7411,58.9654,161.801,141.366,129.44,120.483,94.0899,66.2399,51.1144,41.6149,35.0953,28.7855,23.8826,18.1092,12.2256,7.9647,5.40141,2.66128,-1.0,-1.0,-1.0,-1.0,-1.0
3.964,0.0,0.9999999999999998,0.0,4,150.469,-0.736616,2.58341,137.873,137.869,138.358,138.358,-0.681307,77.472,0.0382122,11645.2,0.0,14.8443,34.8808,59.2038,160.569,140.254,128.33,119.344,92.1192,64.86,50.0527,40.7522,34.3686,28.1901,23.3891,17.7355,11.9735,7.80064,5.29021,2.60652,-1.0,-1.0,-1.0,-1.0,-1.0
3.986,0.0,0.9999999999999998,0.0,4,151.201,-0.552822,2.59624,138.539,138.552,138.983,138.983,-0.687824,78.3931,0.0382869,11697.8,0.0,14.903,35.0247,59.459,159.306,139.112,127.182,118.15,89.912,63.3732,48.9335,39.8554,33.6207,27.5833,22.89,17.3608,11.7233,7.63886,5.18102,2.55304,-1.0,-1.0,-1.0,-1.0,-1.0
4.008,0.0,0.9999999999999998,0.0,4,151.932,-0.410178,2.60877,139.209,139.226,139.614,139.614,-0.694221,79.3187,0.038376,11751.0,0.0,14.961,35.1678,59.7151,158.034,137.96,126.022,116.941,87.6946,61.888,47.8195,38.965,32.8793,26.9828,22.3967,16.9911,11.4767,7.47971,5.0737,2.50053,-1.0,-1.0,-1.0,-1.0,-1.0
4.03,0.0,0.9999999999999998,0.0,4,152.66,-0.302029,2.62114,139.88,139.896,140.248,140.248,-0.700536,80.2489,0.0384587,11804.3,0.0,15.0181,35.3085,59.9664,156.761,136.806,124.861,115.731,85.5455,60.4415,46.7314,38.0934,32.1527,26.3936,21.9121,16.6276,11.234,7.32285,4.96786,2.4487,-1.0,-1.0,-1.0,-1.0,-1.0
4.052,0.0,0.9999999999999998,0.0,4,153.387,-0.221267,2.63352,140.549,140.564,140.882,140.882,-0.706797,81.1835,0.038528,11857.6,0.0,15.0745,35.4467,60.2113,155.489,135.652,123.703,114.527,83.4816,59.0405,45.6722,37.2424,31.4416,25.8156,21.4359,16.2696,10.9944,7.16779,4.86313,2.39735,10.2408,10.2431,10.2484,10.2568,10.2685
4.074,0.0,0.9999999999999998,0.0,4,154.113,-0.161558,2.64556,141.218,141.229,141.515,141.515,-0.713025,82.1226,0.0385831,11910.9,0.0,15.1304,35.5825,60.4503,154.219,134.498,122.547,113.326,81.4951,57.6795,44.6381,36.4089,30.7434,25.2468,20.9665,15.9159,10.7572,7.014,4.75915,2.3463,-1.0,-1.0,-1.0,-1.0,-1.0
4.096,0.0,0.9999999999999998,0.0,4,154.837,-0.117713,2.65748,141.884,141.893,142.146,142.146,-0.719238,83.0661,0.0386257,11964.0,0.0,15.186,35.7166,60.6846,152.949,133.343,121.392,112.129,79.5705,56.3505,43.6236,35.5886,30.0551,24.6849,20.502,15.5653,10.5216,6.86101,4.65561,2.29542,-1.0,-1.0,-1.0,-1.0,-1.0
4.118,0.0,0.9999999999999998,0.0,4,155.559,-0.0856654,2.66951,142.549,142.556,142.773,142.773,-0.725448,84.014,0.0386582,12016.7,0.0,15.2414,35.8495,60.9153,151.679,132.185,120.236,110.931,77.6912,55.044,42.6228,34.7775,29.3732,24.1273,20.0406,15.2164,10.2868,6.70837,4.55224,2.24457,-1.0,-1.0,-1.0,-1.0,-1.0
4.14,0.0,0.9999999999999998,0.0,4,156.28,-0.0623262,2.6817,143.212,143.217,143.398,143.398,-0.731663,84.9663,0.0386826,12069.3,0.0,15.2967,35.9815,61.1433,150.406,131.025,119.078,109.731,75.8453,53.7543,41.6318,33.9729,28.6959,23.5728,19.5812,14.8687,10.0524,6.5559,4.44893,2.19372,-1.0,-1.0,-1.0,-1.0,-1.0
4.162,0.0,0.9999999999999998,0.0,4,156.999,-0.0453761,2.69413,143.874,143.878,144.022,144.022,-0.737888,85.923,0.038701,12121.8,0.0,15.352,36.1131,61.3697,149.131,129.86,117.916,108.526,74.0216,52.475,40.6466,33.1718,28.0209,23.0197,19.1226,14.5213,9.81808,6.40333,4.3455,2.14279,-1.0,-1.0,-1.0,-1.0,-1.0
4.184,0.0,0.9999999999999998,0.0,4,157.716,-0.0331015,2.70686,144.534,144.537,144.645,144.645,-0.744131,86.8841,0.0387147,12174.3,0.0,15.4073,36.2445,61.595,147.852,128.691,116.75,107.316,72.2121,51.2018,39.6644,32.3724,27.347,22.467,18.6641,14.1736,9.58345,6.2505,4.24186,2.09173,-1.0,-1.0,-1.0,-1.0,-1.0
4.206,0.12,0.9999999999999998,0.0,4,158.432,-0.0242315,2.72009,145.192,145.195,145.268,145.268,-0.750391,87.8495,0.0387249,12226.6,0.0,15.4628,36.3758,61.8197,146.569,127.516,115.578,106.099,70.4116,49.9321,38.6838,31.5736,26.673,21.914,18.2052,13.8255,9.34837,6.09731,4.13796,2.04053,-1.0,-1.0,-1.0,-1.0,-1.0
4.228,0.1798313636363637,0.9999999999999998,0.0,4,159.134,0.169775,2.73327,145.957,145.472,145.905,145.905,-0.756422,88.8194,0.0361265,12280.5,0.0,15.4727,36.1894,61.1118,146.32,127.35,115.809,107.085,78.2702,53.3451,40.463,32.5943,27.2895,22.2278,18.3428,13.8211,9.27097,6.01166,4.0652,1.99604,-1.0,-1.0,-1.0,-1.0,-1.0
4.25,0.17785181818181814,0.9999999999999998,0.0,4,159.804,-0.129292,2.74625,146.947,145.496,146.652,146.652,-0.761719,89.7936,0.0282534,12343.9,0.0,15.3896,35.3845,58.66,148.236,129.103,118.524,111.26,101.989,73.2212,50.6089,38.6697,31.2904,24.6959,19.9052,14.6021,9.54015,6.07186,4.05989,1.9671,-1.0,-1.0,-1.0,-1.0,-1.0
4.272,0.17593727272727275,0.9999999999999998,0.0,4,160.452,-0.863175,2.75886,147.966,145.7,147.511,147.511,-0.766027,90.772,0.01677,12416.4,0.0,15.243,34.2179,55.3383,151.836,131.915,122.343,116.221,109.693,103.488,83.7153,55.0658,41.028,30.2396,23.2553,16.2341,10.1363,6.25917,4.11227,1.95286,-1.0,-1.0,-1.0,-1.0,-1.0
4.294,0.17406113636363638,0.9999999999999998,0.0,4,161.087,-1.74283,2.77138,148.765,146.048,148.398,148.398,-0.769167,91.7546,0.0035174,12491.1,0.0,15.065,32.9413,51.9147,89.6708,135.221,126.272,120.923,115.598,111.199,105.886,98.0775,66.0494,41.7396,29.3848,18.904,11.0482,6.55307,4.2111,1.95183,-1.0,-1.0,-1.0,-1.0,-1.0
4.316,0.17222045454545454,0.9999999999999998,0.0,4,161.71,-2.61973,2.78406,149.406,146.479,149.266,149.266,-0.77097,92.7412,-0.0104812,12563.9,0.0,14.8721,31.6754,48.7083,80.337,139.073,129.963,125.154,120.529,116.893,112.855,108.188,102.291,71.6155,41.4584,23.1745,12.3289,6.95266,4.35363,1.96408,-1.0,-1.0,-1.0,-1.0,-1.0
4.338,0.1704152272727273,0.9999999999999998,0.0,4,162.321,-3.42503,2.79672,149.956,146.958,150.099,150.099,-0.7713,93.7316,-0.0246496,12633.9,0.0,14.6728,30.4719,45.818,72.646,143.342,133.563,128.901,124.74,121.548,118.118,114.368,110.157,102.815,72.2875,30.3931,14.0928,7.46815,4.54122,1.99024,-1.0,-1.0,-1.0,-1.0,-1.0
4.36,0.16863363636363632,0.9999999999999998,0.0,4,162.924,-4.12923,2.80919,150.456,147.466,150.89,150.89,-0.770046,94.7259,-0.0386619,12700.3,0.0,14.4708,29.3482,43.2485,66.3177,147.95,137.421,132.431,128.372,125.479,122.421,119.161,115.64,110.071,101.944,44.2981,16.5406,8.11846,4.77779,2.03125,-1.0,-1.0,-1.0,-1.0,-1.0
4.382,0.1668697727272728,0.9999999999999998,0.0,4,163.521,-4.723,2.82208,150.93,147.989,151.636,151.636,-0.767121,95.7237,-0.0523608,12763.0,0.0,14.2674,28.3036,40.9656,61.0583,87.0001,141.508,136.153,131.81,128.884,126.058,123.115,119.996,115.243,108.982,80.0665,20.0311,8.93208,5.06927,2.0882,-1.0,-1.0,-1.0,-1.0,-1.0
4.404,0.16511772727272722,0.9999999999999998,0.0,4,164.114,-5.21084,2.83373,151.396,148.528,152.334,152.334,-0.762456,96.7251,-0.0656547,12821.4,0.0,14.0626,27.332,38.9296,56.6326,78.3001,145.802,140.052,135.4,132.274,129.299,126.464,123.618,119.365,113.987,100.87,25.2311,9.9467,5.42268,2.16213,-1.0,-1.0,-1.0,-1.0,-1.0
4.426,0.1633656818181818,0.9999999999999998,0.0,4,164.707,-5.59427,2.84439,151.859,149.08,152.98,152.98,-0.755999,97.7298,-0.0784805,12875.6,0.0,13.8564,26.4262,37.104,52.8624,71.3092,86.4949,144.107,139.126,135.785,132.612,129.592,126.717,122.788,117.956,107.169,33.5177,11.2112,5.84581,2.25408,-1.0,-1.0,-1.0,-1.0,-1.0
4.448,0.1625,0.9999999999999998,0.0,4,165.301,-5.87496,2.85575,152.324,149.645,153.57,153.57,-0.747715,98.7376,-0.0907999,12925.1,0.0,13.6485,25.5787,35.4567,49.6119,65.5707,78.2392,87.369,142.968,139.4,136.015,132.801,129.744,125.71,121.239,111.714,48.2565,12.7889,6.347,2.36489,-1.0,-1.0,-1.0,-1.0,-1.0
4.47,0.1625,0.9999999999999998,0.0,4,165.896,-6.06088,2.86622,152.79,150.211,154.13,154.13,-0.737574,99.7486,-0.102626,12972.2,0.0,13.4379,24.78,33.9564,46.7698,60.7595,71.5356,79.0342,87.3491,143.117,139.509,136.089,132.842,128.564,124.022,115.329,80.555,14.7691,6.93664,2.49554,-1.0,-1.0,-1.0,-1.0,-1.0
4.492,0.04250000000000001,0.9999999999999998,0.0,4,166.492,-6.16887,2.8755,153.267,150.78,154.666,154.666,-0.725559,100.763,-0.114021,13017.2,0.0,13.2233,24.0201,32.5732,44.2444,56.6376,65.9442,72.3013,78.9756,84.5854,143.114,139.474,136.026,131.491,126.687,118.342,95.8535,17.2832,7.62763,2.64706,-1.0,-1.0,-1.0,-1.0,-1.0
4.514,0.0,0.9999999999999998,0.0,4,167.109,-6.28425,2.88326,154.054,151.876,155.117,155.117,-0.711745,101.779,-0.123944,13054.4,0.0,13.0154,23.344,31.3849,42.1544,53.3401,61.5759,67.1225,72.8783,77.641,83.0792,142.505,138.867,134.092,129.044,120.582,100.903,20.2541,8.38847,2.81561,-1.0,-1.0,-1.0,-1.0,-1.0
4.536,0.01563972,0.9999999999999998,0.0,4,167.787,-6.04836,2.89082,154.459,153.005,155.349,155.349,-0.696379,102.799,-0.130331,13073.2,0.0,12.835,22.8372,30.5406,40.7409,51.1958,58.804,63.8858,69.1238,73.431,78.3171,84.1976,140.417,135.489,130.288,121.599,103.234,23.0522,9.11203,2.99029,-1.0,-1.0,-1.0,-1.0,-1.0
4.558,0.016074119999999997,0.9999999999999998,0.0,4,168.496,-5.3199,2.9005,154.788,153.918,155.477,155.477,-0.679538,103.823,-0.133951,13083.9,0.0,12.6725,22.4474,29.9311,39.7786,49.7993,57.0456,61.8643,66.8134,70.8696,75.4563,80.6842,140.866,135.865,130.59,121.788,104.105,25.4952,9.79121,3.17112,-1.0,-1.0,-1.0,-1.0,-1.0
4.58,0.01633344,0.9999999999999998,0.0,4,169.209,-4.45801,2.91028,155.272,154.75,155.653,155.653,-0.661281,104.849,-0.136112,13099.1,0.0,12.5141,22.1083,29.4279,39.0243,48.7483,55.7543,60.4014,65.1643,69.0605,73.4582,78.4604,86.8459,135.689,130.385,121.541,104.307,27.7404,10.4619,3.36132,-1.0,-1.0,-1.0,-1.0,-1.0
4.602,0.01649016,0.9999999999999998,0.0,4,169.92,-3.6004,2.92146,155.837,155.52,155.916,155.916,-0.64175,105.879,-0.137418,13121.5,0.0,12.3548,21.7921,28.9768,38.3757,47.8757,54.7055,59.2288,63.8592,67.6428,71.9086,76.7551,83.4993,135.189,129.883,121.039,104.151,29.8712,11.1387,3.56127,-1.0,-1.0,-1.0,-1.0,-1.0
4.624,0.01659888,0.9999999999999998,0.0,4,170.624,-2.83498,2.93529,156.452,156.237,156.283,156.283,-0.621118,106.913,-0.138324,13152.8,0.0,12.1911,21.4798,28.5411,37.7646,47.0712,53.752,58.172,62.6929,66.3841,70.5428,75.2636,81.3748,134.541,129.245,120.421,103.835,31.9933,11.8347,3.77088,-1.0,-1.0,-1.0,-1.0,-1.0
4.646,0.01669968,0.9999999999999998,0.0,4,171.321,-2.20628,2.94872,157.094,156.905,156.755,156.755,-0.599543,107.95,-0.139164,13192.8,0.0,12.0213,21.159,28.0962,37.145,46.2608,52.7956,57.115,61.5295,65.1313,69.1865,73.7863,79.4572,133.874,128.591,119.79,103.487,34.2187,12.5625,3.99005,-1.0,-1.0,-1.0,-1.0,-1.0
4.668,0.01681344,0.9999999999999998,0.0,4,172.014,-1.72767,2.96106,157.751,157.545,157.291,157.291,-0.577162,108.991,-0.140112,13238.2,0.0,11.8446,20.8241,27.631,36.4959,45.4106,51.7914,56.0044,60.3066,63.814,67.76,72.232,77.5362,133.256,127.981,119.197,103.167,36.6243,13.3295,4.21835,-1.0,-1.0,-1.0,-1.0,-1.0
4.69,0.01694484,0.9999999999999998,0.0,4,172.703,-1.37798,2.97212,158.406,158.173,157.861,157.861,-0.554098,110.035,-0.141207,13286.2,0.0,11.6618,20.4757,27.1454,35.8162,44.5179,50.7353,54.8354,59.0182,62.4252,66.255,70.5912,75.5977,132.699,127.427,118.653,102.883,39.2405,14.1364,4.45492,-1.0,-1.0,-1.0,-1.0,-1.0
4.712,0.017092800000000002,0.9999999999999998,0.0,4,173.391,-1.12886,2.98438,159.059,158.798,158.446,158.446,-0.530437,111.083,-0.14244,13335.4,0.0,11.4736,20.1155,26.6424,35.1104,43.5892,49.6355,53.6174,57.6753,60.9771,64.6853,68.8792,73.6622,132.198,126.926,118.154,102.627,42.082,14.9823,4.69904,-1.0,-1.0,-1.0,-1.0,-1.0
4.734,0.0172548,0.9999999999999998,0.0,4,174.078,-0.955255,2.998,159.706,159.42,159.034,159.034,-0.506244,112.135,-0.14379,13385.0,0.0,11.2808,19.7455,26.1251,34.3841,42.6331,48.503,52.3632,56.2922,59.486,63.0689,67.1167,71.7254,131.744,126.467,117.691,102.387,45.1589,15.8662,4.95006,-1.0,-1.0,-1.0,-1.0,-1.0
4.756,0.01742688,0.9999999999999998,0.0,4,174.764,-0.835636,3.01084,160.347,160.043,159.623,159.623,-0.481561,113.191,-0.145224,13434.5,0.0,11.0841,19.3681,25.5975,33.6436,41.6592,47.3503,51.0872,54.8861,57.9706,61.4273,65.3277,69.7627,131.323,126.039,117.255,102.15,48.4735,16.7859,5.20751,-1.0,-1.0,-1.0,-1.0,-1.0
4.778,0.01760556,0.9999999999999998,0.0,4,175.45,-0.752762,3.02649,160.983,160.668,160.189,160.189,-0.456421,114.251,-0.146713,13482.1,0.0,10.884,18.9847,25.0624,32.894,40.675,46.187,49.8006,53.4696,56.4452,59.7764,63.5304,67.7932,78.0825,125.63,116.835,101.908,52.029,17.74,5.47098,-1.0,-1.0,-1.0,-1.0,-1.0
4.8,0.01779216,0.9999999999999998,0.0,4,176.134,-0.69328,3.0434,161.62,161.29,160.774,160.774,-0.430842,115.314,-0.148268,13531.4,0.0,10.6805,18.5955,24.5198,32.1349,39.6801,45.0126,48.5028,52.042,54.909,58.1149,61.7234,65.8151,73.5596,125.244,116.435,101.661,55.8607,18.7306,5.74046,-1.0,-1.0,-1.0,-1.0,-1.0
4.822,0.01798656,0.9999999999999998,0.0,4,176.816,-0.658352,3.05888,162.254,161.911,161.373,161.373,-0.404832,116.381,-0.149888,13581.9,0.0,10.4738,18.2009,23.9702,31.3675,38.6761,43.829,47.196,50.6059,53.3648,56.4464,59.9105,63.8328,70.6035,124.881,116.054,101.409,60.0005,19.7593,6.01597,-1.0,-1.0,-1.0,-1.0,-1.0
4.844,0.018185519999999997,0.9999999999999998,0.0,4,177.497,-0.638421,3.07242,162.884,162.533,161.979,161.979,-0.378399,117.453,-0.151546,13632.8,0.0,10.2642,17.8019,23.4158,30.5955,37.6687,42.6436,45.8889,49.1712,51.8236,54.7829,58.1054,61.8619,68.0829,124.53,115.683,101.145,64.4578,20.8247,6.29732,-1.0,-1.0,-1.0,-1.0,-1.0
4.866,0.01838748,0.9999999999999998,0.0,4,178.176,-0.627879,3.0841,163.512,163.155,162.584,162.584,-0.351548,118.528,-0.153229,13683.8,0.0,10.0518,17.3994,22.8579,29.8208,36.6609,41.46,44.5856,47.7425,50.2906,53.1304,56.3145,59.9095,65.7985,124.188,115.32,100.866,68.4537,21.927,6.58443,-1.0,-1.0,-1.0,-1.0,-1.0
4.888,0.018592079999999997,0.9999999999999998,0.0,4,178.855,-0.623,3.09927,164.14,163.778,163.187,163.187,-0.324282,119.606,-0.154934,13734.5,0.0,9.83678,16.9934,22.2966,29.044,35.6534,40.2794,43.2872,46.3213,48.7673,51.4902,54.5396,57.9776,63.5982,123.853,114.962,100.57,70.6501,23.0671,6.8773,-1.0,-1.0,-1.0,-1.0,-1.0
4.91,0.01880268,0.9999999999999998,0.0,4,179.532,-0.621237,3.11335,164.767,164.395,163.783,163.783,-0.296599,120.689,-0.156689,13784.6,0.0,9.61883,16.5831,21.7305,28.2625,34.642,39.0963,41.9876,44.9003,47.2456,49.8535,52.7704,56.0544,61.4126,123.535,114.619,100.266,72.1613,24.2507,7.17633,-1.0,-1.0,-1.0,-1.0,-1.0
4.932,0.01901916,0.9999999999999998,0.0,4,180.21,-0.627971,3.12749,165.393,165.012,164.364,164.364,-0.268485,121.775,-0.158493,13833.3,0.0,9.39796,16.1687,21.1598,27.4767,33.6278,37.9119,40.6881,43.481,45.7273,48.2222,51.0091,54.1423,59.2444,67.8923,114.29,99.9528,73.3071,25.48,7.48172,-1.0,-1.0,-1.0,-1.0,-1.0
4.954,0.0192372,0.9999999999999998,0.0,4,180.887,-0.635384,3.14575,166.017,165.632,164.93,164.93,-0.239943,122.866,-0.16031,13881.1,0.0,9.17444,15.7513,20.5867,26.6902,32.6161,36.7332,39.3966,42.0727,44.2224,46.6073,49.2681,52.2553,57.1103,64.311,113.965,99.623,74.2022,26.7522,7.79321,-1.0,-1.0,-1.0,-1.0,-1.0
4.976,0.019455359999999998,0.9999999999999998,0.0,4,181.561,-0.641655,3.16261,166.637,166.252,165.523,165.523,-0.210968,123.96,-0.162128,13931.0,0.0,8.94833,15.3312,20.0118,25.9043,31.6088,35.5623,38.1158,40.6781,42.734,45.0123,47.5511,50.3975,55.0148,61.5202,113.64,99.2736,74.9126,28.067,8.11075,-1.0,-1.0,-1.0,-1.0,-1.0
4.998,0.01967352,0.9999999999999998,0.0,4,182.234,-0.647346,3.17703,167.256,166.87,166.123,166.123,-0.181553,125.057,-0.163946,13981.6,0.0,8.71959,14.9085,19.435,25.1188,30.6054,34.3988,36.845,39.2964,41.2611,43.4361,45.8568,48.5671,52.9558,59.0664,113.314,98.9162,75.4811,29.4261,8.43446,-1.0,-1.0,-1.0,-1.0,-1.0
5.02,0.01989636,0.9999999999999998,0.0,4,182.905,-0.651845,3.18901,167.876,167.482,166.725,166.725,-0.151696,126.159,-0.165803,14032.2,0.0,8.48797,14.482,18.8546,24.3305,29.6012,33.2366,35.577,37.9196,39.7948,41.8685,44.1738,46.7515,50.9178,56.7029,113.0,98.5675,75.9476,30.838,8.7649,-1.0,-1.0,-1.0,-1.0,-1.0
5.042,0.02012508,0.9999999999999998,0.0,4,183.575,-0.662998,3.20339,168.499,168.095,167.324,167.324,-0.12139,127.264,-0.167709,14082.6,0.0,8.25341,14.0516,18.2701,23.5389,28.5953,32.0744,34.3106,36.5459,38.3333,40.3077,42.5,44.9481,48.8975,54.3669,112.701,98.2299,76.3326,32.3077,9.10237,-1.0,-1.0,-1.0,-1.0,-1.0
5.064,0.020357519999999997,0.9999999999999998,0.0,4,184.244,-0.676853,3.21854,169.118,168.707,167.916,167.916,-0.0906278,128.373,-0.169646,14132.3,0.0,8.01599,13.6178,17.6824,22.7455,27.5901,30.9155,33.0493,35.1796,36.8811,38.7586,40.8408,43.1629,46.9023,52.0669,112.412,97.8993,76.6438,33.8352,9.44684,6.6831,6.66,6.63907,6.62029,6.60362
5.086,0.0205914,0.9999999999999998,0.0,4,184.913,-0.690152,3.23219,169.733,169.319,168.499,168.499,-0.0594045,129.485,-0.171595,14181.3,0.0,7.77579,13.1811,17.0926,21.952,26.5881,29.7627,31.7965,33.8244,35.4423,37.2256,39.2011,41.4013,44.9382,49.8103,112.127,97.5711,76.8859,35.4194,9.7982,-1.0,-1.0,-1.0,-1.0,-1.0
5.108,0.020829,0.9999999999999998,0.0,4,185.583,-0.698393,3.25176,170.35,169.93,169.043,169.043,-0.0277115,130.601,-0.173575,14227.2,0.0,7.53268,12.741,16.4998,21.1568,25.587,28.6132,30.5488,32.4764,34.0125,35.704,37.5756,39.6574,42.9979,47.5878,111.853,97.2507,77.0729,37.0678,10.1569,-1.0,-1.0,-1.0,-1.0,-1.0
5.13,0.021070079999999998,0.9999999999999998,0.0,4,186.249,-0.709705,3.27055,170.965,170.54,169.624,169.624,0.00445898,131.721,-0.175584,14276.1,0.0,7.28663,12.2975,15.904,20.3603,24.5871,27.4675,29.3069,31.1364,32.5927,34.1947,35.9651,37.9319,41.0824,45.4002,58.9713,96.937,77.2099,38.7832,10.5231,-1.0,-1.0,-1.0,-1.0,-1.0
5.152,0.02131248,0.9999999999999998,0.0,4,186.913,-0.72104,3.28666,171.577,171.149,170.217,170.217,0.0371147,132.845,-0.177604,14326.1,0.0,7.03769,11.851,15.3061,19.5637,23.5904,26.3278,28.0733,29.8071,31.1858,32.7007,34.3732,36.2288,39.1962,43.2528,54.1051,96.6264,77.298,40.5651,10.8968,-1.0,-1.0,-1.0,-1.0,-1.0
5.174,0.021555839999999996,0.9999999999999998,0.0,4,187.576,-0.731849,3.29953,172.187,171.757,170.814,170.814,0.0702606,133.972,-0.179632,14376.3,0.0,6.78587,11.4017,14.7061,18.7672,22.597,25.1945,26.8481,28.4888,29.7919,31.2225,32.8,34.5481,37.339,41.1451,50.919,96.3177,77.3411,42.4156,11.2779,-1.0,-1.0,-1.0,-1.0,-1.0
5.196,0.02180448,0.9999999999999998,0.0,4,188.237,-0.740515,3.31371,172.801,172.361,171.409,171.409,0.103892,135.102,-0.181704,14426.3,0.0,6.53105,10.9489,14.1028,17.9688,21.6039,24.0636,25.627,27.1763,28.4055,29.7536,31.2385,32.8821,35.5015,39.0653,48.1531,96.0203,77.351,44.3485,11.6672,-1.0,-1.0,-1.0,-1.0,-1.0
5.218,0.022060319999999998,0.9999999999999998,0.0,4,188.897,-0.756883,3.32991,173.415,172.963,171.995,171.995,0.138039,136.237,-0.183836,14475.6,0.0,6.27297,10.492,13.4957,17.1674,20.6097,22.9334,24.408,25.8675,27.0243,28.2916,29.686,31.2275,33.6802,37.0089,45.4558,95.7382,77.3338,46.375,12.0655,-1.0,-1.0,-1.0,-1.0,-1.0
5.24,0.02231904,0.9999999999999998,0.0,4,189.557,-0.774565,3.34374,174.023,173.566,172.575,172.575,0.172693,137.374,-0.185992,14524.3,0.0,6.01189,10.032,12.8862,16.3655,19.618,21.8083,23.1961,24.568,25.6542,26.843,28.1495,29.5921,31.8838,34.9866,42.8221,95.4629,77.2839,48.4269,12.4721,-1.0,-1.0,-1.0,-1.0,-1.0
5.262,0.02257788,0.9999999999999998,0.0,4,190.219,-0.787881,3.36434,174.629,174.172,173.104,173.104,0.207869,138.516,-0.188149,14568.9,0.0,5.74782,9.56924,12.2749,15.5643,18.6303,20.6901,21.9933,23.2801,24.2977,25.4104,26.632,27.9793,30.116,33.0024,40.2573,95.189,77.1991,50.0624,12.8869,-1.0,-1.0,-1.0,-1.0,-1.0
5.284,0.022839119999999997,0.9999999999999998,0.0,4,190.876,-0.794675,3.3847,175.236,174.774,173.675,173.675,0.24357,139.66,-0.190326,14616.9,0.0,5.48066,9.10335,11.6612,14.7626,17.6451,19.5771,20.7976,22.0012,22.9522,23.9909,25.1302,26.3851,28.3723,31.0506,37.7519,94.921,77.0851,51.356,13.3105,-1.0,-1.0,-1.0,-1.0,-1.0
5.306,0.02310432,0.9999999999999998,0.0,4,191.532,-0.806204,3.40184,175.841,175.373,174.261,174.261,0.279811,140.809,-0.192536,14666.3,0.0,5.2103,8.63406,11.0448,13.9599,16.6614,18.468,19.6075,20.7299,21.6158,22.5826,23.6417,24.8071,26.6497,29.1274,35.2992,94.6628,76.9466,52.4153,13.7432,-1.0,-1.0,-1.0,-1.0,-1.0
5.328,0.02337156,0.9999999999999998,0.0,4,192.185,-0.819059,3.41511,176.444,175.972,174.852,174.852,0.316588,141.96,-0.194763,14716.0,0.0,4.93684,8.16173,10.4262,13.157,15.6806,17.3643,18.4246,19.468,20.2906,21.1874,22.169,23.2477,24.9507,27.2358,32.9026,94.4102,76.7817,53.2956,14.1851,-1.0,-1.0,-1.0,-1.0,-1.0
5.35,0.023640480000000002,0.9999999999999998,0.0,4,192.838,-0.83127,3.42987,177.048,176.572,175.44,175.44,0.353911,143.116,-0.197004,14765.5,0.0,4.66023,7.68636,9.80544,12.3541,14.7026,16.266,17.2491,18.2153,18.9763,19.8053,20.7116,21.7066,23.275,25.3749,30.5604,94.1633,76.5914,54.0346,14.6362,-1.0,-1.0,-1.0,-1.0,-1.0
5.372,0.02391672,0.9999999999999998,0.0,4,193.489,-0.843456,3.44674,177.653,177.165,176.021,176.021,0.391791,144.274,-0.199306,14814.3,0.0,4.38029,7.20732,9.18147,11.5494,13.7251,15.17,16.0773,16.9681,17.6689,18.4316,19.2646,20.1781,21.6158,23.5367,28.26,93.9334,76.3853,54.6665,15.0978,-1.0,-1.0,-1.0,-1.0,-1.0
5.394,0.0241992,0.9999999999999998,0.0,4,194.14,-0.862709,3.46112,178.255,177.757,176.591,176.591,0.430237,145.436,-0.20166,14862.2,0.0,4.09701,6.7248,8.55463,10.7434,12.7487,14.0775,14.9105,15.7274,16.3695,17.0676,17.8294,18.6638,19.975,21.7232,26.0037,93.7189,76.1621,55.2071,15.5701,-1.0,-1.0,-1.0,-1.0,-1.0
5.416,0.02448276,0.9999999999999998,0.0,4,194.793,-0.878413,3.48359,178.855,178.354,177.108,177.108,0.469251,146.601,-0.204023,14905.7,0.0,3.81053,6.23936,7.92592,9.93782,11.7758,12.9909,13.7516,14.4967,15.0818,15.7173,16.4101,17.1681,18.3576,19.9401,23.7991,39.1525,75.9155,55.6624,16.0523,-1.0,-1.0,-1.0,-1.0,-1.0
5.438,0.02476428,0.9999999999999998,0.0,4,195.442,-0.888149,3.5049,179.45,178.952,177.672,177.672,0.50885,147.77,-0.206369,14953.3,0.0,3.52081,5.75113,7.29557,9.13304,10.807,11.9112,12.6014,13.2768,13.8066,14.3816,15.0078,15.6922,16.7647,18.1887,21.6474,35.0418,75.6443,56.0394,16.5441,-1.0,-1.0,-1.0,-1.0,-1.0
5.46,0.02504916,0.9999999999999998,0.0,4,196.088,-0.894112,3.52235,180.046,179.542,178.252,178.252,0.54904,148.942,-0.208743,15002.1,0.0,3.22771,5.25962,6.66279,8.32774,9.84029,10.8358,11.4573,12.0646,12.5406,13.0568,13.6183,14.2315,15.191,16.4624,19.5386,31.2944,75.3747,56.3539,17.0467,-1.0,-1.0,-1.0,-1.0,-1.0
5.482,0.025339199999999996,0.9999999999999998,0.0,4,196.732,-0.907288,3.53535,180.642,180.13,178.837,178.837,0.589821,150.117,-0.21116,15051.4,0.0,2.93123,4.7648,6.02751,7.52176,8.87545,9.76443,10.3186,10.8596,11.2832,11.7421,12.2409,12.785,13.6352,14.7596,17.4698,27.6933,75.114,56.6149,17.5608,-1.0,-1.0,-1.0,-1.0,-1.0
5.504,0.025632839999999997,0.9999999999999998,0.0,4,197.375,-0.921935,3.55177,181.24,180.721,179.419,179.419,0.631203,151.295,-0.213607,15100.3,0.0,2.63134,4.26678,5.38992,6.71545,7.91293,8.6976,9.18604,9.66238,10.035,10.4383,10.8763,11.3535,12.0982,13.0813,15.4417,24.2346,74.8605,56.8257,18.0863,-1.0,-1.0,-1.0,-1.0,-1.0
5.526,0.02593488,0.9999999999999998,0.0,4,198.017,-0.938037,3.5689,181.837,181.304,179.991,179.991,0.673191,152.477,-0.216124,15148.4,0.0,2.32799,3.76539,4.74974,5.9083,6.95198,7.63436,8.05851,8.47171,8.79461,9.14384,9.5227,9.9351,10.5778,11.4244,13.4499,20.9018,74.6206,56.9961,18.6248,-1.0,-1.0,-1.0,-1.0,-1.0
5.548,0.026243279999999997,0.9999999999999998,0.0,4,198.66,-0.96054,3.58512,182.431,181.887,180.54,180.54,0.7158,153.662,-0.218694,15194.3,0.0,2.02116,3.26075,4.1072,5.10075,5.99323,6.57544,6.93682,7.28848,7.56304,7.85971,8.18126,8.53091,9.07506,9.79056,11.4959,17.6941,74.3921,57.1272,19.1761,-1.0,-1.0,-1.0,-1.0,-1.0
5.57,0.026551799999999997,0.9999999999999998,0.0,4,199.303,-0.977271,3.60974,183.022,182.477,181.053,181.053,0.759046,154.85,-0.221265,15237.7,0.0,1.71081,2.75304,3.46272,4.29347,5.03763,5.52202,5.82225,6.11411,6.34176,6.58753,6.85367,7.14279,7.59213,8.18186,9.58238,14.6137,74.1668,57.2156,19.7393,-1.0,-1.0,-1.0,-1.0,-1.0
5.592,0.02686236,0.9999999999999998,0.0,4,199.942,-0.986512,3.63169,183.61,183.062,181.615,181.615,0.802931,156.042,-0.223853,15285.1,0.0,1.39694,2.24223,2.81621,3.48629,4.08486,4.47363,4.71427,4.94795,5.13005,5.32649,5.53901,5.76965,6.12765,6.59663,7.70649,11.6489,73.9475,57.2661,20.3149,-1.0,-1.0,-1.0,-1.0,-1.0
5.614,0.027177,0.9999999999999998,0.0,4,200.578,-1.00073,3.64914,184.199,183.643,182.19,182.19,0.847464,157.236,-0.226475,15333.5,0.0,1.07949,1.72824,2.16753,2.67899,3.13461,3.42989,3.61241,3.78946,3.92732,4.0759,4.2365,4.41063,4.68055,5.03352,5.86596,8.79064,73.737,57.2835,20.9039,-1.0,-1.0,-1.0,-1.0,-1.0
5.636,0.027493919999999998,0.9999999999999998,0.0,4,201.213,-1.01654,3.6614,184.785,184.225,182.769,182.769,0.892655,158.434,-0.229116,15382.2,0.0,0.758419,1.2111,1.51677,1.8717,2.18701,2.39092,2.51679,2.63877,2.73365,2.83584,2.9462,3.06573,3.2508,3.49237,4.06018,6.03402,73.5335,57.2682,21.5061,-1.0,-1.0,-1.0,-1.0,-1.0
5.658,0.02781444,0.9999999999999998,0.0,4,201.847,-1.03184,3.68071,185.374,184.808,183.342,183.342,0.938509,159.635,-0.231787,15430.4,0.0,0.433735,0.690834,0.86395,1.06443,1.24205,1.35667,1.42733,1.49573,1.54889,1.6061,1.66783,1.73463,1.83792,1.97251,2.28782,3.37265,16.5111,57.223,22.1223,-1.0,-1.0,-1.0,-1.0,-1.0
5.68,0.02814276,0.9999999999999998,0.0,4,202.48,-1.04892,3.69725,185.961,185.381,183.905,183.905,0.98504,160.838,-0.234523,15477.8,0.0,0.105341,0.167342,0.208972,0.257053,0.299532,0.326887,0.343727,0.360013,0.372659,0.386256,0.400914,0.416762,0.441238,0.473075,0.547416,0.800593,3.57867,57.154,22.7541,-1.0,-1.0,-1.0,-1.0,-1.0
5.702,-0.09185723999999999,0.9999999999999998,0.0,4,203.115,-1.07057,3.7174,186.547,185.957,184.415,184.415,1.03225,162.045,-0.237307,15520.3,0.0,-1.0,-1.0,-1.0,-1.0,-1.0,-1.0,-1.0,-1.0,-1.0,-1.0,-1.0,-1.0,-1.0,-1.0,-1.0,-1.0,-1.0,-1.0,-1.0,-1.0,-1.0,-1.0,-1.0,-1.0
5.724,-0.1625,0.9999999999999998,0.0,4,203.745,-1.23166,3.74372,186.724,186.842,184.905,184.905,1.0798,163.255,-0.236479,15561.7,0.0,-1.0,-1.0,-1.0,-1.0,-1.0,-1.0,-1.0,-1.0,-1.0,-1.0,-1.0,-1.0,-1.0,-1.0,-1.0,-1.0,-1.0,-1.0,-1.0,-1.0,-1.0,-1.0,-1.0,-1.0
5.746,-0.1625,0.9999999999999998,0.0,4,204.347,-0.520478,3.76742,186.486,187.964,185.519,185.519,1.12694,164.47,-0.228264,15614.2,0.0,-1.0,-1.0,-1.0,-1.0,-1.0,-1.0,-1.0,-1.0,-1.0,-1.0,-1.0,-1.0,-1.0,-1.0,-1.0,-1.0,-1.0,-1.0,-1.0,-1.0,-1.0,-1.0,-1.0,-1.0
5.768,-0.04250000000000001,0.9999999999999998,0.0,4,204.92,0.864966,3.78614,186.473,189.02,186.302,186.302,1.17317,165.689,-0.215275,15680.5,0.0,-1.0,-1.0,-1.0,-1.0,-1.0,-1.0,-1.0,-1.0,-1.0,-1.0,-1.0,-1.0,-1.0,-1.0,-1.0,-1.0,-1.0,-1.0,-1.0,-1.0,-1.0,-1.0,-1.0,-1.0
5.79,0.024396840000000003,0.9999999999999998,0.0,4,205.508,2.42419,3.80733,187.208,189.698,186.978,186.978,1.21839,166.914,-0.203307,15736.2,0.0,-1.0,-1.0,-1.0,-1.0,-1.0,-1.0,-1.0,-1.0,-1.0,-1.0,-1.0,-1.0,-1.0,-1.0,-1.0,-1.0,-1.0,-1.0,-1.0,-1.0,-1.0,-1.0,-1.0,-1.0
5.812,0.0237558,0.9999999999999998,0.0,4,206.133,3.01896,3.838,188.448,189.642,187.359,187.359,1.26297,168.143,-0.197965,15767.5,0.0,-1.0,-1.0,-1.0,-1.0,-1.0,-1.0,-1.0,-1.0,-1.0,-1.0,-1.0,-1.0,-1.0,-1.0,-1.0,-1.0,-1.0,-1.0,-1.0,-1.0,-1.0,-1.0,-1.0,-1.0
5.834,0.023748239999999997,0.9999999999999998,0.0,4,206.775,2.50533,3.86445,189.59,189.692,187.713,187.713,1.30705,169.377,-0.197902,15797.4,0.0,-1.0,-1.0,-1.0,-1.0,-1.0,-1.0,-1.0,-1.0,-1.0,-1.0,-1.0,-1.0,-1.0,-1.0,-1.0,-1.0,-1.0,-1.0,-1.0,-1.0,-1.0,-1.0,-1.0,-1.0
5.856,0.02401272,0.9999999999999998,0.0,4,207.42,1.68135,3.90124,190.442,190.026,188.094,188.094,1.35077,170.616,-0.200106,15829.9,0.0,-1.0,-1.0,-1.0,-1.0,-1.0,-1.0,-1.0,-1.0,-1.0,-1.0,-1.0,-1.0,-1.0,-1.0,-1.0,-1.0,-1.0,-1.0,-1.0,-1.0,-1.0,-1.0,-1.0,-1.0
5.878,0.02437332,0.9999999999999998,0.0,4,208.052,0.90866,3.93431,191.123,190.509,188.615,188.615,1.39435,171.858,-0.203111,15874.1,0.0,-1.0,-1.0,-1.0,-1.0,-1.0,-1.0,-1.0,-1.0,-1.0,-1.0,-1.0,-1.0,-1.0,-1.0,-1.0,-1.0,-1.0,-1.0,-1.0,-1.0,-1.0,-1.0,-1.0,-1.0
5.9,0.024751199999999998,0.9999999999999998,0.0,4,208.677,0.300635,3.95675,191.717,191.059,189.198,189.198,1.43802,173.104,-0.20626,15923.3,0.0,-1.0,-1.0,-1.0,-1.0,-1.0,-1.0,-1.0,-1.0,-1.0,-1.0,-1.0,-1.0,-1.0,-1.0,-1.0,-1.0,-1.0,-1.0,-1.0,-1.0,-1.0,-1.0,-1.0,-1.0
5.922,0.02512308,0.9999999999999998,0.0,4,209.298,-0.140338,3.96943,192.282,191.627,189.787,189.787,1.48197,174.354,-0.209359,15972.8,0.0,-1.0,-1.0,-1.0,-1.0,-1.0,-1.0,-1.0,-1.0,-1.0,-1.0,-1.0,-1.0,-1.0,-1.0,-1.0,-1.0,-1.0,-1.0,-1.0,-1.0,-1.0,-1.0,-1.0,-1.0
5.944,0.02548404,0.9999999999999998,0.0,4,209.916,-0.454298,3.9901,192.843,192.205,190.36,190.36,1.52631,175.607,-0.212367,16021.0,0.0,-1.0,-1.0,-1.0,-1.0,-1.0,-1.0,-1.0,-1.0,-1.0,-1.0,-1.0,-1.0,-1.0,-1.0,-1.0,-1.0,-1.0,-1.0,-1.0,-1.0,-1.0,-1.0,-1.0,-1.0
5.966,0.025832159999999996,0.9999999999999998,0.0,4,210.534,-0.672075,4.00818,193.397,192.78,190.919,190.919,1.57115,176.864,-0.215268,16068.0,0.0,-1.0,-1.0,-1.0,-1.0,-1.0,-1.0,-1.0,-1.0,-1.0,-1.0,-1.0,-1.0,-1.0,-1.0,-1.0,-1.0,-1.0,-1.0,-1.0,-1.0,-1.0,-1.0,-1.0,-1.0
5.988,0.02617224,0.9999999999999998,0.0,4,211.154,-0.815874,4.03238,193.953,193.351,191.408,191.408,1.61655,178.123,-0.218102,16108.8,0.0,-1.0,-1.0,-1.0,-1.0,-1.0,-1.0,-1.0,-1.0,-1.0,-1.0,-1.0,-1.0,-1.0,-1.0,-1.0,-1.0,-1.0,-1.0,-1.0,-1.0,-1.0,-1.0,-1.0,-1.0
6.01,0.02650428,0.9999999999999998,0.0,4,211.77,-0.911671,4.06185,194.512,193.924,191.93,191.93,1.66256,179.386,-0.220869,16153.0,0.0,-1.0,-1.0,-1.0,-1.0,-1.0,-1.0,-1.0,-1.0,-1.0,-1.0,-1.0,-1.0,-1.0,-1.0,-1.0,-1.0,-1.0,-1.0,-1.0,-1.0,-1.0,-1.0,-1.0,-1.0
6.032,0.026833199999999998,0.9999999999999998,0.0,4,212.382,-0.972632,4.08611,195.07,194.488,192.483,192.483,1.70921,180.651,-0.22361,16199.6,0.0,-1.0,-1.0,-1.0,-1.0,-1.0,-1.0,-1.0,-1.0,-1.0,-1.0,-1.0,-1.0,-1.0,-1.0,-1.0,-1.0,-1.0,-1.0,-1.0,-1.0,-1.0,-1.0,-1.0,-1.0
6.054,0.02716248,0.9999999999999998,0.0,4,212.992,-1.02111,4.10314,195.63,195.048,193.044,193.044,1.75652,181.92,-0.226354,16246.8,0.0,-1.0,-1.0,-1.0,-1.0,-1.0,-1.0,-1.0,-1.0,-1.0,-1.0,-1.0,-1.0,-1.0,-1.0,-1.0,-1.0,-1.0,-1.0,-1.0,-1.0,-1.0,-1.0,-1.0,-1.0
6.076,0.02750472,0.9999999999999998,0.0,4,213.596,-1.04101,4.24332,196.256,195.638,193.596,193.596,1.80453,183.191,-0.229206,16293.0,0.0,-1.0,-1.0,-1.0,-1.0,-1.0,-1.0,-1.0,-1.0,-1.0,-1.0,-1.0,-1.0,-1.0,-1.0,-1.0,-1.0,-1.0,-1.0,-1.0,-1.0,-1.0,-1.0,-1.0,-1.0
6.098,0.14750472,0.9999999999999998,0.0,4,214.201,-1.10968,4.48751,196.865,196.159,194.082,194.082,1.85303,184.536,-0.22625,16333.8,0.0,-1.0,-1.0,-1.0,-1.0,-1.0,-1.0,-1.0,-1.0,-1.0,-1.0,-1.0,-1.0,-1.0,-1.0,-1.0,-1.0,-1.0,-1.0,-1.0,-1.0,-1.0,-1.0,-1.0,-1.0
6.12,0.1625,0.9999999999999998,0.0,4,214.796,-1.07766,4.7643,197.508,196.106,194.253,194.253,1.89975,186.008,-0.216128,16342.0,0.0,-1.0,-1.0,-1.0,-1.0,-1.0,-1.0,-1.0,-1.0,-1.0,-1.0,-1.0,-1.0,-1.0,-1.0,-1.0,-1.0,-1.0,-1.0,-1.0,-1.0,-1.0,-1.0,-1.0,-1.0
6.142,0.1625,0.9999999999999998,0.0,4,215.344,-1.68378,5.36947,198.581,196.057,194.305,194.305,1.94468,187.493,-0.211266,16353.1,0.0,-1.0,-1.0,-1.0,-1.0,-1.0,-1.0,-1.0,-1.0,-1.0,-1.0,-1.0,-1.0,-1.0,-1.0,-1.0,-1.0,-1.0,-1.0,-1.0,-1.0,-1.0,-1.0,-1.0,-1.0
6.164,0.1625,0.9999999999999998,0.0,4,215.836,-2.62662,5.89047,199.257,196.252,195.039,195.039,1.98809,188.988,-0.208425,16415.7,0.0,-1.0,-1.0,-1.0,-1.0,-1.0,-1.0,-1.0,-1.0,-1.0,-1.0,-1.0,-1.0,-1.0,-1.0,-1.0,-1.0,-1.0,-1.0,-1.0,-1.0,-1.0,-1.0,-1.0,-1.0
6.186,0.04250000000000001,0.9999999999999998,0.0,4,216.345,-3.39703,6.43741,199.679,196.625,195.348,195.348,2.03011,190.495,-0.205431,16440.5,0.0,-1.0,-1.0,-1.0,-1.0,-1.0,-1.0,-1.0,-1.0,-1.0,-1.0,-1.0,-1.0,-1.0,-1.0,-1.0,-1.0,-1.0,-1.0,-1.0,-1.0,-1.0,-1.0,-1.0,-1.0
6.208,0.0238602,0.9999999999999998,0.0,4,216.853,-4.01063,6.90657,200.039,197.755,196.049,196.049,2.07063,192.012,-0.198835,16500.7,0.0,-1.0,-1.0,-1.0,-1.0,-1.0,-1.0,-1.0,-1.0,-1.0,-1.0,-1.0,-1.0,-1.0,-1.0,-1.0,-1.0,-1.0,-1.0,-1.0,-1.0,-1.0,-1.0,-1.0,-1.0
6.23,0.02241684,0.9999999999999998,0.0,4,217.415,-3.82201,7.18275,200.035,198.793,196.668,196.668,2.10906,193.541,-0.186807,16548.3,0.0,-1.0,-1.0,-1.0,-1.0,-1.0,-1.0,-1.0,-1.0,-1.0,-1.0,-1.0,-1.0,-1.0,-1.0,-1.0,-1.0,-1.0,-1.0,-1.0,-1.0,-1.0,-1.0,-1.0,-1.0
6.252,0.020596919999999998,0.9999999999999998,0.0,4,217.999,-3.12792,7.41623,200.249,199.646,197.096,197.096,2.14514,195.081,-0.171641,16588.7,0.0,-1.0,-1.0,-1.0,-1.0,-1.0,-1.0,-1.0,-1.0,-1.0,-1.0,-1.0,-1.0,-1.0,-1.0,-1.0,-1.0,-1.0,-1.0,-1.0,-1.0,-1.0,-1.0,-1.0,-1.0
6.274,0.01862688,0.9999999999999998,0.0,4,218.568,-2.45079,7.48959,200.64,200.295,197.875,197.875,2.17856,196.633,-0.155224,16654.0,0.0,-1.0,-1.0,-1.0,-1.0,-1.0,-1.0,-1.0,-1.0,-1.0,-1.0,-1.0,-1.0,-1.0,-1.0,-1.0,-1.0,-1.0,-1.0,-1.0,-1.0,-1.0,-1.0,-1.0,-1.0
6.296,0.01660368,0.9999999999999998,0.0,4,219.158,-1.92227,7.48342,201.122,200.86,198.402,198.402,2.20899,198.196,-0.138364,16697.8,0.0,-1.0,-1.0,-1.0,-1.0,-1.0,-1.0,-1.0,-1.0,-1.0,-1.0,-1.0,-1.0,-1.0,-1.0,-1.0,-1.0,-1.0,-1.0,-1.0,-1.0,-1.0,-1.0,-1.0,-1.0
6.318,0.0,0.9999999999999998,0.0,4,219.742,-1.51488,7.40782,201.631,201.418,199.027,199.027,2.2362,199.77,-0.121166,16750.5,0.0,-1.0,-1.0,-1.0,-1.0,-1.0,-1.0,-1.0,-1.0,-1.0,-1.0,-1.0,-1.0,-1.0,-1.0,-1.0,-1.0,-1.0,-1.0,-1.0,-1.0,-1.0,-1.0,-1.0,-1.0
6.34,0.0,0.9999999999999998,0.0,4,220.316,-1.2251,7.26659,202.113,202.029,199.815,199.815,2.25993,201.354,-0.103226,16818.4,0.0,-1.0,-1.0,-1.0,-1.0,-1.0,-1.0,-1.0,-1.0,-1.0,-1.0,-1.0,-1.0,-1.0,-1.0,-1.0,-1.0,-1.0,-1.0,-1.0,-1.0,-1.0,-1.0,-1.0,-1.0
6.362,-0.12,0.9999999999999998,0.0,4,220.082,-12.8993,7.01686,202.332,202.379,200.926,200.926,2.27289,202.949,-0.084285,16917.5,0.0,-1.0,-1.0,-1.0,-1.0,-1.0,-1.0,-1.0,-1.0,-1.0,-1.0,-1.0,-1.0,-1.0,-1.0,-1.0,-1.0,-1.0,-1.0,-1.0,-1.0,-1.0,-1.0,-1.0,-1.0
6.384,-0.1625,0.9999999999999998,0.0,4,220.743,-10.0236,6.82034,202.194,203.227,201.731,201.731,2.27769,204.55,-0.0599566,16975.5,0.0,-1.0,-1.0,-1.0,-1.0,-1.0,-1.0,-1.0,-1.0,-1.0,-1.0,-1.0,-1.0,-1.0,-1.0,-1.0,-1.0,-1.0,-1.0,-1.0,-1.0,-1.0,-1.0,-1.0,-1.0
6.406,-0.1625,0.9999999999999998,0.0,4,221.437,-6.52368,6.35085,202.022,204.457,202.35,202.35,2.27953,206.156,-0.0280397,17026.5,0.0,-1.0,-1.0,-1.0,-1.0,-1.0,-1.0,-1.0,-1.0,-1.0,-1.0,-1.0,-1.0,-1.0,-1.0,-1.0,-1.0,-1.0,-1.0,-1.0,-1.0,-1.0,-1.0,-1.0,-1.0
6.428,-0.1625,0.9999999999999998,0.0,4,222.157,-2.70763,5.97398,202.022,205.516,202.068,202.068,2.27747,207.767,0.00854999,17004.2,0.0,-1.0,-1.0,-1.0,-1.0,-1.0,-1.0,-1.0,-1.0,-1.0,-1.0,-1.0,-1.0,-1.0,-1.0,-1.0,-1.0,-1.0,-1.0,-1.0,-1.0,-1.0,-1.0,-1.0,-1.0
6.45,-0.04250000000000001,0.9999999999999998,0.0,4,222.658,0.730696,5.40804,202.205,206.114,203.925,203.925,2.27061,209.38,0.0464129,17167.0,0.0,-1.0,-1.0,-1.0,-1.0,-1.0,-1.0,-1.0,-1.0,-1.0,-1.0,-1.0,-1.0,-1.0,-1.0,-1.0,-1.0,-1.0,-1.0,-1.0,-1.0,-1.0,-1.0,-1.0,-1.0
6.472,0.0,0.9999999999999998,0.0,4,223.217,3.59974,4.79153,202.834,206.398,204.545,204.545,2.25863,210.994,0.0812472,17212.3,0.0,-1.0,-1.0,-1.0,-1.0,-1.0,-1.0,-1.0,-1.0,-1.0,-1.0,-1.0,-1.0,-1.0,-1.0,-1.0,-1.0,-1.0,-1.0,-1.0,-1.0,-1.0,-1.0,-1.0,-1.0
6.494,0.0,0.9999999999999998,0.0,4,223.738,4.87347,4.2104,204.039,206.317,205.503,205.503,2.24145,212.609,0.109061,17308.3,0.0,-1.0,-1.0,-1.0,-1.0,-1.0,-1.0,-1.0,-1.0,-1.0,-1.0,-1.0,-1.0,-1.0,-1.0,-1.0,-1.0,-1.0,-1.0,-1.0,-1.0,-1.0,-1.0,-1.0,-1.0
6.516,-0.01587816,0.9999999999999998,0.0,4,224.275,5.1724,3.3121,204.802,206.268,206.859,206.859,2.21913,214.221,0.132318,17405.3,0.0,-1.0,-1.0,-1.0,-1.0,-1.0,-1.0,-1.0,-1.0,-1.0,-1.0,-1.0,-1.0,-1.0,-1.0,-1.0,-1.0,-1.0,-1.0,-1.0,-1.0,-1.0,-1.0,-1.0,-1.0
6.538,-0.0183234,0.9999999999999998,0.0,4,224.96,4.62134,2.69151,205.707,206.436,206.075,206.075,2.19158,215.83,0.152695,17341.7,0.0,-1.0,-1.0,-1.0,-1.0,-1.0,-1.0,-1.0,-1.0,-1.0,-1.0,-1.0,-1.0,-1.0,-1.0,-1.0,-1.0,-1.0,-1.0,-1.0,-1.0,-1.0,-1.0,-1.0,-1.0
6.56,-0.02064276,0.9999999999999998,0.0,4,225.402,4.12944,1.57974,206.324,206.681,208.952,208.952,2.15886,217.435,0.172023,17585.5,0.0,-1.0,-1.0,-1.0,-1.0,-1.0,-1.0,-1.0,-1.0,-1.0,-1.0,-1.0,-1.0,-1.0,-1.0,-1.0,-1.0,-1.0,-1.0,-1.0,-1.0,-1.0,-1.0,-1.0,-1.0
6.582,-0.02286768,0.9999999999999998,0.0,4,226.109,3.48861,0.717476,206.911,207.076,208.17,208.17,2.12119,219.033,0.190564,17512.4,0.0,-1.0,-1.0,-1.0,-1.0,-1.0,-1.0,-1.0,-1.0,-1.0,-1.0,-1.0,-1.0,-1.0,-1.0,-1.0,-1.0,-1.0,-1.0,-1.0,-1.0,-1.0,-1.0,-1.0,-1.0
6.604,-0.025089,0.9999999999999998,0.0,4,226.576,2.88579,-0.262846,207.632,207.666,210.477,210.477,2.07855,220.625,0.209075,17726.3,0.0,-1.0,-1.0,-1.0,-1.0,-1.0,-1.0,-1.0,-1.0,-1.0,-1.0,-1.0,-1.0,-1.0,-1.0,-1.0,-1.0,-1.0,-1.0,-1.0,-1.0,-1.0,-1.0,-1.0,-1.0
6.626,-0.02679204,0.9999999999999998,0.0,4,227.2,2.60429,-1.11111,208.075,208.31,210.796,210.796,2.03129,222.141,0.223267,17732.7,0.0,-1.0,-1.0,-1.0,-1.0,-1.0,-1.0,-1.0,-1.0,-1.0,-1.0,-1.0,-1.0,-1.0,-1.0,-1.0,-1.0,-1.0,-1.0,-1.0,-1.0,-1.0,-1.0,-1.0,-1.0
6.648,-0.0270804,0.9999999999999998,0.0,4,227.926,2.43783,-1.6059,208.677,209.15,209.302,209.302,1.98222,223.5,0.22567,17613.7,0.0,-1.0,-1.0,-1.0,-1.0,-1.0,-1.0,-1.0,-1.0,-1.0,-1.0,-1.0,-1.0,-1.0,-1.0,-1.0,-1.0,-1.0,-1.0,-1.0,-1.0,-1.0,-1.0,-1.0,-1.0
6.67,-0.027460560000000002,0.9999999999999998,0.0,4,228.578,2.3775,-1.93992,209.261,209.923,208.829,208.829,1.93226,224.863,0.228838,17569.2,0.0,-1.0,-1.0,-1.0,-1.0,-1.0,-1.0,-1.0,-1.0,-1.0,-1.0,-1.0,-1.0,-1.0,-1.0,-1.0,-1.0,-1.0,-1.0,-1.0,-1.0,-1.0,-1.0,-1.0,-1.0
6.692,-0.02787216,0.9999999999999998,0.0,4,229.253,2.28464,-1.99907,209.88,210.607,207.941,207.941,1.88132,226.228,0.232268,17495.9,0.0,-1.0,-1.0,-1.0,-1.0,-1.0,-1.0,-1.0,-1.0,-1.0,-1.0,-1.0,-1.0,-1.0,-1.0,-1.0,-1.0,-1.0,-1.0,-1.0,-1.0,-1.0,-1.0,-1.0,-1.0
6.714,-0.0282474,0.9999999999999998,0.0,4,229.884,2.06341,-1.85146,210.521,211.19,207.63,207.63,1.82932,227.596,0.235395,17472.0,0.0,-1.0,-1.0,-1.0,-1.0,-1.0,-1.0,-1.0,-1.0,-1.0,-1.0,-1.0,-1.0,-1.0,-1.0,-1.0,-1.0,-1.0,-1.0,-1.0,-1.0,-1.0,-1.0,-1.0,-1.0
6.736,-0.02857812,0.9999999999999998,0.0,4,230.482,1.77783,-1.58239,211.132,211.722,207.786,207.786,1.77623,228.967,0.238151,17486.4,0.0,-1.0,-1.0,-1.0,-1.0,-1.0,-1.0,-1.0,-1.0,-1.0,-1.0,-1.0,-1.0,-1.0,-1.0,-1.0,-1.0,-1.0,-1.0,-1.0,-1.0,-1.0,-1.0,-1.0,-1.0
6.758,-0.028890719999999998,0.9999999999999998,0.0,4,231.059,1.51948,-1.29331,211.688,212.245,208.212,208.212,1.72211,230.339,0.240756,17523.1,0.0,-1.0,-1.0,-1.0,-1.0,-1.0,-1.0,-1.0,-1.0,-1.0,-1.0,-1.0,-1.0,-1.0,-1.0,-1.0,-1.0,-1.0,-1.0,-1.0,-1.0,-1.0,-1.0,-1.0,-1.0
6.78,-0.02920668,0.9999999999999998,0.0,4,231.627,1.34512,-1.04729,212.211,212.771,208.771,208.771,1.66705,231.714,0.243389,17570.5,0.0,-1.0,-1.0,-1.0,-1.0,-1.0,-1.0,-1.0,-1.0,-1.0,-1.0,-1.0,-1.0,-1.0,-1.0,-1.0,-1.0,-1.0,-1.0,-1.0,-1.0,-1.0,-1.0,-1.0,-1.0
6.802,-0.02953464,0.9999999999999998,0.0,4,232.182,1.25869,-0.899716,212.714,213.293,209.505,209.505,1.61111,233.091,0.246122,17632.8,0.0,-1.0,-1.0,-1.0,-1.0,-1.0,-1.0,-1.0,-1.0,-1.0,-1.0,-1.0,-1.0,-1.0,-1.0,-1.0,-1.0,-1.0,-1.0,-1.0,-1.0,-1.0,-1.0,-1.0,-1.0
6.824,-0.0298872,0.9999999999999998,0.0,4,232.737,1.24995,-0.851634,213.196,213.817,210.222,210.222,1.55435,234.471,0.24906,17692.7,0.0,-1.0,-1.0,-1.0,-1.0,-1.0,-1.0,-1.0,-1.0,-1.0,-1.0,-1.0,-1.0,-1.0,-1.0,-1.0,-1.0,-1.0,-1.0,-1.0,-1.0,-1.0,-1.0,-1.0,-1.0
6.846,0.09011279999999999,0.9999999999999998,0.0,4,233.298,1.29356,-0.866724,213.686,214.34,210.842,210.842,1.49677,235.852,0.252158,17744.6,0.0,-1.0,-1.0,-1.0,-1.0,-1.0,-1.0,-1.0,-1.0,-1.0,-1.0,-1.0,-1.0,-1.0,-1.0,-1.0,-1.0,-1.0,-1.0,-1.0,-1.0,-1.0,-1.0,-1.0,-1.0
6.868,0.1625,0.9999999999999998,0.0,4,233.861,1.42404,-0.916193,214.552,214.406,211.345,211.345,1.43879,237.237,0.251167,17786.5,0.0,-1.0,-1.0,-1.0,-1.0,-1.0,-1.0,-1.0,-1.0,-1.0,-1.0,-1.0,-1.0,-1.0,-1.0,-1.0,-1.0,-1.0,-1.0,-1.0,-1.0,-1.0,-1.0,-1.0,-1.0
6.89,0.1625,0.9999999999999998,0.0,4,234.399,0.382618,-0.979559,215.661,214.011,211.899,211.899,1.38131,238.626,0.241888,17833.8,0.0,-1.0,-1.0,-1.0,-1.0,-1.0,-1.0,-1.0,-1.0,-1.0,-1.0,-1.0,-1.0,-1.0,-1.0,-1.0,-1.0,-1.0,-1.0,-1.0,-1.0,-1.0,-1.0,-1.0,-1.0
6.912,0.1625,0.9999999999999998,0.0,4,234.9,-1.44599,-1.04357,216.662,213.88,212.599,212.599,1.32493,240.019,0.227593,17893.0,0.0,-1.0,-1.0,-1.0,-1.0,-1.0,-1.0,-1.0,-1.0,-1.0,-1.0,-1.0,-1.0,-1.0,-1.0,-1.0,-1.0,-1.0,-1.0,-1.0,-1.0,-1.0,-1.0,-1.0,-1.0
6.934,0.04250000000000001,0.9999999999999998,0.0,4,235.369,-3.25631,-1.09504,217.254,214.022,213.314,213.314,1.27012,241.418,0.211854,17953.0,0.0,-1.0,-1.0,-1.0,-1.0,-1.0,-1.0,-1.0,-1.0,-1.0,-1.0,-1.0,-1.0,-1.0,-1.0,-1.0,-1.0,-1.0,-1.0,-1.0,-1.0,-1.0,-1.0,-1.0,-1.0
6.956,-0.023866440000000003,0.9999999999999998,0.0,4,235.858,-4.76669,-1.12839,217.693,214.924,213.827,213.827,1.21699,242.823,0.198887,17994.8,0.0,-1.0,-1.0,-1.0,-1.0,-1.0,-1.0,-1.0,-1.0,-1.0,-1.0,-1.0,-1.0,-1.0,-1.0,-1.0,-1.0,-1.0,-1.0,-1.0,-1.0,-1.0,-1.0,-1.0,-1.0
6.978,-0.02323908,0.9999999999999998,0.0,4,236.414,-4.94611,-1.15704,217.494,216.275,214.009,214.009,1.16521,244.232,0.193659,18009.3,0.0,-1.0,-1.0,-1.0,-1.0,-1.0,-1.0,-1.0,-1.0,-1.0,-1.0,-1.0,-1.0,-1.0,-1.0,-1.0,-1.0,-1.0,-1.0,-1.0,-1.0,-1.0,-1.0,-1.0,-1.0
7.0,-0.02333532,0.9999999999999998,0.0,4,237.003,-3.78277,-1.17492,217.41,217.457,214.182,214.182,1.11442,245.647,0.194461,18024.5,0.0,-1.0,-1.0,-1.0,-1.0,-1.0,-1.0,-1.0,-1.0,-1.0,-1.0,-1.0,-1.0,-1.0,-1.0,-1.0,-1.0,-1.0,-1.0,-1.0,-1.0,-1.0,-1.0,-1.0,-1.0
7.022,-0.02371704,0.9999999999999998,0.0,4,237.581,-2.37865,-1.20096,217.67,218.284,214.574,214.574,1.06439,247.066,0.197642,18057.9,0.0,-1.0,-1.0,-1.0,-1.0,-1.0,-1.0,-1.0,-1.0,-1.0,-1.0,-1.0,-1.0,-1.0,-1.0,-1.0,-1.0,-1.0,-1.0,-1.0,-1.0,-1.0,-1.0,-1.0,-1.0
7.044,-0.02417772,0.9999999999999998,0.0,4,238.153,-1.19123,-1.21894,218.109,218.899,214.995,214.995,1.01469,248.489,0.201481,18093.5,0.0,-1.0,-1.0,-1.0,-1.0,-1.0,-1.0,-1.0,-1.0,-1.0,-1.0,-1.0,-1.0,-1.0,-1.0,-1.0,-1.0,-1.0,-1.0,-1.0,-1.0,-1.0,-1.0,-1.0,-1.0
7.066,0.09582228,0.9999999999999998,0.0,4,238.716,-0.315651,-1.22571,218.62,219.418,215.45,215.45,0.964984,249.915,0.205278,18131.9,0.0,0.383295,1.66742,50.484,142.031,87.2998,73.2558,67.4842,63.1414,60.3718,57.8392,55.5146,53.3736,50.6455,47.8586,43.4036,36.6567,29.2603,23.0512,14.0961,0.21318,0.213855,0.214599,0.215415,0.216303
7.088,0.1625,0.9999999999999998,0.0,4,239.262,0.342042,-1.24394,219.398,219.393,215.902,215.902,0.915403,251.345,0.20479,18169.9,0.0,0.925341,4.01303,109.164,139.263,85.4029,71.6217,65.9629,61.7067,58.9931,56.5123,54.2357,52.1392,49.4684,46.7408,42.3817,35.7832,28.5537,22.488,13.7448,-1.0,-1.0,-1.0,-1.0,-1.0
7.11,0.1625,0.9999999999999998,0.0,4,239.77,-0.341605,-1.26559,220.455,218.978,216.442,216.442,0.86665,252.78,0.19621,18216.0,0.0,1.43984,5.92715,60.4809,151.412,88.8453,73.6905,67.5626,62.9893,60.0895,57.4491,55.0349,52.8194,50.0074,47.1474,42.6019,35.7788,28.3818,22.2373,13.4713,-1.0,-1.0,-1.0,-1.0,-1.0
7.132,0.1625,0.9999999999999998,0.0,4,240.233,-1.89444,-1.31654,221.442,218.83,217.262,217.262,0.819254,254.218,0.182678,18285.4,0.0,1.91305,7.30857,40.5291,161.57,96.9186,78.757,71.6188,66.3661,63.0679,60.0863,57.3781,54.9075,51.7921,48.6465,43.694,36.3667,28.5637,22.1897,13.2503,-1.0,-1.0,-1.0,-1.0,-1.0
7.154,0.1625,0.9999999999999998,0.0,4,240.676,-3.55656,-1.36304,222.054,218.931,217.948,217.948,0.773605,255.662,0.167385,18342.8,0.0,2.34437,8.30856,32.3098,165.965,109.238,86.2115,77.5179,71.2431,67.3548,63.8736,60.7389,57.9018,54.3543,50.8061,45.2873,37.2699,28.9198,22.2374,13.0567,-1.0,-1.0,-1.0,-1.0,-1.0
7.176,0.1625,0.9999999999999998,0.0,4,241.098,-4.97497,-1.39152,222.42,219.184,218.549,218.549,0.730036,257.112,0.152041,18393.0,0.0,2.7368,9.06894,28.2356,168.816,126.379,95.9392,85.0381,77.3592,72.6781,68.5361,64.8454,61.5364,57.4402,53.3884,47.1744,38.333,29.3509,22.3222,12.878,-1.0,-1.0,-1.0,-1.0,-1.0
7.198,0.1625,0.9999999999999998,0.0,4,241.51,-6.0359,-1.42271,222.657,219.523,219.051,219.051,0.688812,258.566,0.137551,18434.9,0.0,3.09398,9.68198,25.995,170.658,149.323,108.05,94.1092,84.575,78.8744,73.8991,69.5191,65.634,60.8788,56.2329,49.217,39.4561,29.7965,22.4109,12.7076,-1.0,-1.0,-1.0,-1.0,-1.0
7.22,0.1625,0.9999999999999998,0.0,4,241.924,-6.65962,-1.46195,222.824,219.941,219.462,219.462,0.650052,260.025,0.124565,18469.1,0.0,3.42094,10.2139,24.7684,171.712,156.449,122.463,104.487,92.607,85.6583,79.6852,74.4961,69.9466,64.4449,59.1395,51.2555,40.5349,30.1997,22.4742,12.5403,-1.0,-1.0,-1.0,-1.0,-1.0
7.242,0.1625,0.9999999999999998,0.0,4,242.325,-6.94155,-1.53019,223.011,220.391,220.035,220.035,0.613821,261.489,0.112862,18518.0,0.0,3.71939,10.6773,24.0292,172.239,159.352,139.98,116.527,101.643,93.1521,85.9766,79.8332,74.5144,68.1653,62.1268,53.3021,41.5795,30.5696,22.5193,12.3784,-1.0,-1.0,-1.0,-1.0,-1.0
7.264,0.04250000000000001,0.9999999999999998,0.0,4,242.74,-7.06889,-1.59997,223.275,220.815,220.382,220.382,0.580137,262.958,0.101722,18546.1,0.0,3.98826,11.0553,23.4321,123.188,161.144,150.874,131.698,112.641,102.097,93.3644,86.0142,79.7424,72.3646,65.4556,55.5425,42.7009,30.9665,22.5788,12.2293,-1.0,-1.0,-1.0,-1.0,-1.0
7.286,0.0,0.9999999999999998,0.0,4,243.195,-7.0675,-1.64131,223.913,221.917,220.569,220.569,0.548884,264.432,0.092742,18561.2,0.0,4.23859,11.4397,23.2468,91.9807,161.877,153.45,145.255,123.552,110.745,100.35,91.7453,84.5058,76.1078,68.3568,57.4227,43.5764,31.2271,22.5712,12.0762,-1.0,-1.0,-1.0,-1.0,-1.0
7.308,0.0,0.9999999999999998,0.0,4,243.73,-6.28167,-1.6838,224.04,223.089,220.591,220.591,0.51963,265.91,0.0888929,18562.7,0.0,4.49265,11.9921,23.9676,86.6207,161.142,153.232,146.388,127.738,113.858,102.706,93.5497,85.8986,77.0826,69.0017,57.6926,43.5211,31.0206,22.3354,11.8862,-1.0,-1.0,-1.0,-1.0,-1.0
7.33,0.0,0.9999999999999998,0.0,4,244.297,-4.74604,-1.74073,224.134,224.056,220.659,220.659,0.492039,267.393,0.0891238,18569.0,0.0,4.75201,12.6927,25.3926,92.2357,159.387,151.406,144.366,125.015,111.47,100.58,91.6351,84.157,75.5366,67.6317,56.5635,42.6849,30.4345,21.9185,11.6681,-1.0,-1.0,-1.0,-1.0,-1.0
7.352,0.0,0.9999999999999998,0.0,4,244.842,-3.19342,-1.82496,224.464,224.788,221.128,221.128,0.465745,268.879,0.0909218,18610.2,0.0,5.00877,13.4475,27.1102,102.59,157.243,148.96,141.043,119.812,107.116,96.859,88.4012,81.3075,73.1043,65.5573,54.9504,41.5842,29.7246,21.4461,11.4453,-1.0,-1.0,-1.0,-1.0,-1.0
7.374,0.0,0.9999999999999998,0.0,4,245.391,-2.00507,-1.92227,224.955,225.322,221.499,221.499,0.440322,270.37,0.0927188,18640.4,0.0,5.25848,14.1913,28.8355,114.026,155.088,146.47,136.978,114.928,103.011,93.3395,85.3343,78.5992,70.7867,63.5764,53.4055,40.5265,29.0406,20.9903,11.23,-1.0,-1.0,-1.0,-1.0,-1.0
7.396,0.0,0.9999999999999998,0.0,4,245.937,-1.1899,-1.97956,225.504,225.796,221.848,221.848,0.415438,271.864,0.0940986,18670.0,0.0,5.50142,14.9068,30.4763,124.947,153.031,144.118,131.907,110.913,99.5989,90.3858,82.7386,76.2898,68.7922,61.856,52.0449,39.5761,28.4131,20.5648,11.0234,-1.0,-1.0,-1.0,-1.0,-1.0
7.418,0.0,0.9999999999999998,0.0,4,246.477,-0.675198,-2.02961,226.043,226.246,222.237,222.237,0.390858,273.361,0.0950467,18702.8,0.0,5.73933,15.5947,32.0198,161.844,151.08,141.929,127.739,107.658,96.797,87.9328,80.5616,74.3358,67.0863,60.3689,50.8497,38.7218,27.8354,20.1656,10.8235,-1.0,-1.0,-1.0,-1.0,-1.0
7.44,0.0,0.9999999999999998,0.0,4,247.014,-0.360621,-2.09774,226.563,226.705,222.655,222.655,0.366427,274.862,0.0956964,18738.0,0.0,5.97422,16.264,33.4934,160.057,149.203,139.859,124.262,104.89,94.3881,85.8036,78.6558,72.6125,65.5681,59.0337,49.7622,37.93,27.2901,19.7831,10.6277,-1.0,-1.0,-1.0,-1.0,-1.0
7.462,0.0,0.9999999999999998,0.0,4,247.527,-0.1777,-2.19796,227.078,227.17,223.37,223.37,0.342056,276.366,0.0961086,18799.7,0.0,6.20712,16.9186,34.9077,158.302,147.384,137.888,121.29,102.481,92.2684,83.9128,76.9503,71.0597,64.1888,57.8109,48.7543,37.1842,26.7683,19.4127,10.4346,-1.0,-1.0,-1.0,-1.0,-1.0
7.484,0.0,0.9999999999999998,0.0,4,248.06,-0.0793793,-2.31278,227.578,227.633,223.81,223.81,0.31769,277.874,0.0963486,18834.9,0.0,6.43887,17.5627,36.277,156.569,145.606,135.99,118.66,100.315,90.3456,82.1847,75.3813,69.623,62.9039,56.6646,47.8006,36.4697,26.2623,19.0502,10.2431,-1.0,-1.0,-1.0,-1.0,-1.0
7.506,0.0,0.9999999999999998,0.0,5,248.594,-0.0294097,-2.37717,228.085,228.115,224.167,224.167,0.293294,279.384,0.0964796,18865.1,0.0,6.67015,18.2006,37.6175,154.847,143.851,134.135,116.235,98.2945,88.541,80.554,73.8939,68.2558,61.6756,55.5639,46.879,35.7734,25.7654,18.6921,10.0524,-1.0,-1.0,-1.0,-1.0,-1.0
7.528,0.0,0.9999999999999998,0.0,5,248.548,-0.0066417,-2.41227,228.395,228.41,219.284,219.296,0.268869,280.897,0.0965449,16900.1,0.0,6.90123,18.8348,38.94,153.131,142.11,132.303,113.929,96.3586,86.8044,78.9793,72.4535,66.9285,60.4796,54.4893,45.9758,35.0875,25.2736,18.3365,9.86199,-1.0,-1.0,-1.0,-1.0,-1.0
7.55,0.0,0.9999999999999998,0.0,5,248.103,0.00263827,-2.41848,228.09,228.097,218.848,218.854,0.244495,282.407,0.0965763,16860.8,0.0,7.13157,19.4652,40.2493,151.421,140.378,130.483,111.688,94.4702,85.1066,77.4371,71.0406,65.6249,59.3032,53.4307,45.0842,34.4086,24.7856,17.983,9.6723,-1.0,-1.0,-1.0,-1.0,-1.0
7.572,0.0,0.9999999999999998,0.0,5,247.62,0.00771864,-2.42351,227.672,227.678,217.873,218.071,0.220153,283.915,0.0966026,16476.8,0.0,7.36158,20.0946,41.5557,149.712,138.647,128.658,109.46,92.5918,83.4171,75.9019,69.6338,64.3265,58.1312,52.3759,44.1955,33.7316,24.2988,17.6302,9.48291,-1.0,-1.0,-1.0,-1.0,-1.0
7.594,0.0,0.9999999999999998,0.0,5,247.724,0.0153781,-2.42374,227.442,227.45,222.822,222.822,0.195831,285.421,0.0966445,16847.6,0.0,7.59157,20.725,42.8677,147.999,136.91,126.813,107.211,90.698,81.7153,74.3567,68.2186,63.0211,56.9536,51.3165,43.3037,33.0529,23.8113,17.2772,9.29355,-1.0,-1.0,-1.0,-1.0,-1.0
7.616,0.0,0.9999999999999998,0.0,5,248.154,0.0147489,-2.41382,227.763,227.766,223.195,223.195,0.171474,286.929,0.0966572,16874.5,0.0,7.82162,21.3538,44.171,146.286,135.175,124.969,105.008,88.8366,80.0395,72.8327,66.8212,61.7307,55.788,50.2669,42.4185,32.3779,23.3254,16.9248,9.10417,-1.0,-1.0,-1.0,-1.0,-1.0
7.638,0.0,0.9999999999999998,0.0,5,248.584,0.0116244,-2.39249,228.153,228.153,223.481,223.481,0.147072,288.44,0.096658,16896.2,0.0,8.05199,21.9828,45.4723,144.568,133.437,123.114,102.819,86.9852,78.3715,71.315,65.4288,60.4445,54.6256,49.2195,41.5347,31.7033,22.8394,16.5723,8.91452,-1.0,-1.0,-1.0,-1.0,-1.0
7.66,0.0,0.9999999999999998,0.0,5,249.011,0.00834874,-2.36131,228.543,228.542,223.787,223.787,0.122635,289.953,0.0966544,16919.4,0.0,8.28265,22.6123,46.7736,142.846,131.694,121.243,100.634,85.1359,76.7051,69.7983,64.0371,59.1586,53.4634,48.1722,40.6507,31.0284,22.3531,16.2193,8.72463,-1.0,-1.0,-1.0,-1.0,-1.0
7.682,0.0,0.9999999999999998,0.0,5,249.438,0.00583563,-2.32392,228.931,228.93,224.086,224.086,0.0981396,291.469,0.0966505,16942.0,0.0,8.51386,23.2432,48.0779,141.118,129.944,119.347,98.4439,83.2823,75.0346,68.278,62.6421,57.8697,52.2984,47.1223,39.7646,30.3519,21.8657,15.8656,8.53429,-1.0,-1.0,-1.0,-1.0,-1.0
7.704,0.0,0.9999999999999998,0.0,5,249.859,0.00409483,-2.29037,229.318,229.317,224.451,224.451,0.0736024,292.988,0.0966468,16969.8,0.0,8.74546,23.8752,49.3843,139.383,128.187,117.425,96.2495,81.4253,73.3611,66.7549,61.2445,56.5785,51.1313,46.0706,38.877,29.6742,21.3773,15.5112,8.34363,-1.0,-1.0,-1.0,-1.0,-1.0
7.726,0.0,0.9999999999999998,0.0,5,250.275,0.00289165,-2.27622,229.701,229.701,224.855,224.855,0.0490277,294.509,0.0966434,17000.5,0.0,8.97742,24.5082,50.6928,137.643,126.422,115.472,94.0511,79.5648,71.6846,65.2292,59.8446,55.285,49.9623,45.0171,37.9878,28.9954,20.8882,15.1563,8.15266,-1.0,-1.0,-1.0,-1.0,-1.0
7.748,0.0,0.9999999999999998,0.0,5,250.689,0.00211931,-2.2945,230.081,230.08,225.283,225.283,0.0244153,296.033,0.0966406,17032.8,0.0,9.20973,25.1422,52.0035,135.896,124.65,113.479,91.8484,77.7008,70.005,63.7007,58.4421,53.9893,48.7912,43.9618,37.0972,28.3155,20.3983,14.8008,7.9614,-1.0,-1.0,-1.0,-1.0,-1.0
7.77,0.0,0.9999999999999998,0.0,5,251.104,0.00182347,-2.33199,230.462,230.461,225.687,225.687,-0.000252565,297.559,0.096639,17063.3,0.0,9.44258,25.7778,53.3177,134.143,122.87,111.435,89.6388,75.8314,68.3205,62.1678,57.0357,52.69,47.6168,42.9037,36.2042,27.6339,19.9072,14.4444,7.7697,-1.0,-1.0,-1.0,-1.0,-1.0
7.792,0.0,0.9999999999999998,0.0,5,251.514,0.00149043,-2.38727,230.842,230.842,226.126,226.126,-0.0249482,299.088,0.0966365,17096.4,0.0,9.67569,26.414,54.6328,132.383,121.083,109.325,87.4279,73.9605,66.6348,60.6337,55.6281,51.3896,46.4415,41.8447,35.3105,26.9516,19.4156,14.0877,7.57779,-1.0,-1.0,-1.0,-1.0,-1.0
7.814,0.0,0.9999999999999998,0.0,5,251.931,0.00143741,-2.43084,231.224,231.224,226.464,226.464,-0.0496895,300.619,0.0966355,17121.8,0.0,9.90924,27.0514,55.9511,130.617,119.287,107.115,85.2107,72.0848,64.9447,59.0958,54.2171,50.086,45.2635,40.7832,34.4147,26.2678,18.923,13.7302,7.38552,-1.0,-1.0,-1.0,-1.0,-1.0
7.836,0.0,0.9999999999999998,0.0,5,252.345,0.00154204,-2.45678,231.607,231.607,226.799,226.799,-0.0744664,302.153,0.0966348,17147.2,0.0,10.1431,27.6899,57.2715,128.844,117.483,104.734,82.9899,70.2059,63.2519,57.5554,52.8038,48.7804,44.0836,39.72,33.5175,25.583,18.4297,13.3723,7.19296,-1.0,-1.0,-1.0,-1.0,-1.0
7.858,0.0,0.9999999999999998,0.0,5,252.759,0.00172273,-2.50582,231.982,231.981,227.139,227.139,-0.0992829,303.689,0.0966347,17172.9,0.0,10.3774,28.3294,58.5942,127.064,115.669,102.013,80.7648,68.3235,61.556,56.0122,51.388,47.4725,42.9016,38.6551,32.6188,24.897,17.9356,13.0137,7.0001,-1.0,-1.0,-1.0,-1.0,-1.0
7.88,0.0,0.9999999999999998,0.0,5,253.17,0.00200428,-2.5549,232.36,232.36,227.483,227.483,-0.124143,305.228,0.0966355,17198.9,0.0,10.6121,28.9702,59.9197,125.277,113.847,99.1957,78.5348,66.4371,59.8565,54.4658,49.9694,46.1619,41.7173,37.588,31.7184,24.2098,17.4405,12.6545,6.80689,-1.0,-1.0,-1.0,-1.0,-1.0
7.902,0.0,0.9999999999999998,0.0,5,253.568,0.00151414,-2.65754,232.731,232.73,228.003,228.003,-0.14904,306.769,0.0966316,17238.1,0.0,10.8471,29.6113,61.2447,123.484,112.016,96.383,76.3066,64.5517,58.1576,52.9196,48.5507,44.8512,40.5326,36.5205,30.8175,23.522,16.9449,12.2949,6.61341,-1.0,-1.0,-1.0,-1.0,-1.0
7.924,0.0,0.9999999999999998,0.0,5,253.981,0.00171303,-2.72449,233.109,233.109,228.292,228.292,-0.173978,308.313,0.0966316,17259.9,0.0,11.0825,30.254,62.5739,121.683,110.174,93.5586,74.0706,62.66,56.4533,51.3689,47.1279,43.5369,39.3448,35.4502,29.9144,22.8327,16.4484,11.9346,6.41961,-1.0,-1.0,-1.0,-1.0,-1.0
7.946,0.0,0.9999999999999998,0.0,5,254.391,0.00202753,-2.76422,233.488,233.487,228.599,228.599,-0.198953,309.859,0.0966321,17283.2,0.0,11.3183,30.8977,63.9053,119.874,108.322,90.7291,71.8305,60.7652,54.7461,49.8155,45.7028,42.2204,38.1551,34.3783,29.0098,22.1423,15.951,11.5737,6.22551,-1.0,-1.0,-1.0,-1.0,-1.0
7.968,0.0,0.9999999999999998,0.0,5,254.8,0.00234379,-2.84762,233.854,233.853,228.915,228.915,-0.223969,311.408,0.0966331,17307.1,0.0,11.5544,31.5425,65.2393,118.058,106.458,87.894,69.5862,58.8667,53.0358,48.2593,44.2751,40.9015,36.9632,33.3044,28.1037,21.4507,15.4528,11.2123,6.03109,-1.0,-1.0,-1.0,-1.0,-1.0
7.99,0.0,0.9999999999999998,0.0,5,255.2,0.00308701,-2.93773,234.228,234.228,229.318,229.318,-0.249029,312.959,0.0966331,17340.5,0.0,11.791,32.1883,66.575,116.234,104.583,85.0557,67.3391,56.9658,51.3232,46.7008,42.8454,39.5807,35.7696,32.2289,27.1962,20.758,14.9538,10.8502,5.83632,-1.0,-1.0,-1.0,-1.0,-1.0
8.01,0.0,0.9999999999999998,0.0,5,255.554,0.00171424,-3.09104,234.554,234.553,229.847,229.847,-0.271847,314.371,0.0966282,17377.3,0.0,12.0063,32.7757,67.7884,114.57,102.869,82.4787,65.2977,55.2382,49.7664,45.2841,41.5454,38.3796,34.684,31.2507,26.3705,20.1277,14.4997,10.5206,5.65901,-1.0,-1.0,-1.0,-1.0,-1.0
8.03,0.0,0.9999999999999998,0.0,5,255.928,0.0020412,-3.18465,234.896,234.896,230.06,230.06,-0.294693,315.786,0.0966288,17393.4,0.0,12.222,33.3645,69.0064,112.899,101.142,79.89,63.2485,53.5047,48.2047,43.863,40.2417,37.1753,33.5957,30.2701,25.5431,19.4962,14.0447,10.1905,5.48145,-1.0,-1.0,-1.0,-1.0,-1.0
8.05,0.0,0.9999999999999998,0.0,5,256.297,0.00245176,-3.23985,235.24,235.24,230.309,230.309,-0.317574,317.202,0.0966299,17412.3,0.0,12.438,33.9543,70.2266,111.22,99.4043,77.2968,61.1956,51.7683,46.6403,42.4396,38.9358,35.9689,32.5055,29.2879,24.7143,18.8636,13.589,9.85992,5.30363,-1.0,-1.0,-1.0,-1.0,-1.0
8.07,0.0,0.9999999999999998,0.0,5,256.667,0.0028925,-3.34902,235.566,235.565,230.57,230.57,-0.340482,318.62,0.0966315,17432.1,0.0,12.6543,34.5449,71.4487,109.535,97.6537,74.6998,59.1399,50.0294,45.0738,41.0142,37.6282,34.761,31.4139,28.3044,23.8844,18.2302,13.1328,9.5289,5.12558,8.05824,8.06817,8.08059,8.09552,8.11298
8.09,0.0,0.9999999999999998,0.0,5,257.033,0.00338429,-3.44114,235.903,235.903,230.85,230.85,-0.363419,320.041,0.0966341,17453.3,0.0,12.8709,35.1364,72.6729,107.842,95.8896,72.0982,57.0809,48.2879,43.5049,39.5868,36.3186,33.5513,30.3208,27.3195,23.0534,17.596,12.676,9.19745,4.94731,-1.0,-1.0,-1.0,-1.0,-1.0
8.11,0.0,0.9999999999999998,0.0,5,257.367,0.00211375,-3.65909,236.224,236.223,231.578,231.578,-0.386398,321.463,0.096626,17508.3,0.0,13.0877,35.7273,73.8924,106.143,94.1145,69.5063,55.0271,46.5496,41.9384,38.161,35.0103,32.3425,29.2281,26.3349,22.2223,16.9615,12.2187,8.8656,4.76876,-1.0,-1.0,-1.0,-1.0,-1.0
8.13,0.0,0.9999999999999998,0.0,5,257.74,0.00230146,-3.80237,236.559,236.56,231.748,231.748,-0.409402,322.887,0.0966262,17520.7,0.0,13.3048,36.3202,75.1186,104.436,92.3212,66.9002,52.9639,44.8043,40.366,36.7302,33.6977,31.1299,28.1323,25.3475,21.3892,16.3255,11.7606,8.53322,4.58997,-1.0,-1.0,-1.0,-1.0,-1.0
8.15,0.0,0.9999999999999998,0.0,5,258.108,0.00296293,-3.88279,236.904,236.905,231.952,231.952,-0.432446,324.314,0.096628,17536.4,0.0,13.5224,36.9143,76.348,102.72,90.5098,64.2878,50.8961,43.0552,38.7902,35.2965,32.3824,29.9148,27.0343,24.3582,20.5544,15.6884,11.3017,8.20025,4.41088,-1.0,-1.0,-1.0,-1.0,-1.0
8.17,0.0,0.9999999999999998,0.0,5,258.476,0.0035169,-4.01041,237.226,237.225,232.18,232.18,-0.455513,325.742,0.0966302,17553.7,0.0,13.7402,37.509,77.5789,100.996,88.6793,61.6725,48.826,41.3042,37.2128,33.8612,31.0656,28.6985,25.9351,23.3679,19.7188,15.0507,10.8423,7.86693,4.2316,-1.0,-1.0,-1.0,-1.0,-1.0
8.19,0.0,0.9999999999999998,0.0,5,258.841,0.0041325,-4.1327,237.559,237.559,232.436,232.436,-0.478618,327.172,0.0966334,17573.2,0.0,13.9584,38.105,78.8127,99.2627,86.8265,59.0517,46.7518,39.5498,35.6323,32.4232,29.7464,27.4799,24.8339,22.3757,18.8816,14.4118,10.3821,7.53304,4.05202,-1.0,-1.0,-1.0,-1.0,-1.0
8.21,0.0,0.9999999999999998,0.0,5,259.161,0.00282732,-4.38547,237.879,237.877,233.275,233.275,-0.501754,328.605,0.0966247,17637.1,0.0,14.1766,38.6998,109.459,97.5232,84.954,56.4408,44.6831,37.799,34.0546,30.9873,28.4288,26.2625,23.7336,21.3842,18.0447,13.7728,9.92167,7.19892,3.87225,-1.0,-1.0,-1.0,-1.0,-1.0
8.23,0.12,0.7499999999999998,0.0,5,259.533,0.00270394,-4.58682,238.204,238.204,233.439,233.439,-0.52492,330.039,0.0966239,17648.3,0.0,14.3953,39.2967,107.748,95.7732,83.0505,53.8173,42.606,36.0419,32.4715,29.5467,27.1072,25.0416,22.6302,20.39,17.2058,13.1325,9.46037,6.86421,3.69221,-1.0,-1.0,-1.0,-1.0,-1.0
8.25,0.1625,0.5624999999999998,0.0,5,259.726,0.0830536,-4.69828,238.671,238.015,232.039,232.039,-0.547764,331.475,0.0931497,17541.8,0.0,14.5496,39.3151,106.41,94.6246,82.4632,54.8207,42.7738,35.8803,32.1789,29.1718,26.6805,24.583,22.1482,19.8994,16.7245,12.6995,9.10565,6.5843,3.52477,-1.0,-1.0,-1.0,-1.0,-1.0
8.27,0.1625,0.42187499999999983,0.0,5,259.667,-0.988697,-4.83848,239.248,237.377,230.962,230.962,-0.569558,332.912,0.083351,17460.2,0.0,14.5829,38.3256,75.1514,94.5102,83.7376,65.0422,48.1348,39.2202,34.6409,31.0212,28.0883,25.6639,22.8997,20.3931,16.9281,12.6551,8.94812,6.40608,3.38255,-1.0,-1.0,-1.0,-1.0,-1.0
8.29,0.1625,0.3164062499999999,0.0,5,259.43,-2.45218,-4.98895,239.47,236.87,230.054,230.054,-0.589924,334.349,0.0710735,17391.1,0.0,14.5618,37.0322,69.1648,94.681,85.1097,76.9927,59.444,45.9087,39.4896,34.6476,30.8655,27.8297,24.4642,21.4971,17.522,12.8118,8.88737,6.27842,3.25657,-1.0,-1.0,-1.0,-1.0,-1.0
8.31,0.1625,0.23730468749999992,0.0,5,259.047,-3.87886,-5.26202,239.326,236.407,229.352,229.352,-0.608554,335.785,0.0579789,17337.8,0.0,14.5145,35.715,63.9659,94.8482,86.2052,79.9401,74.6453,57.9712,47.706,40.5319,35.2357,31.1658,26.8306,23.154,18.429,13.108,8.88833,6.18381,3.14459,-1.0,-1.0,-1.0,-1.0,-1.0
8.33,0.1625,0.17797851562499994,0.0,5,258.57,-5.35353,-5.514,239.055,235.827,229.982,226.895,-0.625255,337.219,0.0435686,17267.9,0.0,14.4331,34.327,59.0603,95.0736,87.2117,81.962,78.3376,73.8974,64.5465,51.6239,43.0153,36.8699,30.7278,25.8174,19.8735,13.6284,8.98248,6.13597,3.04987,-1.0,-1.0,-1.0,-1.0,-1.0
8.35,0.1625,0.13348388671874994,0.35,5,257.998,-6.73819,-5.63367,238.653,235.187,229.375,225.739,-0.639697,338.652,0.0282359,17201.1,0.0,14.3234,32.9318,54.5918,95.2956,88.0916,83.5193,80.5962,77.5441,74.8383,70.9973,58.5001,47.3323,37.3539,30.1059,22.0837,14.4273,9.18188,6.13922,2.97448,-1.0,-1.0,-1.0,-1.0,-1.0
8.37,0.1625,0.10011291503906246,0.5774999999999999,4,256.907,-7.98887,-5.72072,230.261,226.473,226.201,222.397,-0.651655,340.081,0.0129495,16951.2,0.0,14.1998,31.6311,50.7608,95.402,88.7358,84.642,82.1261,79.6387,77.6223,75.2936,72.3999,67.6773,49.0543,36.958,25.2826,15.5151,9.47616,6.18758,2.91826,-1.0,-1.0,-1.0,-1.0,-1.0
8.39,0.1625,0.07508468627929685,0.7253749999999999,4,255.134,-8.81081,-5.78929,220.999,216.797,223.243,219.973,-0.66111,341.503,-0.00037086,18760.4,0.0,14.0898,30.5802,47.8535,95.2079,88.9439,85.1762,82.9102,80.7255,79.0115,77.1243,74.9896,72.4553,66.9969,47.0148,29.3045,16.7351,9.79691,6.25224,2.87664,-1.0,-1.0,-1.0,-1.0,-1.0
8.41,0.1625,0.056313514709472635,0.8214937499999999,4,252.923,-9.15927,-5.88052,212.336,207.66,219.681,216.852,-0.668179,342.914,-0.0112903,18704.8,0.0,13.9978,29.7692,45.7157,94.7141,88.746,85.2055,83.1039,81.1053,79.5626,77.8978,76.0748,74.0306,70.5357,61.5674,34.039,17.9921,10.1137,6.32296,2.84793,-1.0,-1.0,-1.0,-1.0,-1.0
8.43,0.04250000000000001,0.04223513603210448,0.8839709374999999,4,250.336,-9.37409,-5.9881,204.503,199.335,215.467,212.447,-0.673115,344.312,-0.0209609,17987.6,0.0,13.9084,29.0712,43.9585,94.072,88.3448,84.9831,83.0063,81.1433,79.7202,78.2028,76.5687,74.7845,71.9167,67.5873,40.1637,19.4113,10.4679,6.41624,2.83373,-1.0,-1.0,-1.0,-1.0,-1.0
8.45,0.0,0.031676352024078355,0.9245811093749999,4,247.268,-9.37045,-5.98442,199.857,194.005,211.626,208.743,-0.676202,345.694,-0.0280108,17674.7,0.0,13.8408,28.578,42.7557,93.1664,87.6082,84.3701,82.4775,80.7044,79.3578,77.9321,76.4106,74.7703,72.202,68.6192,46.4891,20.6629,10.7673,6.49851,2.82783,-1.0,-1.0,-1.0,-1.0,-1.0
8.47,0.0,0.023757264018058766,0.95097772109375,4,244.025,-8.5248,-5.91338,196.024,189.672,208.116,206.093,-0.677819,347.059,-0.0304167,17416.9,0.0,13.8228,28.4237,42.3758,91.8262,86.3375,83.1532,81.2973,79.563,78.2491,76.8615,75.3858,73.8018,71.3421,67.9799,49.0802,21.0972,10.8559,6.51611,2.82089,-1.0,-1.0,-1.0,-1.0,-1.0
8.49,0.0,0.017817948013544076,0.9681355187109375,4,240.756,-6.92266,-5.82065,191.366,184.738,204.92,203.825,-0.678195,348.405,-0.0289754,17187.6,0.0,13.8447,28.5388,42.6366,90.1413,84.6487,81.4678,79.6153,77.8845,76.5736,75.1892,73.7165,72.1353,69.6773,66.3064,47.2936,20.7476,10.7575,6.47846,2.81329,-1.0,-1.0,-1.0,-1.0,-1.0
8.51,0.0,0.013363461010158057,0.9792880871621094,4,237.444,-5.05292,-5.70808,186.748,180.01,201.838,201.449,-0.677576,349.733,-0.0252792,16953.8,0.0,13.8881,28.8108,43.2794,88.2633,82.7271,79.5221,77.6547,75.9079,74.5834,73.1825,71.6888,70.08,67.5618,64.0449,43.454,19.9969,10.5643,6.41501,2.80772,-1.0,-1.0,-1.0,-1.0,-1.0
8.53,0.0,0.010022595757618543,0.9865372566553711,4,234.141,-3.33736,-5.64111,181.949,175.245,198.561,198.415,-0.676281,351.042,-0.0208263,16691.2,0.0,13.9365,29.1369,44.067,86.332,80.7415,77.5042,75.6157,73.8465,72.5028,71.0778,69.5537,67.9045,65.2967,61.5451,39.6656,19.1979,10.3592,6.35142,2.80588,-1.0,-1.0,-1.0,-1.0,-1.0
8.55,0.0,0.007516946818213907,0.9912492168259912,4,230.811,-1.93746,-5.54484,176.796,170.189,195.696,195.683,-0.674573,352.333,-0.0165625,16455.7,0.0,13.9796,29.4488,44.838,84.4381,78.8003,75.5348,73.6273,71.838,70.4762,69.0286,67.4754,65.7855,63.0839,59.0475,36.6847,18.5228,10.1864,6.30136,2.80824,-1.0,-1.0,-1.0,-1.0,-1.0
8.57,0.0,0.005637710113660431,0.9943119909368943,4,227.502,-0.906047,-5.43284,171.244,164.789,192.209,193.518,-0.672651,353.605,-0.0129564,16217.5,0.0,14.0125,29.7104,45.5005,82.6282,76.9587,73.6755,71.756,69.9536,68.5795,67.1161,65.5416,63.8204,61.0411,56.7175,34.5632,18.0193,10.0609,6.26923,2.81434,-1.0,-1.0,-1.0,-1.0,-1.0
8.59,0.0,0.0042282825852453226,0.9963027941089813,4,224.267,-0.19605,-5.34327,164.575,158.395,189.122,190.778,-0.670688,354.859,-0.0100693,15972.1,0.0,14.0356,29.9163,46.035,80.9084,75.2239,71.9342,70.0105,68.2029,66.8234,65.3526,63.7667,62.0272,59.1963,54.6264,33.092,17.6623,9.97651,6.25214,2.82287,-1.0,-1.0,-1.0,-1.0,-1.0
8.61,0.0,0.003171211938933992,0.9975968161708378,4,221.096,0.25411,-5.27325,156.982,151.119,186.203,187.831,-0.668756,356.095,-0.00791442,15725.2,0.0,14.0491,30.064,46.4303,79.2805,73.5974,70.3129,68.3928,66.5884,65.2109,63.7417,62.1558,60.4135,57.5652,52.853,32.1288,17.4323,9.92918,6.24841,2.83321,-1.0,-1.0,-1.0,-1.0,-1.0
8.63,0.0,0.002378408954200494,0.9984379305110446,4,217.993,0.498759,-5.24654,148.779,143.24,183.032,184.578,-0.666914,357.314,-0.00647646,15452.5,0.0,14.0535,30.1536,46.6831,77.7421,72.0761,68.8078,66.899,65.106,63.738,62.2793,60.705,58.9758,56.1481,51.4516,31.5749,17.3123,9.91462,6.25635,2.84481,-1.0,-1.0,-1.0,-1.0,-1.0
8.65,0.12,0.0017838067156503705,0.998984654832179,4,214.922,0.596951,-5.25008,140.156,134.912,179.972,181.457,-0.665184,358.515,-0.00564051,15195.2,0.0,14.0505,30.1941,46.8131,76.2813,70.6451,67.4019,65.5105,63.7359,62.3832,60.9424,59.3894,57.6865,54.9115,50.3726,31.326,17.278,9.9258,6.27329,2.85717,-1.0,-1.0,-1.0,-1.0,-1.0
8.67,0.1625,0.001337855036737778,0.9993400256409164,4,211.863,0.620397,-5.23353,131.103,126.122,177.308,178.6,-0.663494,359.7,-0.00585115,14963.5,0.0,14.0333,30.1453,46.7205,74.9418,69.3553,66.1515,64.2874,62.5418,61.214,59.8027,58.286,56.6299,53.9558,49.7542,31.5877,17.3965,9.98608,6.30889,2.8722,-1.0,-1.0,-1.0,-1.0,-1.0
8.69,0.1625,0.0010033912775533334,0.9995710166665956,4,208.824,0.383547,-5.1977,121.829,117.053,174.779,175.731,-0.661739,360.868,-0.00773519,14736.4,0.0,13.9925,29.9527,46.2726,73.783,68.2754,65.1315,63.3087,61.6074,60.3176,58.9518,57.4916,55.9087,53.3924,49.6644,32.7148,17.7739,10.1306,6.37738,2.8927,-1.0,-1.0,-1.0,-1.0,-1.0
8.71,0.1625,0.000752543458165,0.9997211608332872,4,205.829,-0.0400254,-5.16499,112.118,107.463,172.232,172.865,-0.659859,362.018,-0.0106637,14508.5,0.0,13.9366,29.6728,45.6297,72.7393,67.3257,64.2519,62.4769,60.8266,59.5802,58.266,56.8691,55.3671,53.0176,49.7084,34.5234,18.34,10.335,6.46928,2.91747,-1.0,-1.0,-1.0,-1.0,-1.0
8.73,0.1625,0.00056440759362375,0.9998187545416367,4,202.863,-0.481274,-5.127,102.228,97.5903,169.612,170.05,-0.657831,363.153,-0.0138419,14279.8,0.0,13.8764,29.3747,44.9886,71.7316,66.4125,63.4082,61.6802,60.0794,58.8749,57.6098,56.2722,54.8444,52.6405,49.6475,36.6989,18.9884,10.5633,6.57069,2.94443,-1.0,-1.0,-1.0,-1.0,-1.0
8.75,0.1625,0.00042330569521781253,0.9998821904520638,4,199.919,-0.840824,-5.09036,92.4177,87.7042,166.782,167.171,-0.655636,364.271,-0.0167379,14035.7,0.0,13.8192,29.1017,44.4817,70.7094,65.4772,62.5363,60.8508,59.2944,58.127,56.905,55.6186,54.2534,52.1679,49.4058,38.9475,19.6331,10.7888,6.67162,2.97219,-1.0,-1.0,-1.0,-1.0,-1.0
8.77,0.1625,0.0003174792714133594,0.9999234237938415,4,197.006,-1.08969,-5.07723,82.6913,77.8318,163.595,164.05,-0.653274,365.372,-0.0191008,13773.7,0.0,13.768,28.8724,44.2296,69.6509,64.4953,61.6101,59.9618,58.4437,57.3083,56.123,54.8795,53.566,51.5752,48.984,41.0285,20.2193,10.996,6.76649,2.99991,-1.0,-1.0,-1.0,-1.0,-1.0
8.79,0.1625,0.00023810945356001956,0.999950225465997,4,194.073,-1.21104,-5.03325,73.0198,67.9824,160.823,161.393,-0.650753,366.458,-0.0208031,13546.2,0.0,13.7246,28.6949,44.4956,68.5463,63.4567,60.6195,59.0031,57.5177,56.4093,55.2548,54.0469,52.7757,50.8605,48.3982,41.7219,20.7071,11.1747,6.8518,3.02708,-1.0,-1.0,-1.0,-1.0,-1.0
8.81,0.1625,0.00017858209017001468,0.999967646552898,4,191.145,-1.21065,-4.96587,63.3772,58.1593,158.17,158.88,-0.648081,367.527,-0.0218031,13329.1,0.0,13.6892,28.5708,74.5608,67.3939,62.3603,59.5642,57.9749,56.5172,55.4315,54.3028,53.1244,51.8878,50.0332,47.6702,41.6227,21.0727,11.3195,6.92578,3.05342,-1.0,-1.0,-1.0,-1.0,-1.0
8.83,0.1625,0.000133936567627511,0.9999789702593838,4,188.236,-1.11165,-4.88767,53.6186,48.2557,155.522,156.389,-0.645298,368.58,-0.0221539,13112.8,0.0,13.6615,28.4955,73.3306,66.1999,61.214,58.4532,56.8872,55.4533,54.387,53.28,52.1265,50.9186,49.1137,46.8292,41.1833,21.3136,11.4302,6.98822,3.0787,-1.0,-1.0,-1.0,-1.0,-1.0
8.85,0.1625,0.00010045242572063325,0.9999863306685994,4,185.379,-0.945437,-4.82041,43.2658,37.7848,152.853,153.876,-0.642417,369.617,-0.021965,12894.6,0.0,13.6401,28.4601,72.0764,64.975,60.0309,57.3012,55.7557,54.3426,53.2932,52.2052,51.0731,49.89,48.127,45.9073,40.5508,21.4463,11.5115,7.04082,3.1031,-1.0,-1.0,-1.0,-1.0,-1.0
8.87,0.1625,7.533931929047494e-05,0.9999911149345896,4,182.551,-0.741756,-4.75368,32.6851,27.1332,150.153,151.331,-0.6395,370.638,-0.0213758,12673.8,0.0,13.6235,28.455,70.8083,63.732,58.8257,56.1243,54.5975,53.2034,52.1692,51.0983,49.9856,48.8245,47.0986,44.9351,39.8066,21.4953,11.5695,7.08521,3.12649,-1.0,-1.0,-1.0,-1.0,-1.0
8.89,0.1625,5.6504489467856206e-05,0.9999942247074832,4,179.763,-0.528416,-4.7047,21.9548,16.3789,147.199,148.554,-0.636542,371.643,-0.0205354,12430.0,0.0,13.6099,28.4686,69.5376,62.4846,57.6143,54.94,53.431,52.0549,51.0352,49.9804,48.8859,47.7455,46.054,43.942,39.0096,21.4931,11.6132,7.12467,3.14938,-1.0,-1.0,-1.0,-1.0,-1.0
8.91,0.1625,4.237836710089216e-05,0.9999962460598641,4,177.007,-0.327187,-4.67508,11.0839,5.52592,144.083,145.605,-0.633596,372.633,-0.01958,12176.7,0.0,13.5979,28.4915,68.2738,61.2444,56.41,53.7624,52.271,50.9126,49.9071,48.8682,47.7916,46.6713,45.0133,42.951,38.1988,21.4662,11.6491,7.16114,3.17175,-1.0,-1.0,-1.0,-1.0,-1.0
8.93,0.1625,3.178377532566912e-05,0.9999975599389117,4,174.245,-0.147162,-4.62883,0.334904,0.0,141.287,142.961,-0.630677,373.608,-0.0185934,11948.6,0.0,13.5865,28.5174,67.0234,60.0189,55.221,52.6005,51.1269,49.7863,48.7951,47.7722,46.7134,45.6133,43.9886,41.9753,37.3954,21.4319,11.6819,7.19618,3.19374,-1.0,-1.0,-1.0,-1.0,-1.0
8.95,0.1625,2.383783149425184e-05,0.9999984139602927,4,171.495,0.00869529,-4.57028,0.0,0.0,138.613,140.409,-0.627834,374.567,-0.0176376,11728.9,0.0,13.5753,28.5424,65.7904,58.8128,54.0528,51.46,50.0044,48.6821,47.7055,46.6987,45.658,44.5783,42.9874,41.0233,36.611,21.4001,11.7139,7.23023,3.21514,-1.0,-1.0,-1.0,-1.0,-1.0
8.97,0.1625,1.7878373620688882e-05,0.9999989690741902,4,168.766,0.134689,-4.50236,0.0,0.0,135.981,137.867,-0.625044,375.512,-0.0167845,11511.3,0.0,13.5632,28.5603,64.5807,57.6327,52.9124,50.3484,48.9116,47.608,46.6465,45.6564,44.6344,43.5756,42.0192,40.1052,35.859,21.3866,11.7501,7.26535,3.23638,-1.0,-1.0,-1.0,-1.0,-1.0
8.99,0.1625,1.3408780215516662e-05,0.9999993298982236,4,166.084,0.226442,-4.44488,0.0,0.0,133.346,135.3,-0.622323,376.441,-0.0160846,11292.3,0.0,13.5497,28.5676,63.3975,56.4823,51.8039,49.27,47.8527,46.5686,45.6226,44.6498,43.6469,42.6098,41.0888,39.226,35.1448,21.4002,11.793,7.30237,3.25751,-1.0,-1.0,-1.0,-1.0,-1.0
9.01,0.16712090909090904,1.0056585161637497e-05,0.9999995644338453,4,163.436,0.285159,-4.38831,0.0,0.0,130.691,132.702,-0.619665,377.355,-0.0155547,11071.1,0.0,13.5344,28.5625,62.242,55.3627,50.7283,48.2257,46.8286,45.5646,44.6347,43.6796,42.6965,41.6815,40.1967,38.3859,34.4673,21.4441,11.844,7.34185,3.27864,-1.0,-1.0,-1.0,-1.0,-1.0
9.03,0.17487068181818183,7.542438871228123e-06,0.6499997168819995,4,160.813,0.314942,-4.32983,0.0,0.0,128.008,130.071,-0.617082,378.255,-0.0151895,10847.4,0.0,13.5176,28.5458,61.1134,54.2729,49.6842,47.2139,45.8376,44.5941,43.6807,42.7438,41.7808,40.7883,39.3401,37.5814,33.8213,21.5163,11.9023,7.38346,3.29966,-1.0,-1.0,-1.0,-1.0,-1.0
9.05,0.18233090909090904,5.656829153421092e-06,0.4224998159732997,4,158.288,0.319482,-4.29455,0.0,0.0,129.544,131.497,-0.614557,379.14,-0.0149655,10985.9,0.0,13.4995,28.5189,60.0096,53.2102,48.6688,46.2316,44.8764,43.6539,42.7572,41.8386,40.8959,39.9261,38.5146,36.8077,33.2001,21.6132,11.9672,7.42708,3.32066,-1.0,-1.0,-1.0,-1.0,-1.0
9.07,0.18917068181818178,4.242621865065819e-06,0.2746248803826448,4,155.973,0.304557,-4.25401,7.28977,7.3259,132.303,133.508,-0.612101,380.012,-0.0148289,11186.3,0.0,13.4807,28.5132,58.9256,52.169,47.6757,45.2719,43.9381,42.7367,41.8567,40.9565,40.0341,39.0868,37.7116,36.0553,32.5928,21.7233,12.035,7.47127,3.34134,9.68458,9.67765,9.67367,9.67264,9.67456
9.09,0.19502068181818186,3.1819663987993645e-06,0.17850617224871912,4,153.993,0.277768,-4.198,19.0977,19.1695,133.258,133.746,-0.609709,380.873,-0.0148004,11230.1,0.0,13.4611,28.5937,57.8609,51.1488,46.7047,44.3348,43.0225,41.8424,40.9792,40.0973,39.1952,38.2702,36.931,35.3245,32.0001,21.8515,12.1075,7.5167,3.36185,-1.0,-1.0,-1.0,-1.0,-1.0
9.11,0.20010250000000004,2.3864747990995235e-06,0.11602901196166743,4,152.273,0.234111,-4.1387,33.2959,33.4021,132.732,133.006,-0.607363,381.723,-0.0150183,11175.6,0.0,13.4386,28.7771,56.8233,50.1586,45.7656,43.4306,42.1404,40.982,40.1359,39.2728,38.3911,37.4888,36.1857,34.6287,31.4384,22.0273,12.1938,7.56691,3.38282,-1.0,-1.0,-1.0,-1.0,-1.0
9.13,0.2047027272727273,1.7898560993246426e-06,0.07541885777508384,4,150.716,0.175341,-4.08732,48.5954,48.7275,131.865,132.033,-0.605047,382.564,-0.0155445,11098.2,0.0,13.4124,29.1028,55.8157,49.2017,44.8618,42.5628,41.2952,40.159,39.3304,38.4862,37.6253,36.7459,35.479,33.9713,30.9112,22.2662,12.2986,7.6238,3.40462,-1.0,-1.0,-1.0,-1.0,-1.0
9.15,0.20890704545454541,1.342392074493482e-06,0.049022257553804495,4,149.293,0.108024,-4.05527,64.0845,64.2322,130.919,130.992,-0.602703,383.396,-0.0164043,11015.0,0.0,13.3817,29.663,54.8392,48.279,43.9942,41.7322,40.4877,39.3741,38.5632,37.7383,36.8984,36.0419,34.8113,33.3524,30.4181,22.5797,12.426,7.68926,3.42787,-1.0,-1.0,-1.0,-1.0,-1.0
9.17,0.21281295454545454,1.0067940558701114e-06,0.031864467409972924,4,147.971,0.0376163,-4.04084,79.4282,79.5534,130.075,129.821,-0.600303,384.222,-0.0176542,10930.4,0.0,13.3455,30.7911,53.8966,47.3933,43.1656,40.9415,39.7206,38.6301,37.8371,37.0317,36.2128,35.3794,34.1849,32.7742,29.961,22.8955,12.5815,7.76547,3.45303,-1.0,-1.0,-1.0,-1.0,-1.0
9.19,0.2165268181818182,7.550955419025835e-07,0.0207119038164824,4,146.714,-0.0393093,-4.03634,94.6456,94.6997,129.292,128.591,-0.597788,385.04,-0.019527,10845.8,0.0,13.3005,61.0939,53.0035,46.5617,42.3938,40.209,39.0124,37.9455,37.1709,36.3853,35.5878,34.7776,33.6195,32.2568,29.5612,23.1027,12.784,7.8597,3.48153,-1.0,-1.0,-1.0,-1.0,-1.0
9.21,0.22006636363636367,5.663216564269376e-07,0.01346273748071356,4,145.516,-0.129358,-4.04224,109.523,109.428,128.421,127.459,-0.595073,385.851,-0.0224747,10761.7,0.0,13.2404,60.239,52.1906,45.817,41.7132,39.5699,38.3987,37.3564,36.6009,35.8357,35.0602,34.2737,33.1526,31.8383,29.2585,23.3087,13.0708,7.98573,3.51581,-1.0,-1.0,-1.0,-1.0,-1.0
9.23,0.22326022727272726,4.247412423202032e-07,0.008750779362463814,4,144.435,-0.229521,-4.07333,122.88,122.377,127.695,126.269,-0.591962,386.656,-0.0273718,10681.7,0.0,13.1532,59.509,51.5178,45.2233,41.1903,39.092,37.9481,36.932,36.1967,35.4531,34.7008,33.9392,32.8563,31.5916,29.1279,23.6267,13.5214,8.1725,3.56111,-1.0,-1.0,-1.0,-1.0,-1.0
9.25,0.22539636363636364,3.185559317401524e-07,0.005688006585601479,4,143.712,-0.416395,-4.08476,130.599,128.999,127.353,125.09,-0.588131,387.455,-0.035808,10619.0,0.0,13.018,58.999,51.0904,44.8925,40.9411,38.8934,37.7796,36.7922,36.0791,35.359,34.6315,33.8965,32.8539,31.6413,29.2962,24.2036,14.3043,8.47731,3.627,-1.0,-1.0,-1.0,-1.0,-1.0
9.27,0.22654863636363637,2.389169488051143e-07,0.003697204280640962,4,143.322,-0.923239,-4.08258,132.541,129.87,127.371,124.2,-0.583277,388.252,-0.0481575,10583.4,0.0,12.8317,58.7248,50.9233,44.838,40.9767,38.9833,37.9016,36.9443,36.254,35.5582,34.8564,34.1485,33.1466,31.9854,29.7552,25.0188,15.5703,8.94018,3.71937,-1.0,-1.0,-1.0,-1.0,-1.0
9.29,0.2274852272727273,1.7918771160383572e-07,0.002403182782416625,4,143.005,-1.67378,-4.07387,132.867,129.537,127.373,123.591,-0.577225,389.046,-0.0630852,10558.1,0.0,12.6131,58.5987,50.9162,44.9493,41.1794,39.2395,38.1895,37.2614,36.5931,35.9203,35.2429,34.5607,33.597,32.4831,30.3554,25.9112,17.393,9.56101,3.83688,-1.0,-1.0,-1.0,-1.0,-1.0
9.31,0.22840409090909097,1.343907837028768e-07,0.0015620688085708065,4,142.694,-2.50586,-4.06144,132.82,129.141,127.253,123.145,-0.569902,389.839,-0.0793115,10534.3,0.0,12.3792,26.9962,50.9779,45.1275,41.4454,39.5561,38.5354,37.6348,36.9869,36.3353,35.6798,35.0206,34.0913,33.0195,30.9803,26.772,19.1593,10.3375,3.9771,-1.0,-1.0,-1.0,-1.0,-1.0
9.33,0.22934363636363636,1.0079308777715759e-07,0.0010153447255710243,4,142.376,-3.32036,-4.05594,132.581,128.76,127.016,122.781,-0.561188,390.629,-0.0959691,10508.9,0.0,12.1397,24.9819,51.0507,45.3112,41.7112,39.8691,38.8752,37.9992,37.3699,36.7375,36.102,35.4634,34.5642,33.5293,31.5669,27.5516,20.5207,11.2772,4.13911,-1.0,-1.0,-1.0,-1.0,-1.0
9.35,0.23030977272727274,7.55948158328682e-08,0.0006599740716211658,4,142.049,-4.0563,-4.05714,132.269,128.439,126.713,122.481,-0.551033,391.417,-0.112508,10483.5,0.0,11.9001,23.5497,51.0999,45.4641,41.9402,40.1413,39.172,38.3184,37.7057,37.0906,36.473,35.853,34.9807,33.978,32.0822,28.2283,21.6188,12.3935,4.32219,-1.0,-1.0,-1.0,-1.0,-1.0
9.37,0.23129659090909088,5.669611187465115e-08,0.0004289831465537578,4,141.715,-4.69727,-4.06188,131.901,128.12,126.373,122.189,-0.539386,392.202,-0.128749,10456.9,0.0,11.6614,22.387,51.1161,45.5772,42.1239,40.3644,39.4178,38.5848,37.9872,37.3876,36.7861,36.1827,35.3347,34.361,32.5235,28.808,22.5268,13.7173,4.52717,-1.0,-1.0,-1.0,-1.0,-1.0
9.39,0.2323040909090909,4.2522083905988365e-08,0.0002788390452599426,4,141.374,-5.25422,-4.06786,131.541,127.819,126.032,121.9,-0.526222,392.985,-0.144723,10430.4,0.0,11.4225,21.3843,51.1029,45.655,42.2675,40.5445,39.6186,38.8046,38.2211,37.6358,37.0489,36.4605,35.6343,34.6869,32.9019,29.3074,23.2943,15.1009,4.75572,-1.0,-1.0,-1.0,-1.0,-1.0
9.41,0.23332931818181823,3.189156292949127e-08,0.0001812453794189627,4,141.027,-5.78352,-4.08977,131.183,127.481,125.696,121.558,-0.511519,393.765,-0.160685,10401.8,0.0,11.1808,20.4746,51.0774,45.7158,42.39,40.7015,39.7948,38.9983,38.4277,37.8558,37.2825,36.7079,35.9018,34.9781,33.2409,29.754,23.9678,16.2304,5.01122,-1.0,-1.0,-1.0,-1.0,-1.0
9.43,0.23438704545454542,2.3918672197118455e-08,0.00011780949662232577,4,140.669,-6.28458,-4.09734,130.838,127.116,125.385,121.211,-0.495258,394.542,-0.176796,10374.2,0.0,10.9349,19.6258,51.05,45.7705,42.5033,40.8473,39.9587,39.1785,38.6199,38.0602,37.4996,36.9381,36.1505,35.2488,33.555,30.1647,24.5749,17.191,5.29708,-1.0,-1.0,-1.0,-1.0,-1.0
9.45,0.2354684090909091,1.793900414783884e-08,7.657617280451174e-05,4,140.303,-6.75385,-4.08976,130.487,126.741,125.069,120.865,-0.477412,395.316,-0.193009,10346.3,0.0,10.6851,18.8291,51.0182,45.8172,42.6056,40.9799,40.1085,39.3437,38.7963,38.2481,37.6991,37.1496,36.3794,35.498,33.844,30.5418,25.124,18.0291,5.61576,-1.0,-1.0,-1.0,-1.0,-1.0
9.47,0.23657045454545453,1.3454253110879131e-08,4.9774512322932635e-05,4,139.93,-7.19032,-4.07124,130.126,126.367,124.742,120.52,-0.457954,396.086,-0.209258,10318.0,0.0,10.4317,18.0794,50.9786,45.8526,42.6937,41.0966,40.2413,39.4911,38.9543,38.4168,37.8788,37.3404,36.5861,35.7238,34.1068,30.885,25.6207,18.7695,5.96976,-1.0,-1.0,-1.0,-1.0,-1.0
9.49,0.23769318181818178,1.009068983315935e-08,3.235343300990622e-05,4,139.55,-7.59294,-4.04645,129.751,125.991,124.402,120.178,-0.436858,396.853,-0.225476,10289.3,0.0,10.1749,17.3723,50.9284,45.874,42.765,41.1952,40.3548,39.6182,39.0914,38.5642,38.0365,37.5086,36.7692,35.9244,34.342,31.1942,26.0687,19.4285,6.36175,-1.0,-1.0,-1.0,-1.0,-1.0
9.51,0.23882772727272727,0.2500000075680174,2.1029731456439043e-05,4,139.166,-7.96276,-4.02152,129.369,125.622,124.051,119.84,-0.414126,397.616,-0.241592,10260.2,0.0,9.91505,16.7052,50.864,45.8776,42.816,41.2721,40.446,39.7222,39.2047,38.687,38.1692,37.6511,36.9259,36.0975,34.5471,31.468,26.4692,20.0164,6.7941,-1.0,-1.0,-1.0,-1.0,-1.0
9.53,0.23935659090909092,0.43750000567601305,1.366932544668538e-05,4,138.987,-8.27717,-4.00313,128.999,125.328,124.379,124.379,-0.389745,398.376,-0.257148,10465.2,0.0,9.65447,16.0913,50.7602,45.8377,42.8211,41.3016,40.4891,39.7774,39.2688,38.76,38.2512,37.7426,37.0308,36.218,34.6977,31.6833,26.8021,20.5213,7.26461,-1.0,-1.0,-1.0,-1.0,-1.0
9.55,0.23954568181818178,0.5781250042570099,8.885061540345496e-06,4,138.923,-8.44317,-3.98669,128.693,125.21,125.777,125.777,-0.363694,399.133,-0.271529,10586.4,0.0,9.39561,15.5468,50.5833,45.7204,42.746,41.2494,40.4499,39.7498,39.2496,38.7494,38.2493,37.7495,37.0504,36.2525,34.7611,31.8084,27.0398,20.9232,7.76693,-1.0,-1.0,-1.0,-1.0,-1.0
9.57,0.23931818181818182,0.6835937531927574,5.775290001224572e-06,4,139.0,-8.486,-3.9735,128.484,125.221,127.26,127.26,-0.335985,399.889,-0.284784,10711.7,0.0,9.13715,15.0613,50.3374,45.5301,42.5959,41.1212,40.3339,39.645,39.1529,38.6609,38.1692,37.6779,36.9909,36.2074,34.744,31.8508,27.191,21.2335,8.27317,-1.0,-1.0,-1.0,-1.0,-1.0
9.59,0.23872727272727276,0.5126953148945681,3.753938500795972e-06,4,139.2,-8.44733,-3.97305,128.405,125.354,128.613,128.613,-0.306625,400.643,-0.297054,10825.9,0.0,8.87742,14.6242,50.0311,45.2765,42.3806,40.9272,40.1516,39.4733,38.9891,38.5052,38.0217,37.5386,36.8634,36.0937,34.6574,31.822,27.2681,21.4658,8.73153,-1.0,-1.0,-1.0,-1.0,-1.0
9.61,0.23811272727272734,0.3845214861709261,2.440060025517382e-06,4,139.408,-8.3122,-3.98523,128.427,125.571,127.456,127.456,-0.275644,401.396,-0.308416,10723.0,0.0,8.61548,14.23,49.6695,44.9651,42.1061,40.6733,39.9093,39.2413,38.7647,38.2885,37.813,37.338,36.6744,35.9182,34.5083,31.7295,27.2791,21.6288,9.14359,-1.0,-1.0,-1.0,-1.0,-1.0
9.63,0.23779363636363637,0.28839111462819456,1.5860390165862982e-06,4,139.516,-7.98597,-3.99957,128.435,125.825,126.028,126.028,-0.243046,402.147,-0.318478,10602.6,0.0,8.35232,13.8898,49.2341,44.5773,41.7542,40.3415,39.5888,38.931,38.4618,37.9933,37.5256,37.0586,36.4064,35.6636,34.2798,31.5574,27.2103,21.7121,9.50603,-1.0,-1.0,-1.0,-1.0,-1.0
9.65,0.23778181818181818,0.21629333597114592,1.0309253607810938e-06,4,139.52,-7.45256,-4.01163,128.369,126.063,124.901,124.901,-0.208873,402.895,-0.327084,10508.5,0.0,8.09034,13.6081,48.7191,44.1079,41.32,39.9272,39.1857,38.5381,38.0763,37.6154,37.1554,36.6965,36.0557,35.3264,33.9688,31.303,27.06,21.7159,9.81902,-1.0,-1.0,-1.0,-1.0,-1.0
9.67,0.2380063636363637,0.16222000197835945,6.70101484507711e-07,4,139.444,-6.77117,-4.01671,128.254,126.243,124.088,124.088,-0.173169,403.641,-0.334595,10440.6,0.0,7.83799,13.3737,48.1458,43.5794,40.8264,39.4534,38.7231,38.0857,37.6313,37.178,36.7258,36.2748,35.6455,34.9296,33.5984,30.9894,26.8508,21.6611,10.0904,-1.0,-1.0,-1.0,-1.0,-1.0
9.69,0.23840818181818185,0.12166500148376959,4.355659649300121e-07,4,139.308,-6.04841,-4.0115,128.143,126.324,124.104,122.816,-0.135962,404.384,-0.34176,10388.0,0.0,7.59354,13.1626,47.5547,43.0331,40.3151,38.9618,38.2427,37.6153,37.1685,36.7227,36.2782,35.8351,35.2172,34.5147,33.2096,30.6567,26.6207,21.5812,10.3331,-1.0,-1.0,-1.0,-1.0,-1.0
9.71,0.2389488636363636,0.0912487511128272,2.831178772045079e-07,4,139.125,-5.4062,-3.99334,128.083,126.273,123.803,122.129,-0.0973008,405.122,-0.349464,10346.5,0.0,7.35375,12.9448,46.9918,42.5153,39.832,38.4982,37.7901,37.1727,36.7331,36.2948,35.8579,35.4225,34.8156,34.1262,32.8465,30.3476,26.4092,21.5105,10.5607,-1.0,-1.0,-1.0,-1.0,-1.0
9.73,0.2395870454545455,0.06843656333462039,1.8402662018293011e-07,4,138.909,-4.9234,-3.98548,128.046,126.113,123.538,121.541,-0.0572324,405.856,-0.358043,10310.7,0.0,7.11763,12.7085,46.4733,42.042,39.3929,38.078,37.3807,36.773,36.3405,35.9093,35.4797,35.0518,34.4555,33.7786,32.5231,30.0755,26.2286,21.4595,10.7789,-1.0,-1.0,-1.0,-1.0,-1.0
9.75,0.2402961363636363,0.051327422500965295,1.196173031189046e-07,4,138.669,-4.59417,-3.98256,127.998,125.88,123.308,121.014,-0.0163008,406.585,-0.353754,10278.8,0.0,6.88515,12.4508,46.0017,41.6153,38.9996,37.7031,37.016,36.4176,35.9919,35.5677,35.1451,34.7243,34.1381,33.473,32.2406,29.8412,26.0794,21.4287,10.9895,-1.0,-1.0,-1.0,-1.0,-1.0
9.77,0.24105545454545454,0.038495566875723974,7.775124702728799e-08,4,138.412,-4.40643,-3.9803,127.927,125.604,123.097,120.531,0.0234451,407.318,-0.34181,10249.6,0.0,6.65678,12.1726,45.5755,41.2331,38.6497,37.3709,36.6937,36.1041,35.6849,35.2673,34.8514,34.4373,33.8608,33.2068,31.9961,29.6419,25.9589,21.4159,11.1929,-1.0,-1.0,-1.0,-1.0,-1.0
9.79,0.24185318181818183,0.02887167515679298,5.05383105677372e-08,4,138.142,-4.33488,-3.98454,127.817,125.303,122.881,120.078,0.0617962,408.057,-0.33048,10221.4,0.0,6.43317,11.8796,45.1872,40.8877,38.3353,37.0736,36.4057,35.8245,35.4114,35.0001,34.5905,34.1829,33.6155,32.9721,31.7816,29.4699,25.86,21.4157,11.3881,-1.0,-1.0,-1.0,-1.0,-1.0
9.81,0.2426834090909091,0.021653756367594736,3.284990186902918e-08,4,137.861,-4.40546,-4.02144,127.688,124.976,122.675,119.636,0.0986989,408.802,-0.319834,10194.1,0.0,6.21458,11.5713,44.839,40.581,38.0581,36.8126,36.1536,35.5803,35.173,34.7675,34.3639,33.9623,33.4035,32.77,31.5985,29.3262,25.7835,21.4289,11.5763,-1.0,-1.0,-1.0,-1.0,-1.0
9.83,0.24353727272727274,0.016240317275696053,2.1352436214868967e-08,4,137.572,-4.59012,-4.0788,127.533,124.64,122.459,119.216,0.134134,409.554,-0.309779,10167.3,0.0,6.0017,11.2531,44.5251,40.3068,37.8121,36.5818,35.9312,35.3655,34.9636,34.5635,34.1655,33.7696,33.2188,32.5947,31.4409,29.2051,25.7243,21.4515,11.7566,-1.0,-1.0,-1.0,-1.0,-1.0
9.85,0.24442068181818183,0.01218023795677204,1.3879083539664829e-08,4,137.273,-4.84635,-4.14545,127.341,124.301,122.221,118.818,0.168065,410.311,-0.300214,10140.5,0.0,5.79573,10.9341,44.2354,40.0551,37.5872,36.3713,35.7287,35.17,34.7732,34.3784,33.9856,33.5949,33.0516,32.4363,31.2992,29.0974,25.674,21.4766,11.9274,-1.0,-1.0,-1.0,-1.0,-1.0
9.87,0.24532477272727268,0.00913517846757903,9.021404300782139e-09,4,136.967,-5.14226,-4.21396,127.115,123.965,121.968,118.449,0.200527,411.073,-0.291095,10114.4,0.0,5.59734,10.6209,43.962,39.8178,37.3753,36.173,35.538,34.9861,34.5941,34.2042,33.8163,33.4306,32.8944,32.2873,31.1659,28.9961,25.6265,21.4994,12.0872,-1.0,-1.0,-1.0,-1.0,-1.0
9.89,0.2462495454545455,0.006851383850684272,0.3500000058639128,4,136.654,-5.45646,-4.28343,126.859,123.631,121.7,118.096,0.231528,411.841,-0.282112,10088.1,0.0,5.40697,10.3184,43.6983,39.5885,37.1704,35.9809,35.353,34.8076,34.4203,34.035,33.6519,33.271,32.7415,32.1421,31.0356,28.8961,25.5774,21.5165,12.2351,-1.0,-1.0,-1.0,-1.0,-1.0
9.91,0.2483147727272727,0.005138537888013204,0.5775000038115433,4,135.955,-5.85386,-4.36207,118.318,114.513,118.327,114.679,0.260995,412.612,-0.27316,9796.02,0.0,5.22562,10.0321,43.4388,39.3619,36.9668,35.7897,35.1685,34.6291,34.2463,33.8655,33.4869,33.1105,32.5874,31.9954,30.903,28.7924,25.5221,21.5243,12.3697,-1.0,-1.0,-1.0,-1.0,-1.0
9.93,0.25206704545454545,0.0038539034160099033,0.7253750024775032,4,134.685,-6.38396,-4.44158,107.941,102.799,114.504,110.964,0.28866,413.385,-0.26352,9475.19,0.0,5.05795,9.79058,43.1484,39.1031,36.7304,35.5656,34.9511,34.4176,34.039,33.6627,33.2885,32.9167,32.3999,31.8153,30.7368,28.6552,25.4333,21.4995,12.4806,-1.0,-1.0,-1.0,-1.0,-1.0
9.95,0.25687113636363634,0.0028904275620074277,0.4714937516103771,4,133.059,-6.93414,-4.49733,96.3489,89.4509,110.352,107.107,0.314213,414.155,-0.252485,9135.61,0.0,4.90892,9.62444,42.7908,38.7767,36.4267,35.2743,34.6666,34.1392,33.7651,33.3932,33.0237,32.6564,32.1464,31.5694,30.5055,28.454,25.2836,21.419,12.5573,-1.0,-1.0,-1.0,-1.0,-1.0
9.97,0.2620297727272728,0.0021678206715055708,0.3064709385467451,4,131.313,-7.3158,-4.51982,95.4164,86.7204,110.093,107.31,0.337543,414.921,-0.240056,9144.89,0.0,4.78031,9.54629,42.3577,38.3749,36.0481,34.9086,34.3081,33.7871,33.4176,33.0504,32.6856,32.3233,31.8201,31.2512,30.2028,28.1834,25.0681,21.2788,12.5976,-1.0,-1.0,-1.0,-1.0,-1.0
9.99,0.2668781818181818,0.001625865503629178,0.19920611005538433,4,129.672,-7.37465,-4.51231,100.254,90.3278,110.726,108.464,0.358757,415.683,-0.226373,9222.35,0.0,4.67024,9.55142,41.8673,37.916,35.6131,34.4867,33.8936,33.3792,33.0146,32.6523,32.2924,31.9351,31.4391,30.8786,29.8463,27.8603,24.803,21.0932,12.6084,-1.0,-1.0,-1.0,-1.0,-1.0
10.01,0.27103227272727276,0.0012193991277218836,0.12948397153599983,4,128.266,-7.17505,-4.49926,106.585,96.8908,111.207,109.024,0.378094,416.441,-0.212457,9265.21,0.0,4.57357,9.61065,41.3672,37.4472,35.1678,34.0544,33.4686,32.9608,32.6009,32.2435,31.8885,31.5361,31.0472,30.495,29.4787,27.5256,24.5254,20.894,12.6041,-1.0,-1.0,-1.0,-1.0,-1.0
10.03,0.2742734090909091,0.0009145493457914126,0.08416458149839989,4,127.169,-6.87668,-4.48243,111.096,103.28,111.396,109.036,0.395844,417.196,-0.199593,9272.9,0.0,4.48381,9.67441,40.9165,37.0256,34.7681,33.6667,33.0877,32.5859,32.2304,31.8774,31.5269,31.1791,30.6967,30.152,29.1502,27.2273,24.2789,20.7178,12.6018,-1.0,-1.0,-1.0,-1.0,-1.0
10.05,0.2766902272727273,0.0006859120093435595,0.05470697797395993,4,126.351,-6.65439,-4.46201,113.405,107.782,111.427,108.661,0.412254,417.948,-0.188603,9258.28,0.0,4.39629,9.69882,40.5519,36.6866,34.4482,33.3572,32.7839,32.2873,31.9356,31.5864,31.2399,30.896,30.4191,29.8808,28.8914,26.994,24.089,20.5864,12.612,-1.0,-1.0,-1.0,-1.0,-1.0
10.07,0.2785072727272727,0.0005144340070076696,0.035559535683073955,4,125.736,-6.59505,-4.44642,114.428,109.976,111.406,108.191,0.427499,418.699,-0.179707,9237.92,0.0,4.31008,9.67276,40.2704,36.427,34.2047,33.1224,32.5539,32.0617,31.7132,31.3672,31.0239,30.6832,30.211,29.678,28.6988,26.8224,23.9528,20.4974,12.6345,3.52603,3.51154,3.49837,3.4865,3.4759
10.09,0.27996977272727275,0.00038582550525575223,0.02311369819399807,4,125.241,-6.66226,-4.44223,114.842,110.823,111.311,107.789,0.441688,419.45,-0.171907,9217.16,0.0,4.22729,9.62215,40.0377,36.2136,34.0054,32.9307,32.3664,31.8779,31.5321,31.1889,30.8484,30.5106,30.0423,29.514,28.5436,26.6853,23.846,20.4306,12.6615,-1.0,-1.0,-1.0,-1.0,-1.0
10.11,0.2812225,0.0002893691289418142,0.015023903826098745,4,124.817,-6.79612,-4.46547,114.959,111.127,111.119,107.452,0.454834,420.2,-0.164443,9195.03,0.0,4.15047,9.58042,39.8198,36.0135,33.8183,32.7507,32.1903,31.7053,31.362,31.0213,30.6834,30.3483,29.8838,29.3597,28.3975,26.556,23.7448,20.3666,12.6851,-1.0,-1.0,-1.0,-1.0,-1.0
10.13,0.2823422727272727,0.00021702684670636064,0.009765537486964185,4,124.438,-6.93584,-4.51578,114.88,111.198,110.857,107.196,0.466923,420.951,-0.156764,9173.36,0.0,4.08181,9.57657,39.5917,35.8028,33.6203,32.5598,32.0032,31.5216,31.1808,30.8427,30.5073,30.1748,29.714,29.1942,28.2401,26.4153,23.6323,20.2915,12.6993,-1.0,-1.0,-1.0,-1.0,-1.0
10.15,0.28337931818181816,0.00016277013502977047,0.006347599366526721,4,124.087,-7.01413,-4.5769,114.682,111.18,110.541,106.998,0.477936,421.702,-0.148482,9151.75,0.0,4.02295,9.6372,39.3361,35.5649,33.3956,32.3423,31.7898,31.3118,30.9736,30.6381,30.3054,29.9755,29.5185,29.0033,28.0577,26.2503,23.4969,20.1957,12.7002,-1.0,-1.0,-1.0,-1.0,-1.0
10.17,0.28435431818181817,0.00012207760127232786,0.004125939588242368,4,123.757,-7.01161,-4.63776,114.442,111.135,110.217,106.822,0.487902,422.453,-0.139763,9130.77,0.0,3.97396,9.77649,39.052,35.2992,33.1435,32.0978,31.5495,31.0753,30.7398,30.407,30.0771,29.7501,29.2971,28.7865,27.85,26.0609,23.3388,20.0795,12.6883,-1.0,-1.0,-1.0,-1.0,-1.0
10.19,0.2852938636363637,9.155820095424589e-05,0.0026818607323575395,4,123.439,-6.93991,-4.68845,114.171,111.032,109.903,106.626,0.496846,423.203,-0.130703,9109.35,0.0,3.93425,10.0039,38.7489,35.0146,32.873,31.8349,31.2909,30.8205,30.4878,30.1579,29.8309,29.5067,29.0578,28.552,27.6247,25.8545,23.1645,19.9484,12.666,-1.0,-1.0,-1.0,-1.0,-1.0
10.21,0.28621568181818186,6.866865071568441e-05,0.001743209476032401,4,123.127,-6.84741,-4.73326,113.905,110.86,109.621,106.37,0.504815,423.953,-0.121632,9086.7,0.0,3.90201,10.32,38.4445,34.7283,32.6005,31.5699,31.03,30.5635,30.2335,29.9064,29.5822,29.2609,28.8161,28.3149,27.3965,25.6449,22.9864,19.8128,12.6379,-1.0,-1.0,-1.0,-1.0,-1.0
10.23,0.28713159090909096,5.1501488036763305e-05,0.0011330861594210607,4,122.817,-6.78085,-4.768,113.683,110.634,109.393,106.08,0.5118,424.703,-0.112921,9064.91,0.0,3.87608,10.7367,38.1549,34.4555,32.3405,31.3169,30.781,30.3179,29.9906,29.6661,29.3445,29.0259,28.5848,28.0881,27.178,25.4439,22.8149,19.681,12.6075,-1.0,-1.0,-1.0,-1.0,-1.0
10.25,0.28804749999999996,3.862611602757248e-05,0.0007365060036236895,4,122.507,-6.72808,-4.78218,113.474,110.38,109.176,105.79,0.517828,425.452,-0.104576,9043.62,0.0,3.85633,11.3349,37.8799,34.196,32.0929,31.0759,30.5436,30.0838,29.7588,29.4368,29.1177,28.8016,28.3641,27.8714,26.9692,25.2514,22.6499,19.5534,12.575,-1.0,-1.0,-1.0,-1.0,-1.0
10.27,0.28896340909090906,2.896958702067936e-05,0.0004787289023553982,4,122.197,-6.69521,-4.77802,113.249,110.084,108.958,105.485,0.522937,426.2,-0.0967659,9021.57,0.0,3.84244,12.5116,37.6216,33.9517,31.8594,30.8485,30.3195,29.8627,29.5399,29.2201,28.9033,28.5895,28.1553,27.6665,26.7715,25.0687,22.4928,19.4308,12.5412,-1.0,-1.0,-1.0,-1.0,-1.0
10.29,0.28987931818181817,2.172719026550952e-05,0.0003111737865310088,4,121.887,-6.68722,-4.76008,113.041,109.796,108.746,105.185,0.527202,426.946,-0.0895185,9000.02,0.0,3.83405,42.804,37.3797,33.7224,31.64,30.6346,30.1087,29.6547,29.3339,29.0161,28.7014,28.3897,27.9585,27.4732,26.5849,24.8958,22.3436,19.3135,12.5063,-1.0,-1.0,-1.0,-1.0,-1.0
10.31,0.2907922727272727,1.6295392699132143e-05,0.00020226296124515572,4,121.578,-6.70824,-4.7372,112.81,109.488,108.519,104.876,0.530631,427.692,-0.0826539,8977.46,0.0,3.83121,42.5907,37.1527,33.5065,31.4329,30.4326,29.9096,29.458,29.1391,28.8231,28.5102,28.2004,27.772,27.2899,26.4078,24.7314,22.2009,19.2004,12.4701,-1.0,-1.0,-1.0,-1.0,-1.0
10.33,0.29171113636363644,1.2221544524349107e-05,0.00013147092480935124,4,121.267,-6.77183,-4.71968,112.573,109.173,108.291,104.561,0.533235,428.436,-0.0761795,8954.6,0.0,3.83378,42.4059,36.9404,33.304,31.2382,30.2424,29.7219,29.2727,28.9554,28.6411,28.3299,28.0219,27.5959,27.1166,26.2402,24.5753,22.0648,19.0914,12.4325,-1.0,-1.0,-1.0,-1.0,-1.0
10.35,0.29263295454545457,9.166158393261831e-06,8.54561011260783e-05,4,120.955,-6.85545,-4.7017,112.317,108.859,108.049,104.263,0.535045,429.178,-0.0699596,8931.89,0.0,3.84213,42.2444,36.7371,33.1092,31.0506,30.0589,29.5407,29.0936,28.7778,28.4651,28.1556,27.8491,27.4253,26.9487,26.0775,24.4234,21.9315,18.9835,12.3924,-1.0,-1.0,-1.0,-1.0,-1.0
10.37,0.2935547727272727,6.874618794946373e-06,5.5546465731950896e-05,4,120.643,-6.94159,-4.67912,112.045,108.549,107.796,103.976,0.536057,429.919,-0.0639472,8909.17,0.0,3.85674,42.103,36.5388,32.9185,30.8666,29.8785,29.3625,28.9174,28.6031,28.2918,27.9837,27.6788,27.2572,26.7831,25.9167,24.2729,21.7985,18.8749,12.3491,-1.0,-1.0,-1.0,-1.0,-1.0
10.39,0.29447954545454547,5.15596409620978e-06,0.35003610520272577,4,120.33,-7.02309,-4.6517,111.762,108.243,107.534,103.697,0.536323,430.657,-0.0582712,8886.38,0.0,3.87761,41.9798,36.3434,32.7299,30.6842,29.6997,29.1856,28.7422,28.4293,28.1195,27.8128,27.5093,27.0898,26.6181,25.7562,24.1222,21.6647,18.7646,12.3024,-1.0,-1.0,-1.0,-1.0,-1.0
10.41,0.2964768181818182,3.866973072157335e-06,0.5775234683817717,4,119.654,-7.1519,-4.61889,103.227,98.8651,104.015,100.352,0.53585,431.393,-0.0525552,8590.74,0.0,3.90544,41.8669,36.1439,32.5369,30.4971,29.5161,29.004,28.5624,28.2508,27.9423,27.6371,27.335,26.9175,26.4482,25.5909,23.9664,21.5258,18.6492,12.251,-1.0,-1.0,-1.0,-1.0,-1.0
10.43,0.30016409090909085,2.900229804118001e-06,0.7253902544481516,4,118.406,-7.42226,-4.58509,93.1425,86.9352,100.03,96.7121,0.534475,432.122,-0.0461884,8266.53,0.0,3.94432,41.7274,35.9131,32.3139,30.281,29.304,28.7942,28.3547,28.0445,27.7376,27.4339,27.1335,26.7183,26.2517,25.3997,23.7861,21.3646,18.5145,12.1884,-1.0,-1.0,-1.0,-1.0,-1.0
10.45,0.30492090909090913,2.1751723530885005e-06,0.47150366539129857,4,116.796,-7.75156,-4.52701,82.0915,73.4245,95.7896,93.0223,0.53199,432.842,-0.0384866,7930.59,0.0,3.99959,41.5157,35.6203,32.0322,30.0085,29.0369,28.53,28.0932,27.785,27.4801,27.1784,26.88,26.4679,26.0048,25.1594,23.5597,21.1623,18.345,12.1076,-1.0,-1.0,-1.0,-1.0,-1.0
10.47,0.31005,1.6313792648163753e-06,0.3064773825043441,4,115.06,-7.93714,-4.43341,81.7365,70.6277,95.5399,93.3855,0.528287,433.551,-0.0292163,7947.15,0.0,4.07428,41.2109,35.2552,31.6821,29.6707,28.7059,28.203,27.7696,27.464,27.1616,26.8625,26.5667,26.1583,25.6996,24.8627,23.2804,20.9128,18.136,12.0065,-1.0,-1.0,-1.0,-1.0,-1.0
10.49,0.31485409090909094,1.2235344486122814e-06,0.19921029862782366,4,113.434,-7.80306,-4.30665,86.8871,74.3071,96.4005,94.6092,0.523472,434.249,-0.0189415,8037.28,0.0,4.16695,40.8315,34.8351,31.2807,29.2838,28.3272,27.8288,27.3995,27.0969,26.7975,26.5015,26.2088,25.8047,25.3511,24.5241,22.9619,20.6285,17.8978,11.8898,-1.0,-1.0,-1.0,-1.0,-1.0
10.51,0.31892250000000005,9.176508364592111e-07,0.1294866941080854,4,112.057,-7.38177,-4.16022,92.9754,80.9897,97.0925,95.2784,0.517828,434.936,-0.00856161,8093.28,0.0,4.2713,40.4368,34.4041,30.8692,28.8875,27.9393,27.4456,27.0205,26.7209,26.4246,26.1317,25.8423,25.4427,24.9943,24.1773,22.6358,20.3372,17.6532,11.768,-1.0,-1.0,-1.0,-1.0,-1.0
10.53,0.3220484090909091,6.882381273444083e-07,0.0841663511702555,4,110.999,-6.85528,-4.01545,96.9697,87.7709,97.389,95.2242,0.511609,435.614,0.000614047,8102.41,0.0,4.37798,40.1121,34.0213,30.5027,28.5338,27.5928,27.1031,26.6817,26.3847,26.0911,25.8009,25.5142,25.1185,24.6746,23.8663,22.3427,20.0744,17.4312,11.6537,-1.0,-1.0,-1.0,-1.0,-1.0
10.55,0.32434704545454546,5.161785955083063e-07,0.05470812826066608,4,110.221,-6.41391,-3.886,98.9045,92.5795,97.4849,94.7952,0.504994,436.286,0.00770426,8088.34,0.0,4.47975,39.9172,33.7242,30.2154,28.2551,27.319,26.8321,26.4132,26.1181,25.8264,25.5382,25.2534,24.8605,24.4198,23.6177,22.1072,19.8612,17.2487,11.5543,-1.0,-1.0,-1.0,-1.0,-1.0
10.57,0.3260459090909091,3.8713394663122967e-07,0.035560283369432955,4,109.646,-6.13339,-3.77987,99.7808,94.9572,97.5067,94.3194,0.498079,436.953,0.012853,8069.53,0.0,4.5753,39.8521,33.5066,30.0016,28.0458,27.1124,26.6271,26.2097,25.9157,25.6252,25.3381,25.0545,24.6633,24.2247,23.4265,21.9245,19.6936,17.1025,11.4685,-1.0,-1.0,-1.0,-1.0,-1.0
10.59,0.3273754545454546,2.9035045997342225e-07,0.02311418419013142,4,109.196,-5.98166,-3.70414,100.149,95.8984,97.4398,93.9432,0.490908,437.616,0.0168999,8051.13,0.0,4.66817,39.8728,33.3385,29.8289,27.8752,26.9433,26.4589,26.0424,25.7491,25.4593,25.1729,24.8901,24.5001,24.0627,23.2672,21.771,19.551,16.9761,11.3899,-1.0,-1.0,-1.0,-1.0,-1.0
10.61,0.3284804545454545,2.1776284498006668e-07,0.015024219723585424,4,108.822,-5.88491,-3.65882,100.257,96.2795,97.2762,93.6848,0.483465,438.275,0.0205085,8033.53,0.0,4.76324,39.9196,33.1903,29.6644,27.7122,26.7815,26.2979,25.8821,25.5893,25.3001,25.0144,24.7322,24.3432,23.907,23.1138,21.6229,19.413,16.8529,11.3117,-1.0,-1.0,-1.0,-1.0,-1.0
10.63,0.3294436363636364,1.6332213373505002e-07,0.009765742820330527,4,108.496,-5.78143,-3.6388,100.196,96.4393,97.0332,93.5,0.475733,438.93,0.0243942,8015.62,0.0,4.86419,39.9346,33.0381,29.4866,27.5365,26.6074,26.1247,25.7098,25.4177,25.1291,24.8442,24.5628,24.175,23.7402,22.9498,21.4648,19.2661,16.7224,11.2298,-1.0,-1.0,-1.0,-1.0,-1.0
10.65,0.33031818181818184,1.2249160030128752e-07,0.006347732833214843,4,108.2,-5.63985,-3.63532,100.041,96.5011,96.7555,93.3472,0.46774,439.582,0.0287776,7997.56,0.0,4.9724,39.9058,32.8724,29.2882,27.3413,26.4144,25.933,25.5193,25.2281,24.9405,24.6565,24.3761,23.9896,23.5567,22.7696,21.2919,19.1064,16.5815,11.1429,-1.0,-1.0,-1.0,-1.0,-1.0
10.67,0.3311336363636364,9.186870022596564e-08,0.004126026341589648,4,107.924,-5.458,-3.63816,99.8677,96.5216,96.4907,93.1947,0.459413,440.232,0.0335401,7980.05,0.0,5.08828,39.8424,32.6968,29.0732,27.1304,26.2062,25.7264,25.3141,25.024,24.7375,24.4546,24.1753,23.7905,23.3595,22.5764,21.1069,18.9361,16.4318,11.0516,-1.0,-1.0,-1.0,-1.0,-1.0
10.69,0.3319165909090909,6.890152516947423e-08,0.0026819171220332713,4,107.659,-5.25098,-3.63214,99.686,96.4663,96.2557,93.0032,0.450818,440.879,0.0383492,7962.13,0.0,5.20919,39.7668,32.5269,28.8549,26.9164,25.995,25.5168,25.106,24.8169,24.5315,24.2498,23.9717,23.5886,23.1596,22.3804,20.9194,18.7634,16.2802,10.9589,-1.0,-1.0,-1.0,-1.0,-1.0
10.71,0.33268772727272733,5.1676143877105676e-08,0.0017432461293216263,4,107.398,-5.0445,-3.60883,99.5177,96.3318,96.0579,92.7684,0.441971,441.522,0.0428653,7943.93,0.0,5.33252,39.7003,32.3797,28.6463,26.7115,25.7924,25.3157,24.9063,24.6182,24.3338,24.0531,23.7761,23.3945,22.9673,22.1917,20.7386,18.5964,16.1328,10.8672,-1.0,-1.0,-1.0,-1.0,-1.0
10.73,0.33345,3.875710790782926e-08,0.001133109984059057,4,107.14,-4.86457,-3.5694,99.3785,96.1468,95.8912,92.5062,0.432893,442.163,0.0466993,7925.9,0.0,5.45603,39.6563,32.2684,28.456,26.5237,25.6064,25.1308,24.7224,24.4351,24.1515,23.8717,23.5955,23.2152,22.7895,22.0168,20.5703,18.4399,15.9937,10.778,-1.0,-1.0,-1.0,-1.0,-1.0
10.75,0.33420636363636363,2.9067830930871942e-08,0.0007365214896383871,4,106.884,-4.72678,-3.51831,99.2598,95.9352,95.7405,92.2312,0.42362,442.801,0.049878,7907.99,0.0,5.5784,39.6396,32.2008,28.2879,26.3567,25.4403,24.9653,24.5576,24.2709,23.9879,23.7086,23.4331,23.0537,22.6291,21.8586,20.4171,18.2963,15.8645,10.692,-1.0,-1.0,-1.0,-1.0,-1.0
10.77,0.33495681818181816,2.1800873198153955e-08,0.00047873896826495165,4,106.63,-4.63506,-3.45905,99.1203,95.6842,95.5851,91.9484,0.414164,443.436,0.0524412,7889.55,0.0,5.69904,39.6503,32.1807,28.1488,26.2103,25.2942,24.8194,24.412,24.1255,23.8428,23.5639,23.2887,22.9099,22.4859,21.7169,20.2789,18.1655,15.7451,10.6093,-1.0,-1.0,-1.0,-1.0,-1.0
10.79,0.3357043181818182,1.6350654898615468e-08,0.0003111803293722186,4,106.377,-4.58381,-3.39428,98.9867,95.4441,95.4297,91.6796,0.404544,444.068,0.0544574,7871.7,0.0,5.81792,39.6837,32.2088,28.0426,26.0823,25.1658,24.6909,24.2834,23.9969,23.7142,23.4354,23.1604,22.7818,22.3582,21.5899,20.154,18.0458,15.6343,10.5294,-1.0,-1.0,-1.0,-1.0,-1.0
10.81,0.33645181818181824,1.2262991173961601e-08,0.0002022672140919421,4,106.124,-4.57318,-3.32883,98.828,95.1842,95.2638,91.4059,0.394816,444.698,0.0559547,7853.2,0.0,5.93429,39.7377,32.2886,27.9709,25.9721,25.0545,24.5791,24.1712,23.8845,23.6017,23.3227,23.0476,22.6689,22.2452,21.4771,20.042,17.937,15.532,10.4526,-1.0,-1.0,-1.0,-1.0,-1.0
10.83,0.3371963636363636,9.1972433804712e-09,0.00013147368915976236,4,105.872,-4.6039,-3.26927,98.655,94.9229,95.0881,91.1396,0.384968,445.325,0.0570103,7834.6,0.0,6.0484,39.8069,32.4207,27.9332,25.877,24.9577,24.4815,24.073,23.7859,23.5026,23.2233,22.9478,22.5687,22.1447,21.3762,19.9409,17.8372,15.4365,10.378,-1.0,-1.0,-1.0,-1.0,-1.0
10.85,0.3379438636363636,6.8979325353534e-09,8.545789795384554e-05,4,105.619,-4.66566,-3.21594,98.4645,94.6612,94.9021,90.8824,0.375011,445.949,0.0575966,7815.95,0.0,6.16065,39.8861,32.6057,27.9288,25.8008,24.8726,24.3954,23.9861,23.6984,23.4146,23.1347,22.8587,22.479,22.0543,21.2849,19.8484,17.7446,15.3466,10.3053,-1.0,-1.0,-1.0,-1.0,-1.0
10.87,0.3386943181818182,5.1734494015150495e-09,5.55476336699996e-05,4,105.365,-4.74978,-3.16831,98.2595,94.4014,94.7066,90.6335,0.364924,446.57,0.0578147,7797.25,0.0,6.27189,39.9707,32.8208,27.957,25.7502,24.7966,24.3181,23.9077,23.6193,23.3348,23.0543,22.7777,22.3972,21.9716,21.2008,19.7625,17.6573,15.2608,10.2336,-1.0,-1.0,-1.0,-1.0,-1.0
10.89,0.3394447727272727,3.8800870511362875e-09,3.610596188549974e-05,4,105.111,-4.84797,-3.12532,98.0422,94.1442,94.5028,90.3924,0.354781,447.189,0.0578142,7778.54,0.0,6.38181,40.0584,33.03,28.0181,25.725,24.7377,24.2482,23.8364,23.5472,23.2619,22.9806,22.7034,22.3218,21.8953,21.1227,19.6819,17.5745,15.1783,10.1629,-1.0,-1.0,-1.0,-1.0,-1.0
10.91,0.34020113636363636,2.9100652883522157e-09,2.346887522557483e-05,4,104.855,-4.94202,-3.08081,97.8118,93.8946,94.2873,90.164,0.344547,447.805,0.0576979,7759.85,0.0,6.49172,40.144,33.2268,28.1098,25.7228,24.6992,24.1924,23.7695,23.4783,23.1922,22.9101,22.6321,22.2495,21.8218,21.0474,19.6036,17.4937,15.0972,10.0925,-1.0,-1.0,-1.0,-1.0,-1.0
10.93,0.34095749999999997,2.182548966264162e-09,1.525476889662364e-05,4,104.599,-5.03402,-3.03735,97.5746,93.6429,94.0689,89.9326,0.334273,448.418,0.0574596,7740.91,0.0,6.60074,40.2281,33.4129,28.2358,25.7463,24.6831,24.1578,23.7199,23.4188,23.127,22.8435,22.5646,22.1809,21.752,20.9755,19.5284,17.4154,15.0179,10.0226,-1.0,-1.0,-1.0,-1.0,-1.0
10.95,0.3417227272727273,1.6369117246981213e-09,9.915599782805367e-06,4,104.34,-5.13206,-2.99751,97.3403,93.388,93.854,89.6946,0.323947,449.029,0.057049,7721.85,0.0,6.70834,40.3135,33.5916,28.4022,25.7995,24.6932,24.1476,23.6933,23.3813,23.0791,22.7863,22.5026,22.1174,21.6872,20.9084,19.4575,17.3406,14.9412,9.95365,-1.0,-1.0,-1.0,-1.0,-1.0
10.97,0.3424909090909092,1.227683793523591e-09,6.445139858823489e-06,4,104.08,-5.23498,-2.96007,97.1049,93.131,93.6381,89.4557,0.313592,449.637,0.0564426,7702.71,0.0,6.81419,40.3998,33.7636,28.6131,25.8854,24.7316,24.1639,23.6918,23.3678,23.0543,22.7508,22.4569,22.0608,21.6275,20.8462,19.391,17.2694,14.8673,9.88567,-1.0,-1.0,-1.0,-1.0,-1.0
10.99,0.3432620454545455,9.207628451426933e-10,4.189340908235267e-06,4,103.819,-5.3409,-2.92499,96.8685,92.8755,93.4192,89.218,0.303226,450.242,0.0555408,7683.5,0.0,6.9184,40.4861,33.9304,28.8712,26.006,24.8,24.208,23.7165,23.3795,23.0537,22.7386,22.4336,22.0229,21.5755,20.7882,19.3284,17.2013,14.7958,9.81855,-1.0,-1.0,-1.0,-1.0,-1.0
11.01,0.3440390909090909,6.905721338570199e-10,2.7230715903529238e-06,4,103.556,-5.44667,-2.89169,96.626,92.6188,93.1966,88.9821,0.292867,450.845,0.0545183,7664.2,0.0,7.02096,40.5725,34.0912,29.1347,26.1639,24.9004,24.2818,23.7689,23.4177,23.0784,22.7506,22.4336,22.0072,21.5431,20.7342,19.2693,17.1361,14.7266,9.75227,-1.0,-1.0,-1.0,-1.0,-1.0
11.03,0.34481909090909096,5.17929100392765e-10,1.7699965337294004e-06,4,103.292,-5.54016,-2.85302,96.3763,92.3634,92.9686,88.7537,0.282535,451.445,0.0534256,7645.0,0.0,7.12217,40.6568,34.2437,29.3808,26.3606,25.0337,24.3858,23.8495,23.4828,23.1289,22.7873,22.4572,22.0137,21.5316,20.6929,19.2124,17.0729,14.6588,9.6866,-1.0,-1.0,-1.0,-1.0,-1.0
11.05,0.3456020454545455,3.8844682529457376e-10,1.1504977469241103e-06,4,103.027,-5.61991,-2.81378,96.1185,92.1109,92.733,88.5284,0.272243,452.042,0.052314,7625.6,0.0,7.22221,40.7365,34.3855,29.6078,26.5976,25.2008,24.5208,23.959,23.5753,23.2054,22.8487,22.5045,22.0424,21.5409,20.67,19.1567,17.0106,14.5918,9.62133,-1.0,-1.0,-1.0,-1.0,-1.0
11.07,0.34638795454545457,2.913351189709303e-10,7.478235355006717e-07,4,102.761,-5.69641,-2.77594,95.867,91.8548,92.5035,88.2926,0.262004,452.637,0.0510992,7606.02,0.0,7.31997,40.8161,34.5217,29.8218,26.8746,25.4096,24.694,24.1039,23.7015,23.314,22.9408,22.581,22.0986,21.5757,20.6698,19.1051,16.9514,14.5272,9.55713,4.42864,4.43085,4.4346,4.4399,4.44678
11.09,0.3471768181818182,2.1850133922819773e-10,4.860852980754367e-07,4,102.494,-5.77734,-2.74258,95.6213,91.5997,92.2757,88.0537,0.251816,453.23,0.0497679,7586.38,0.0,7.41522,40.8961,34.6546,30.0244,27.1432,25.6657,24.9103,24.2887,23.8655,23.4585,23.067,22.69,22.1851,21.6389,20.6945,19.0697,16.8954,14.4651,9.49414,-1.0,-1.0,-1.0,-1.0,-1.0
11.11,0.34796863636363645,1.638760044211483e-10,3.1595544374903385e-07,4,102.226,-5.86012,-2.71343,95.3727,91.3429,92.0463,87.8159,0.241709,453.82,0.0482419,7566.72,0.0,7.50785,40.9764,34.7843,30.2173,27.396,25.9523,25.174,24.5172,24.0708,23.6422,23.2303,22.8342,22.3046,21.7326,20.7459,19.0554,16.8425,14.4054,9.43239,-1.0,-1.0,-1.0,-1.0,-1.0
11.13,0.34876045454545457,1.2290700331586124e-10,2.05371038436872e-07,4,101.958,-5.94173,-2.68789,95.1203,91.0864,91.8138,87.5808,0.231682,454.407,0.0465697,7547.04,0.0,7.59824,41.0565,34.9096,30.401,27.6327,26.2221,25.4621,24.7928,24.3207,23.8679,23.4334,23.0161,22.4591,21.8585,20.8254,19.0632,16.7922,14.3478,9.37166,-1.0,-1.0,-1.0,-1.0,-1.0
11.15,0.34955227272727274,9.218025248689593e-11,1.3349117498396682e-07,4,101.69,-6.01894,-2.66449,94.8642,90.8311,91.5782,87.3488,0.221766,454.992,0.0448532,7527.38,0.0,7.68634,41.1353,35.0293,30.5747,27.8532,26.4735,25.7311,25.0779,24.6094,24.1394,23.6796,23.2388,22.6513,22.0191,20.9348,19.094,16.7442,14.2921,9.31197,-1.0,-1.0,-1.0,-1.0,-1.0
11.17,0.3503470454545454,6.913518936517195e-11,8.676926373957843e-08,4,101.421,-6.07542,-2.63642,94.6,90.5805,91.3354,87.1275,0.211951,455.574,0.0431647,7507.84,0.0,7.77299,41.2092,35.14,30.7351,28.055,26.7038,25.9777,25.3395,24.882,24.4233,23.9634,23.5029,22.8816,22.2145,21.0738,19.1474,16.7059,14.2369,9.25278,-1.0,-1.0,-1.0,-1.0,-1.0
11.19,0.3511388636363636,5.185139202387896e-11,5.640002143072598e-08,4,101.153,-6.11939,-2.61015,94.336,90.3334,91.0908,86.904,0.202257,456.154,0.0415006,7488.14,0.0,7.85794,41.2786,35.2427,30.8831,28.2421,26.9149,26.204,25.5796,25.1323,24.6841,24.235,23.785,23.1539,22.4488,21.2458,19.2254,16.6848,14.1824,9.1943,-1.0,-1.0,-1.0,-1.0,-1.0
11.21,0.35193363636363645,3.8888544017909223e-11,3.666001392997189e-08,4,100.884,-6.16092,-2.5871,94.0795,90.0826,90.8541,86.6714,0.192698,456.732,0.0397766,7468.4,0.0,7.93998,41.3476,35.343,31.024,28.42,27.113,26.4157,25.8042,25.3665,24.928,24.4888,24.0491,23.4327,22.7275,21.458,19.3335,16.6842,14.1303,9.13719,-1.0,-1.0,-1.0,-1.0,-1.0
11.23,0.35272840909090913,2.9166408013431916e-11,2.382900905448173e-08,4,100.615,-6.20257,-2.56806,93.8263,89.8303,90.6196,86.4371,0.183276,457.307,0.0379868,7448.67,0.0,8.019,41.4175,35.4415,31.1602,28.5893,27.3015,26.6149,26.0146,25.5858,25.1564,24.7266,24.2964,23.6936,23.0046,21.7153,19.4747,16.7058,14.0808,9.08156,-1.0,-1.0,-1.0,-1.0,-1.0
11.25,0.3535231818181818,2.1874806010073935e-11,1.5488855885413126e-08,4,100.346,-6.24224,-2.55174,93.5733,89.578,90.3849,86.2038,0.17399,457.88,0.0360143,7428.98,0.0,8.09516,41.4882,35.5376,31.2913,28.75,27.4806,26.804,26.2128,25.7911,25.37,24.9488,24.5275,23.9375,23.2634,22.0014,19.652,16.7512,14.0338,9.02731,-1.0,-1.0,-1.0,-1.0,-1.0
11.27,0.35431499999999994,1.640610450755545e-11,1.0067756325518533e-08,4,100.078,-6.27888,-2.5381,93.3194,89.3265,90.1489,85.9724,0.164855,458.45,0.033967,7409.32,0.0,8.16861,41.559,35.6308,31.4168,28.9018,27.65,26.983,26.4004,25.9849,25.57,25.1561,24.7429,24.1648,23.5046,22.2699,19.8687,16.8217,13.9987,8.97437,-1.0,-1.0,-1.0,-1.0,-1.0
11.29,0.3551068181818182,1.2304578380666587e-11,6.544041611587047e-09,4,99.81,-6.308,-2.52469,93.0665,89.079,89.9115,85.7447,0.155898,459.018,0.0319021,7389.77,0.0,8.23916,41.6289,35.7202,31.536,29.0454,27.8092,27.1516,26.5771,26.1675,25.7587,25.3508,24.9438,24.376,23.7289,22.5195,20.1285,16.9193,13.981,8.92281,-1.0,-1.0,-1.0,-1.0,-1.0
11.31,0.3558953863636364,9.228433785499941e-12,4.253627047531581e-09,4,99.5431,-6.32095,-2.5095,92.8062,88.8353,89.6684,85.525,0.147125,459.584,0.0298765,7370.28,0.0,8.30754,41.6951,35.804,31.6464,29.1797,27.9563,27.3075,26.7409,26.337,25.934,25.5318,25.1307,24.571,23.9347,22.7491,20.4075,17.0446,13.9808,8.87229,-1.0,-1.0,-1.0,-1.0,-1.0
11.33,0.3566824772727273,6.921325339124956e-12,2.764857580895528e-09,4,99.2767,-6.32425,-2.49581,92.5471,88.5911,89.4273,85.302,0.138539,460.148,0.0278628,7350.76,0.0,8.37334,41.7594,35.8843,31.7508,29.3062,28.0947,27.4527,26.8936,26.4952,26.0977,25.701,25.3055,24.7538,24.1265,22.9612,20.6664,17.2011,13.9997,8.82306,-1.0,-1.0,-1.0,-1.0,-1.0
11.35,0.35746838636363637,5.190994004343717e-12,1.7971574275820931e-09,4,99.0107,-6.32695,-2.48541,92.2966,88.345,89.1936,85.0717,0.130157,460.71,0.0257893,7331.24,0.0,8.43546,41.826,35.9647,31.8535,29.4285,28.2285,27.5928,27.0394,26.6459,26.2536,25.8624,25.4722,24.928,24.3095,23.1608,20.9095,17.3944,14.0407,8.77572,-1.0,-1.0,-1.0,-1.0,-1.0
11.37,0.35825222727272726,3.893245503257788e-12,1.1681523279283607e-09,4,98.7454,-6.33016,-2.47788,92.052,88.101,88.9623,84.8409,0.121957,461.269,0.0236585,7311.8,0.0,8.49422,41.8947,36.0448,31.9541,29.5465,28.3578,27.728,27.1799,26.7902,26.4021,26.0158,25.6308,25.0939,24.4836,23.3507,21.1374,17.6281,14.1052,8.73014,-1.0,-1.0,-1.0,-1.0,-1.0
11.39,0.35903340909090914,2.919934127443341e-12,7.592990131534345e-10,4,98.481,-6.33276,-2.47329,91.8068,87.8565,88.7311,84.6116,0.113969,461.826,0.0213549,7292.43,0.0,8.54939,41.9654,36.1246,32.0527,29.6604,28.4825,27.8586,27.3156,26.9295,26.5451,26.1625,25.7817,25.2517,24.6494,23.5316,21.3511,17.8989,14.1951,8.6865,-1.0,-1.0,-1.0,-1.0,-1.0
11.41,0.3598119318181819,2.1899505955825057e-12,4.935443585497325e-10,4,98.2175,-6.33296,-2.4708,91.5609,87.6127,88.4995,84.3845,0.106185,462.381,0.0189862,7273.13,0.0,8.59624,42.0374,36.2035,32.1484,29.7711,28.602,27.9839,27.4458,27.0634,26.6825,26.3034,25.9261,25.4013,24.8064,23.7031,21.5515,18.1604,14.312,8.64456,-1.0,-1.0,-1.0,-1.0,-1.0
11.43,0.3605877954545455,1.6424629466868793e-12,3.208038330573261e-10,4,97.9549,-6.32771,-2.46877,91.3143,87.3703,88.2674,84.1606,0.0986334,462.934,0.0165958,7253.96,0.0,8.62728,42.1101,36.2818,32.2412,29.8783,28.7166,28.1035,27.5704,27.1914,26.8141,26.4384,26.0646,25.5446,24.9553,23.8654,21.7415,18.4053,14.4583,8.60447,-1.0,-1.0,-1.0,-1.0,-1.0
11.45,0.36135981818181817,1.2318472100151594e-12,2.0852249148726198e-10,4,97.6936,-6.31092,-2.46542,91.0647,87.1318,88.0322,83.9426,0.0913048,463.485,0.0142202,7234.88,0.0,8.64421,42.1822,36.3582,32.3305,29.9806,28.8259,28.2167,27.6878,27.3123,26.9383,26.5661,26.1956,25.6803,25.0964,24.0172,21.92,18.6332,14.6354,8.56594,-1.0,-1.0,-1.0,-1.0,-1.0
11.47,0.3621285909090909,9.238854075113696e-13,1.3553961946672027e-10,4,97.4334,-6.28848,-2.46409,90.819,86.8964,87.7988,83.7225,0.0842336,464.034,0.011843,7215.81,0.0,8.64757,42.2551,36.4336,32.4175,30.0789,28.9313,28.3258,27.8002,27.4272,27.0564,26.6875,26.3204,25.8097,25.231,24.1615,22.0887,18.8462,14.8471,8.52931,-1.0,-1.0,-1.0,-1.0,-1.0
11.49,0.362895,6.929140556335272e-13,8.810075265336818e-11,4,97.174,-6.26521,-2.46451,90.5792,86.6585,87.5719,83.4972,0.0773939,464.581,0.00940681,7196.78,0.0,8.63797,42.3314,36.5104,32.5047,30.1757,29.0351,28.4332,27.9107,27.54,27.1715,26.8052,26.4413,25.9351,25.3615,24.3014,22.2498,19.0468,15.095,8.49906,-1.0,-1.0,-1.0,-1.0,-1.0
11.51,0.36365845454545453,5.196855417251454e-13,5.726548922468932e-11,4,96.9156,-6.24473,-2.46813,90.3426,86.4201,87.3477,83.2712,0.0708052,465.126,0.00690889,7177.84,0.0,8.61612,42.4115,36.589,32.5923,30.2718,29.1375,28.5392,28.0198,27.6513,27.285,26.9209,26.5591,26.0569,25.4882,24.4373,22.404,19.2382,15.3416,8.48229,-1.0,-1.0,-1.0,-1.0,-1.0
11.53,0.36441895454545453,3.8976415629385907e-13,3.722256799604806e-11,4,96.6582,-6.2237,-2.47318,90.1068,86.1821,87.124,83.0468,0.0644563,465.669,0.00426221,7159.0,0.0,8.58309,42.495,36.6694,32.68,30.3679,29.2383,28.6436,28.1272,27.7609,27.3966,27.0347,26.675,26.1756,25.611,24.569,22.5527,19.4213,15.5748,8.47939,-1.0,-1.0,-1.0,-1.0,-1.0
11.55,0.36517561363636364,2.923231172203943e-13,2.419466919743124e-11,4,96.4021,-6.20179,-2.47991,89.8738,85.9478,86.9005,82.8243,0.05837,466.211,0.00151944,7140.23,0.0,8.5396,42.5814,36.7519,32.7679,30.4637,29.338,28.746,28.2326,27.8684,27.5062,27.1463,26.7887,26.2922,25.7307,24.6963,22.6967,19.5964,15.7954,8.49089,-1.0,-1.0,-1.0,-1.0,-1.0
11.57,0.3659287272727273,2.1924233791529573e-13,1.5726534978330308e-11,4,96.1472,-6.17927,-2.48892,89.6397,85.7136,86.6773,82.6035,0.0525691,466.75,-0.00126171,7121.56,0.0,8.4862,42.6714,36.8363,32.8567,30.559,29.4373,28.8472,28.336,27.9738,27.6137,27.2559,26.9003,26.4065,25.8482,24.8197,22.8361,19.7638,16.004,8.51746,-1.0,-1.0,-1.0,-1.0,-1.0
11.59,0.3666788863636364,1.644317534364718e-13,1.02222477359147e-11,4,95.8933,-6.14937,-2.4951,89.4045,85.4808,86.4535,82.3874,0.0470136,467.288,-0.00407434,7103.05,0.0,8.42397,42.7646,36.9222,32.9458,30.6534,29.5354,28.9474,28.4378,28.0769,27.7185,27.3626,27.0091,26.518,25.9628,24.9399,22.9703,19.9231,16.2006,8.5593,-1.0,-1.0,-1.0,-1.0,-1.0
11.61,0.36742372727272726,1.2332381507735386e-13,6.644461028344556e-12,4,95.6412,-6.12038,-2.50706,89.1701,85.251,86.2301,82.1709,0.041748,467.824,-0.00689983,7084.55,0.0,8.35315,42.8601,37.0088,33.0348,30.7462,29.6322,29.0461,28.5382,28.1784,27.8212,27.4666,27.1148,26.6265,26.0743,25.0569,23.0994,20.075,16.3871,8.61729,-1.0,-1.0,-1.0,-1.0,-1.0
11.63,0.36815202272727277,9.24928613080154e-14,4.318899668423962e-12,4,95.3947,-6.10531,-2.54208,88.9349,85.0354,85.9967,81.9692,0.0367463,468.358,-0.00960016,7066.26,0.0,8.27566,42.951,37.0897,33.1173,30.8323,29.7214,29.1374,28.6313,28.2727,27.9167,27.5633,27.2126,26.7263,26.1771,25.1653,23.2183,20.2166,16.5612,8.69074,-1.0,-1.0,-1.0,-1.0,-1.0
11.65,0.36886318181818184,6.936964598101155e-14,2.8072847844755753e-12,4,95.154,-6.07951,-2.59464,88.6798,84.8352,85.7472,81.7927,0.0319856,468.89,-0.0119863,7048.36,0.0,8.19348,43.028,37.1565,33.1847,30.904,29.7953,29.2134,28.7091,28.3518,27.9971,27.645,27.2955,26.8109,26.2639,25.2579,23.3217,20.3419,16.7183,8.77839,-1.0,-1.0,-1.0,-1.0,-1.0
11.67,0.3695572045454546,5.202723448575866e-14,1.8247351099091243e-12,4,94.9191,-6.02873,-2.66014,88.4126,84.6487,85.4894,81.6349,0.0275087,469.42,-0.0179744,7030.89,0.0,8.10745,43.0866,37.2051,33.2338,30.9572,29.8508,29.2703,28.768,28.4122,28.0588,27.7081,27.36,26.8773,26.3324,25.3313,23.4067,20.4483,16.8561,8.87973,-1.0,-1.0,-1.0,-1.0,-1.0
11.69,0.37023556818181824,3.9020425864319e-14,1.1860778214409307e-12,4,94.6895,-5.94171,-2.73169,88.1416,84.4724,85.2313,81.4884,0.0241613,469.948,-0.033298,7013.9,0.0,8.01778,43.1256,37.2341,33.2636,30.991,29.8872,29.3081,28.8071,28.4527,28.1009,27.7517,27.4051,26.9245,26.3819,25.3851,23.4726,20.5352,16.9744,8.99473,-1.0,-1.0,-1.0,-1.0,-1.0
11.71,0.3709003409090909,2.926531939823925e-14,7.70950583936605e-13,4,94.4645,-5.8141,-2.80299,87.8777,84.3047,84.9801,81.3454,0.0222393,470.474,-0.0481811,6997.33,0.0,7.92413,43.1466,37.2451,33.2758,31.0068,29.906,29.3285,28.829,28.4756,28.1251,27.7775,27.4325,26.9541,26.4141,25.4219,23.5209,20.6043,17.0749,9.12401,-1.0,-1.0,-1.0,-1.0,-1.0
11.73,0.37155359090909096,2.1948989548679438e-14,5.011178795587933e-13,4,94.2434,-5.6899,-2.89972,87.6328,84.1338,84.7495,81.1851,0.0217152,470.999,-0.0628262,6980.88,0.0,7.82516,43.1594,37.2475,33.2791,31.0133,29.9158,29.3399,28.8418,28.4895,28.14,27.7935,27.4501,26.974,26.4366,25.4492,23.5589,20.6625,17.164,9.26965,-1.0,-1.0,-1.0,-1.0,-1.0
11.75,0.37220477272727276,1.646174216150958e-14,3.2572662171321564e-13,4,94.023,-5.60131,-3.01234,87.4319,83.9414,84.5654,80.9817,0.0225544,471.523,-0.0776465,6964.58,0.0,7.71845,43.1844,37.2603,33.2916,31.0283,29.9333,29.359,28.8623,28.5109,28.1624,27.8169,27.4744,27.0001,26.4652,25.4824,23.601,20.7237,17.2532,9.42016,-1.0,-1.0,-1.0,-1.0,-1.0
11.77,0.3728574318181819,1.2346306621132184e-14,2.1172230411359018e-13,4,93.8021,-5.53201,-3.11931,87.2579,83.7353,84.4013,80.7617,0.0247541,472.045,-0.0927451,6948.43,0.0,7.60372,43.2268,37.2887,33.3179,31.0564,29.9628,29.39,28.8945,28.5439,28.1963,27.8516,27.5099,27.0368,26.5037,25.5251,23.6517,20.7911,17.3453,9.56647,-1.0,-1.0,-1.0,-1.0,-1.0
11.79,0.37353402272727276,9.259729965849138e-15,1.376194976738336e-13,4,93.5731,-5.45649,-3.18261,87.1149,83.4909,84.2684,80.5069,0.0283386,472.566,-0.108454,6932.09,0.0,7.4792,43.3042,37.3491,33.3731,31.1121,30.0187,29.4465,28.952,28.6021,28.2551,27.911,27.5699,27.0976,26.5654,25.5897,23.7228,20.8752,17.4489,9.7125,-1.0,-1.0,-1.0,-1.0,-1.0
11.81,0.3742144545454546,6.944797474386853e-15,8.945267348799185e-14,4,93.3428,-5.44327,-3.24665,86.9989,83.2338,84.1478,80.2308,0.0333277,473.085,-0.124852,6915.39,0.0,7.345,43.4213,37.4455,33.4615,31.1988,30.105,29.5325,29.038,28.6886,28.342,27.9983,27.6576,27.1858,26.654,25.6793,23.8172,20.9784,17.5662,9.8594,-1.0,-1.0,-1.0,-1.0,-1.0
11.83,0.3748922272727273,5.20859810579014e-15,5.81442377671947e-14,4,93.1134,-5.48028,-3.31774,86.8669,82.9848,84.0071,79.9717,0.0397218,473.603,-0.141704,6898.56,0.0,7.20325,43.5664,37.5669,33.5728,31.3066,30.2118,29.6388,29.1438,28.7941,28.4475,28.1041,27.7636,27.292,26.7605,25.7861,23.9267,21.0932,17.691,10.0049,-1.0,-1.0,-1.0,-1.0,-1.0
11.85,0.37556822727272726,3.9064485793426056e-15,3.7793754548676553e-14,4,92.8846,-5.54806,-3.39494,86.7066,82.7431,83.8455,79.7335,0.0474806,474.118,-0.158831,6881.75,0.0,7.06055,43.731,37.7052,33.6993,31.4279,30.332,29.7582,29.2626,28.9123,28.5653,28.2215,27.8809,27.4095,26.878,25.9035,24.0448,21.2145,17.8195,10.1471,-1.0,-1.0,-1.0,-1.0,-1.0
11.87,0.37624186363636364,2.929836434506954e-15,2.456594045663976e-14,4,92.6566,-5.63519,-3.47957,86.5223,82.5101,83.667,79.5131,0.0566118,474.631,-0.176094,6864.97,0.0,6.92025,43.9079,37.8539,33.8348,31.5574,30.4596,29.8851,29.3888,29.038,28.6903,28.3459,28.0048,27.5328,27.0013,26.0267,24.167,21.339,17.9492,10.2853,-1.0,-1.0,-1.0,-1.0,-1.0
11.89,0.3769131363636364,2.1973773258802156e-15,1.5967861296815845e-14,4,92.4294,-5.70414,-3.55028,86.3169,82.2896,83.472,79.3133,0.0671097,475.142,-0.193318,6848.38,0.0,6.78328,44.0887,38.0055,33.9715,31.6884,30.5876,30.0123,29.5153,29.1639,28.8158,28.4708,28.1291,27.6562,27.124,26.1491,24.2884,21.4618,18.0757,10.4189,-1.0,-1.0,-1.0,-1.0,-1.0
11.91,0.3775752500000001,1.6480329944101617e-15,1.03791098429303e-14,4,92.2053,-5.69857,-3.59534,86.0687,82.0942,83.2343,79.1647,0.078987,475.651,-0.210104,6832.12,0.0,6.65153,44.253,38.1409,34.0925,31.8037,30.7003,30.1237,29.6261,29.2744,28.9259,28.5805,28.2384,27.7649,27.2319,26.2563,24.3957,21.5707,18.1894,10.544,-1.0,-1.0,-1.0,-1.0,-1.0
11.93,0.3782255454545455,1.2360247458076212e-15,6.746421397904695e-15,4,91.9852,-5.65792,-3.649,85.8047,81.917,82.9877,79.025,0.0922484,476.157,-0.226433,6815.87,0.0,6.52491,44.3995,38.2591,34.1971,31.9027,30.7972,30.2193,29.7207,29.3686,29.0199,28.6743,28.3319,27.8581,27.3246,26.348,24.4882,21.6654,18.29,10.6607,-1.0,-1.0,-1.0,-1.0,-1.0
11.95,0.37888795454545454,9.270185593557159e-16,4.385173908638052e-15,4,91.761,-5.5838,-3.68395,85.5575,81.731,82.7781,78.849,0.106892,476.661,-0.242726,6799.64,0.0,6.40121,44.5501,38.3802,34.304,32.0032,30.8956,30.3166,29.817,29.4641,29.1147,28.7688,28.4262,27.9521,27.4182,26.4406,24.5805,21.7588,18.3881,10.7733,-1.0,-1.0,-1.0,-1.0,-1.0
11.97,0.37957075,6.952639195167869e-16,2.8503630406147335e-15,4,91.5299,-5.53797,-3.70605,85.3962,81.4962,82.632,78.5996,0.122921,477.162,-0.259629,6782.98,0.0,6.27716,44.739,38.536,34.4427,32.1335,31.023,30.4425,29.9415,29.5877,29.2373,28.8903,28.5469,28.072,27.5373,26.5582,24.6951,21.8713,18.5009,10.8888,-1.0,-1.0,-1.0,-1.0,-1.0
11.99,0.38026713636363635,5.214479396375902e-16,1.8527359763995766e-15,4,91.2942,-5.55776,-3.72646,85.2803,81.2312,82.5132,78.3121,0.140344,477.66,-0.277333,6765.86,0.0,6.15185,44.9773,38.7365,34.6222,32.3028,31.1876,30.6051,30.1024,29.7472,29.3955,29.0472,28.7024,28.2257,27.6895,26.7078,24.8391,22.0095,18.6339,11.0096,-1.0,-1.0,-1.0,-1.0,-1.0
12.01,0.38097504545454547,3.9108595472819265e-16,1.2042783846597249e-15,4,91.0546,-5.64539,-3.74778,85.1712,80.9534,82.3962,78.0151,0.158851,478.167,-0.28334,6748.43,0.0,6.02505,45.2655,38.9822,34.8427,32.5111,31.3896,30.8042,30.2992,29.9426,29.5892,29.2393,28.8929,28.4137,27.8748,26.8892,25.0129,22.1733,18.7868,11.1367,-1.0,-1.0,-1.0,-1.0,-1.0
12.03,0.38169447727272726,2.933144660461445e-16,7.827809500288211e-16,4,90.8111,-5.79232,-3.77093,85.0433,80.6683,82.2687,77.7225,0.177125,478.682,-0.281026,6730.74,0.0,5.89708,45.5994,39.269,35.1011,32.7546,31.6261,31.0369,30.5287,30.1701,29.8149,29.4632,29.1148,28.633,28.0908,27.0993,25.2138,22.3599,18.9575,11.2693,-1.0,-1.0,-1.0,-1.0,-1.0
12.05,0.3824275,2.1998584953460836e-16,5.088076175187338e-16,4,90.563,-5.96894,-3.78117,84.8878,80.3829,82.1264,77.4413,0.195007,479.2,-0.279176,6712.92,0.0,5.7689,45.9711,39.5896,35.3907,33.0269,31.891,31.2976,30.7857,30.4244,30.0668,29.7128,29.3623,28.8775,28.3319,27.3336,25.4364,22.5648,19.142,11.4059,-1.0,-1.0,-1.0,-1.0,-1.0
12.07,0.38316525,1.6498938715095627e-16,3.3072495138717697e-16,4,90.3133,-6.10173,-3.7558,84.675,80.1204,81.934,77.2065,0.212541,479.718,-0.277304,6694.94,0.0,5.64244,46.3551,39.9208,35.6893,33.3077,32.1638,31.5663,31.0508,30.6869,30.3265,29.9698,29.6167,29.1287,28.5796,27.5747,25.6643,22.7737,19.3291,11.5419,5.03394,4.9989,4.96588,4.93516,4.90678
12.09,0.38391895454545455,1.237420403632172e-16,2.1497121840166503e-16,4,90.0582,-6.13955,-3.67246,84.4086,79.8728,81.7027,77.006,0.229767,480.239,-0.275208,6676.75,0.0,5.51825,14.8631,40.253,35.9879,33.5888,32.4359,31.8344,31.3155,30.9489,30.586,30.2267,29.871,29.3792,28.8263,27.8149,25.891,22.9816,19.5149,11.6753,-1.0,-1.0,-1.0,-1.0,-1.0
12.11,0.3846880227272727,9.280653027241289e-17,1.3973129196108227e-16,4,89.7979,-6.14863,-3.56656,84.1794,79.6103,81.4898,76.7733,0.246753,480.76,-0.273217,6657.97,0.0,5.39438,13.1907,40.6027,36.3028,33.8849,32.7229,32.1164,31.5936,31.2246,30.859,30.4971,30.1387,29.6432,29.0858,28.067,26.1294,23.1994,19.7084,11.8105,-1.0,-1.0,-1.0,-1.0,-1.0
12.13,0.3854526590909091,0.25000000000000006,9.082533977470348e-17,4,89.5391,-6.17863,-3.47635,83.9507,79.3612,81.2723,76.5404,0.263494,481.282,-0.271235,6639.02,0.0,5.2713,12.2557,40.9652,36.6297,34.1918,33.0208,32.4093,31.8821,31.51,31.1417,30.7771,30.4161,29.9168,29.3551,28.3279,26.376,23.424,19.907,11.9474,-1.0,-1.0,-1.0,-1.0,-1.0
12.15,0.3856902045454546,0.43750000000000006,5.903647085355727e-17,4,89.4587,-6.248,-3.4106,83.7373,79.1777,80.9158,80.9158,0.280008,481.805,-0.269828,6806.6,0.0,5.15051,11.5557,41.3213,36.9501,34.4925,33.3126,32.6965,32.1651,31.7899,31.4185,31.051,30.6873,30.1845,29.6187,28.5836,26.6172,23.6432,20.1008,12.0818,-1.0,-1.0,-1.0,-1.0,-1.0
12.17,0.38578829545454546,0.578125,3.8373706054812226e-17,4,89.4255,-6.28651,-3.37078,83.5531,79.1193,81.7114,81.7114,0.29635,482.328,-0.268423,6877.65,0.0,5.0342,11.0131,41.642,37.2368,34.7615,33.5728,32.9526,32.4176,32.0398,31.6658,31.2956,30.9292,30.4228,29.8534,28.8116,26.8317,23.8388,20.2746,12.207,-1.0,-1.0,-1.0,-1.0,-1.0
12.19,0.3856340681818182,0.68359375,2.494290893562795e-17,4,89.4777,-6.28892,-3.34558,83.4137,79.139,82.7957,82.7957,0.31253,482.853,-0.266054,6969.34,0.0,4.92183,10.5727,41.9238,37.4877,34.996,33.7994,33.1752,32.637,32.2571,31.8809,31.5084,31.1398,30.6301,30.0571,29.0097,27.0184,24.0098,20.4279,12.3223,-1.0,-1.0,-1.0,-1.0,-1.0
12.21,0.38518586363636365,0.7626953125,1.6212890808158168e-17,4,89.6294,-6.21434,-3.30383,83.3337,79.2453,83.6762,83.6762,0.328536,483.381,-0.262533,7042.23,0.0,4.81385,10.2133,42.1564,37.6929,35.1869,33.9837,33.356,32.8149,32.4331,32.0551,31.6809,31.3105,30.7983,30.2224,29.1698,27.1702,24.1497,20.5554,12.4253,-1.0,-1.0,-1.0,-1.0,-1.0
12.23,0.38450543181818186,0.822021484375,1.053837902530281e-17,4,89.8597,-6.01699,-3.22098,83.32,79.4609,84.3044,84.3044,0.344382,483.913,-0.257713,7095.76,0.0,4.71039,9.92164,42.3312,37.8445,35.3266,34.1186,33.4882,32.9448,32.5613,32.1819,31.8064,31.4348,30.9209,30.3429,29.2865,27.2813,24.2535,20.6531,12.5149,-1.0,-1.0,-1.0,-1.0,-1.0
12.25,0.38369736363636364,0.86651611328125,6.849946366446826e-18,4,90.1332,-5.77978,-3.13874,83.4166,79.7399,84.9827,84.9827,0.360059,484.448,-0.252065,7153.24,0.0,4.6096,9.6658,42.4734,37.9655,35.4373,34.2251,33.5927,33.0474,32.6626,32.2818,31.905,31.5323,31.0172,30.4378,29.3786,27.3691,24.3365,20.7335,12.5968,-1.0,-1.0,-1.0,-1.0,-1.0
12.27,0.38277495454545457,0.8998870849609375,4.452465138190437e-18,4,90.4454,-5.56552,-3.08285,83.6043,80.0457,85.7056,85.7056,0.375527,484.988,-0.245847,7214.49,0.0,4.51076,9.43102,42.5963,38.0683,35.531,34.3146,33.6805,33.1336,32.7478,32.3659,31.988,31.6142,31.0977,30.5172,29.456,27.4427,24.4067,20.8031,12.6738,-1.0,-1.0,-1.0,-1.0,-1.0
12.29,0.38175740909090905,0.9249153137207031,2.894102339823784e-18,4,90.7898,-5.39398,-3.05374,83.8605,80.369,86.4446,86.4446,0.390726,485.53,-0.240256,7276.82,0.0,4.41368,9.20853,42.7107,38.1632,35.617,34.3965,33.7604,33.2123,32.8255,32.4426,32.0638,31.689,31.1711,30.5893,29.5263,27.5095,24.471,20.8672,12.7474,-1.0,-1.0,-1.0,-1.0,-1.0
12.31,0.3806515227272727,0.9436864852905273,1.8811665208854598e-18,4,91.1641,-5.26746,-3.04408,84.1663,80.7056,87.1447,87.1447,0.405721,486.074,-0.235139,7335.61,0.0,4.31822,8.99346,42.8228,38.2559,35.7006,34.4762,33.838,33.2884,32.9007,32.5169,32.1372,31.7615,31.2424,30.659,29.5941,27.5742,24.5331,20.9293,12.8189,-1.0,-1.0,-1.0,-1.0,-1.0
12.33,0.3794534545454546,0.9577648639678955,1.222758238575549e-18,4,91.5696,-5.16797,-3.03658,84.5049,81.0585,87.7119,87.7119,0.420458,486.623,-0.229808,7382.15,0.0,4.22433,8.78599,42.9331,38.3468,35.7822,34.554,33.9138,33.3624,32.9736,32.589,32.2084,31.8319,31.3116,30.7269,29.6595,27.6368,24.5931,20.9892,12.8878,-1.0,-1.0,-1.0,-1.0,-1.0
12.35,0.3781318863636363,0.9683236479759216,7.947928550741068e-19,4,92.0169,-5.03141,-2.99108,84.8667,81.4521,87.8947,87.8947,0.434924,487.177,-0.224073,7396.13,0.0,4.13238,8.5918,43.0315,38.4263,35.8526,34.6211,33.9792,33.4262,33.0363,32.6506,32.2692,31.8919,31.3707,30.7849,29.7154,27.6902,24.6445,21.0416,12.9522,-1.0,-1.0,-1.0,-1.0,-1.0
12.37,0.37680175000000005,0.9762427359819412,5.166153557981695e-19,4,92.4671,-4.80192,-2.88974,85.2651,81.9222,88.032,88.032,0.449153,487.736,-0.217852,7408.85,0.0,4.04227,8.41051,43.1139,38.4904,35.9087,34.6739,34.0306,33.4763,33.0855,32.6989,32.3165,31.9386,31.4166,30.8299,29.7589,27.7318,24.6852,21.0851,13.012,-1.0,-1.0,-1.0,-1.0,-1.0
12.39,0.37549584090909094,0.9821820519864559,3.3579998126881017e-19,4,92.9091,-4.58777,-2.79763,85.6916,82.3819,88.414,88.414,0.463145,488.299,-0.21148,7441.92,0.0,3.95287,8.23022,43.1985,38.5564,35.9666,34.7281,34.0833,33.5278,33.1361,32.7486,32.3654,31.9866,31.4634,30.876,29.8036,27.774,24.7263,21.1284,13.0712,-1.0,-1.0,-1.0,-1.0,-1.0
12.41,0.37419820454545455,0.9866365389898419,2.182699878247266e-19,4,93.3483,-4.43216,-2.73527,86.1344,82.8175,89.0049,89.0049,0.47684,488.868,-0.20507,7492.37,0.0,3.86428,8.04852,43.2915,38.6301,36.0315,34.789,34.1423,33.5856,33.193,32.8046,32.4205,32.0407,31.5163,30.9276,29.8536,27.821,24.7714,21.1745,13.1306,-1.0,-1.0,-1.0,-1.0,-1.0
12.43,0.37288668181818185,0.9899774042423815,1.418754920860723e-19,4,93.7922,-4.34958,-2.69851,86.59,83.2278,89.6908,89.6908,0.490248,489.437,-0.200298,7550.28,0.0,3.77635,7.86174,43.402,38.7198,36.1111,34.8644,34.2154,33.6569,33.2633,32.8739,32.4888,32.108,31.5822,30.9918,29.9155,27.879,24.826,21.2278,13.1917,-1.0,-1.0,-1.0,-1.0,-1.0
12.45,0.37154827272727275,0.9924830531817861,9.221906985594699e-20,4,94.2452,-4.33682,-2.67772,87.0551,83.6223,90.3665,90.3665,0.503378,490.01,-0.1958,7607.08,0.0,3.68937,7.66962,43.5348,38.8293,36.2091,34.9576,34.3062,33.7454,33.3502,32.9596,32.5733,32.1914,31.664,31.0717,29.9919,27.9508,24.892,21.29,13.2549,-1.0,-1.0,-1.0,-1.0,-1.0
12.47,0.25154827272727276,0.9943622898863396,5.994239540636555e-20,4,94.72,-4.35854,-2.64444,87.5193,84.0158,90.8249,90.8249,0.516201,490.588,-0.19146,7644.26,0.0,3.60341,7.47527,43.6864,38.9553,36.3225,35.0657,34.4115,33.8484,33.4515,33.0591,32.6713,32.2881,31.7588,31.1645,30.0808,28.0336,24.9671,21.359,13.3193,-1.0,-1.0,-1.0,-1.0,-1.0
12.49,0.13154827272727276,0.9957717174147547,3.896255701413761e-20,4,95.226,-4.33891,-2.54236,88.3244,84.843,90.8647,90.8647,0.528714,491.172,-0.186764,7646.97,0.0,3.51957,7.29215,43.8282,39.0718,36.4268,35.1645,34.5078,33.9424,33.544,33.1501,32.7607,32.3759,31.8449,31.2487,30.1615,28.1083,25.0348,21.4215,13.3799,-1.0,-1.0,-1.0,-1.0,-1.0
12.51,0.021730559999999996,0.996828788061066,2.5325662059189445e-20,4,95.7441,-4.34177,-2.43042,89.1173,85.8818,91.1463,91.1463,0.540882,491.76,-0.181088,7671.47,0.0,3.4398,7.13539,43.9241,39.1462,36.4912,35.2243,34.5656,33.9987,33.5992,33.2041,32.8136,32.4277,31.8951,31.2977,30.2084,28.1512,25.0743,21.4607,13.4298,-1.0,-1.0,-1.0,-1.0,-1.0
12.53,0.0207282,0.9976215910457995,1.646168033847314e-20,4,96.3051,-4.41561,-2.3429,89.504,86.917,91.532,91.532,0.552505,492.354,-0.172735,7704.0,0.0,3.37017,7.04884,43.8754,39.0881,36.4306,35.1631,34.5042,33.9375,33.5381,33.1433,32.753,32.3673,31.8351,31.2381,30.1505,28.097,25.0292,21.4306,13.4493,-1.0,-1.0,-1.0,-1.0,-1.0
12.55,0.1407282,0.9982161932843496,1.0700092220007542e-20,4,96.8997,-4.22055,-2.27946,89.7022,87.7795,91.8715,91.8715,0.563433,492.95,-0.162103,7732.26,0.0,3.31339,7.04949,43.6493,38.8679,36.2172,34.954,34.2975,33.733,33.3354,32.9424,32.554,32.1702,31.6406,31.0467,29.9653,27.9252,24.8814,21.3169,13.4319,-1.0,-1.0,-1.0,-1.0,-1.0
12.57,0.26072819999999997,0.9986621449632622,6.955059943004903e-21,4,97.498,-3.73404,-2.23027,89.9323,88.1934,92.1438,92.1438,0.573809,493.551,-0.15088,7755.09,0.0,3.26328,7.08683,43.3675,38.5969,35.9561,34.6988,34.0456,33.4841,33.0887,32.6981,32.312,31.9306,31.4045,30.8144,29.7407,27.717,24.7018,21.1773,13.4018,-1.0,-1.0,-1.0,-1.0,-1.0
12.59,0.3602220227272728,0.9989966087224467,4.520788962953187e-21,4,98.0787,-3.25622,-2.18002,90.226,88.3558,92.364,92.364,0.583735,494.156,-0.140363,7772.71,0.0,3.21411,7.11313,43.1326,38.3689,35.7354,34.4828,33.8322,33.273,32.8794,32.4906,32.1065,31.7271,31.2038,30.617,29.5495,27.5398,24.5489,21.0589,13.3786,-1.0,-1.0,-1.0,-1.0,-1.0
12.61,0.35852877272727274,0.999247456541835,2.9385128259195716e-21,4,98.6518,-2.80842,-2.07384,90.5382,88.455,92.3036,92.3036,0.593231,494.767,-0.130696,7767.8,0.0,3.16464,7.12165,42.9534,38.1913,35.5619,34.3126,33.6638,33.1062,32.7138,32.3262,31.9436,31.5657,31.0445,30.4602,29.3974,27.3985,24.4269,20.965,13.3639,-1.0,-1.0,-1.0,-1.0,-1.0
12.63,0.35696995454545455,0.9994355924063762,1.9100333368477215e-21,4,99.1794,-2.44106,-1.9532,91.0972,88.7763,92.6068,92.6068,0.602324,495.382,-0.121874,7794.8,0.0,3.11456,7.10975,42.8294,38.0636,35.4355,34.1876,33.5399,32.9832,32.5915,32.2046,31.8227,31.4458,30.926,30.3434,29.2838,27.2924,24.3352,20.8949,13.3579,-1.0,-1.0,-1.0,-1.0,-1.0
12.65,0.3554660909090909,0.9995766943047821,1.2415216689510191e-21,4,99.6884,-2.20539,-1.85917,91.7277,89.1838,93.1917,93.1917,0.610978,496.002,-0.113818,7845.09,0.0,3.06441,7.07873,42.7562,37.9818,35.3519,34.1038,33.4564,32.9,32.5085,32.1219,31.7402,31.3635,30.8444,30.2628,29.205,27.2181,24.2705,20.8461,13.3594,-1.0,-1.0,-1.0,-1.0,-1.0
12.67,0.35398113636363643,0.9996825207285867,8.069890848181625e-22,4,100.191,-2.1088,-1.7993,92.3617,89.5993,93.9818,93.9818,0.619144,496.623,-0.107401,7912.07,0.0,3.01469,7.02643,42.7364,37.9479,35.3129,34.0628,33.4147,32.8579,32.4661,32.0793,31.6973,31.3204,30.801,30.2194,29.1621,27.1762,24.2334,20.8187,13.3681,-1.0,-1.0,-1.0,-1.0,-1.0
12.69,0.35248613636363635,0.99976189054644,5.245429051318056e-22,4,100.697,-2.14175,-1.76327,92.9825,89.9981,94.8161,94.8161,0.626865,497.247,-0.102332,7982.31,0.0,2.96573,6.95193,42.7724,37.9641,35.3204,34.0666,33.4166,32.8587,32.466,32.0784,31.6957,31.3179,30.7975,30.2147,29.1561,27.1682,24.2251,20.8136,13.384,-1.0,-1.0,-1.0,-1.0,-1.0
12.71,0.35095272727272736,0.99982141790983,3.409528883356737e-22,4,101.216,-2.27436,-1.73057,93.585,90.3905,95.5602,95.5602,0.63411,497.875,-0.0980371,8043.71,0.0,2.91816,6.85944,42.8626,38.026,35.3701,34.111,33.4584,32.8981,32.5041,32.1152,31.7312,31.3522,30.8301,30.2453,29.1835,27.1907,24.2425,20.8283,13.4059,-1.0,-1.0,-1.0,-1.0,-1.0
12.73,0.3493395454545455,0.9998660634323725,2.216193774181879e-22,4,101.762,-2.39482,-1.62757,94.1753,90.8243,95.8452,95.8452,0.640896,498.508,-0.0941647,8067.28,0.0,2.87225,6.75977,43.0019,38.1161,35.4455,34.1804,33.5245,32.9614,32.5655,32.1748,31.7892,31.4087,30.8844,30.2972,29.2309,27.2315,24.2748,20.8542,13.4303,-1.0,-1.0,-1.0,-1.0,-1.0
12.75,0.3478031818181819,0.9998995475742793,1.4405259532182214e-22,4,102.282,-2.53649,-1.51838,94.7477,91.2684,96.4492,96.4492,0.64727,499.146,-0.0906866,8119.27,0.0,2.82755,6.65319,43.1943,38.2335,35.5463,34.2738,33.6143,33.048,32.6499,32.2569,31.8692,31.4867,30.9599,30.3698,29.2983,27.2899,24.3218,20.8912,13.4579,-1.0,-1.0,-1.0,-1.0,-1.0
12.77,0.22780318181818188,0.9999246606807095,9.36341869591844e-23,4,102.79,-2.7481,-1.4377,95.2793,91.6846,97.2971,97.2971,0.653203,499.787,-0.0875719,8191.44,0.0,2.78442,6.54196,43.4428,38.3772,35.6714,34.3901,33.7265,33.1567,32.756,32.3605,31.9703,31.5854,31.0553,30.4619,29.3843,27.3649,24.3824,20.9383,13.4882,-1.0,-1.0,-1.0,-1.0,-1.0
12.79,0.10780318181818188,0.9999434955105322,6.086222152346986e-23,4,103.304,-3.08324,-1.38529,96.0916,92.4501,98.2488,98.2488,0.658667,500.428,-0.0855187,8271.59,0.0,2.74421,6.43611,43.7333,38.5323,35.8065,34.5159,33.8475,33.2741,32.8707,32.4727,32.0798,31.6923,31.1586,30.5614,29.4774,27.4458,24.4476,20.9881,13.5181,-1.0,-1.0,-1.0,-1.0,-1.0
12.81,0.0,0.9999576216328991,3.956044399025541e-23,4,103.861,-3.53637,-1.34884,96.7561,93.3681,99.1171,99.1171,0.663578,501.074,-0.082496,8343.94,0.0,2.71148,6.37269,43.977,38.6285,35.886,34.5882,33.916,33.3393,32.934,32.5339,32.1392,31.7497,31.2134,30.6132,29.5243,27.4843,24.4758,21.0078,13.5336,-1.0,-1.0,-1.0,-1.0,-1.0
12.83,0.0,0.9999682162246744,2.5714288593666016e-23,4,104.492,-3.96608,-1.29302,96.9894,94.4295,99.4752,99.4752,0.66769,501.723,-0.0759185,8369.64,0.0,2.69434,6.42175,43.9916,38.5343,35.7877,34.489,33.8164,33.2394,32.8339,32.434,32.0394,31.6502,31.1141,30.5143,29.4262,27.3898,24.3895,20.9357,13.5095,-1.0,-1.0,-1.0,-1.0,-1.0
12.85,0.0,0.9999761621685057,1.6714287585882913e-23,4,105.177,-3.85682,-1.1656,97.1589,95.5257,99.2588,99.2588,0.670883,502.378,-0.0651439,8352.08,0.0,2.69512,6.61905,43.7103,38.2131,35.4779,34.1859,33.5171,32.9436,32.5405,32.1431,31.7511,31.3645,30.8323,30.2369,29.1572,27.1386,24.1686,20.7562,13.4399,-1.0,-1.0,-1.0,-1.0,-1.0
12.87,0.0,0.9999821216263793,1.0864286930823893e-23,4,105.859,-3.46106,-1.04262,97.4955,96.426,99.2223,99.2223,0.673208,503.037,-0.0517638,8349.79,0.0,2.70972,6.95291,43.2423,37.7533,35.0394,33.759,33.0966,32.5287,32.1297,31.7364,31.3485,30.9663,30.4401,29.8516,28.7849,26.7929,23.867,20.5124,13.3426,-1.0,-1.0,-1.0,-1.0,-1.0
12.89,0.12,0.9999865912197845,7.06178650503553e-24,4,106.534,-2.95046,-0.939064,97.9202,97.2323,99.3633,99.3633,0.674606,503.7,-0.0367988,8362.36,0.0,2.73732,7.45469,42.6471,37.2006,34.5152,33.2499,32.5956,32.035,31.6412,31.2531,30.8706,30.4936,29.975,29.3951,28.3448,26.3854,23.5127,20.2266,13.2264,-1.0,-1.0,-1.0,-1.0,-1.0
12.91,0.24,0.9999899434148384,4.590161228273095e-24,4,107.191,-2.25728,-0.855835,98.3365,97.624,99.7056,99.7056,0.675151,504.363,-0.0227769,8392.13,0.0,2.77344,8.1253,42.0599,36.654,33.9969,32.7466,32.1006,31.5472,31.1587,30.7757,30.3985,30.0269,29.5157,28.9444,27.9102,25.9831,23.1627,19.9439,13.1092,-1.0,-1.0,-1.0,-1.0,-1.0
12.93,0.33147045454545454,0.9999924575611288,2.9836047983775123e-24,4,107.81,-1.71546,-0.792844,98.8294,97.7344,100.253,100.253,0.674985,505.03,-0.0108684,8438.96,0.0,2.8111,8.92484,41.6321,36.222,33.5851,32.3457,31.7057,31.1576,30.773,30.3939,30.0205,29.6528,29.1473,28.5825,27.5605,25.658,22.8782,19.712,13.0098,-1.0,-1.0,-1.0,-1.0,-1.0
12.95,0.3296681818181818,0.9999943431708466,1.939343118945383e-24,4,108.42,-1.37866,-0.703435,99.3515,97.7846,100.62,100.62,0.674128,505.701,-0.00125724,8469.2,0.0,2.84847,9.8943,41.3782,35.9139,33.286,32.0528,31.4165,30.8717,30.4894,30.1127,29.7417,29.3764,28.8744,28.3139,27.2999,25.4137,22.6616,19.5328,12.9288,-1.0,-1.0,-1.0,-1.0,-1.0
12.97,0.3279693181818181,0.999995757378135,1.2605730273144989e-24,4,108.995,-1.22998,-0.603921,100.108,98.0545,101.269,101.269,0.672616,506.376,0.00643509,8525.05,0.0,2.8856,11.4321,41.2766,35.7132,33.0802,31.8492,31.2144,30.6711,30.2899,29.9143,29.5445,29.1804,28.6801,28.1217,27.1122,25.2351,22.5004,19.3962,12.8621,-1.0,-1.0,-1.0,-1.0,-1.0
12.99,0.3263177272727273,0.9999968180336012,8.193724677544243e-25,4,109.554,-1.26368,-0.528124,100.891,98.4164,102.164,102.164,0.670443,507.054,0.0125753,8601.32,0.0,2.92335,54.1221,41.3081,35.6048,32.9493,31.7172,31.0821,30.5388,30.1577,29.7822,29.4126,29.0486,28.5485,27.9905,26.9824,25.109,22.3828,19.293,12.806,-1.0,-1.0,-1.0,-1.0,-1.0
13.01,0.2063177272727273,0.9999976135252009,5.325921040403759e-25,4,110.108,-1.45788,-0.4818,101.631,98.7973,103.222,103.222,0.667613,507.732,0.0166613,8690.66,0.0,2.96237,54.8517,41.4671,35.5827,32.8833,31.6473,31.0102,30.4654,30.0834,29.7072,29.3367,28.9719,28.4709,27.9119,26.9024,25.0275,22.3022,19.2177,12.7587,-1.0,-1.0,-1.0,-1.0,-1.0
13.03,0.0863177272727273,0.9999982101439007,3.4618486762624434e-25,4,110.675,-1.84357,-0.454459,102.629,99.5431,104.295,104.295,0.664145,508.411,0.0197241,8780.84,0.0,3.00514,55.7782,41.715,35.618,32.8525,31.6108,30.9709,30.4238,30.0402,29.6626,29.2908,28.9248,28.422,27.8611,26.8484,24.9694,22.2403,19.156,12.7143,-1.0,-1.0,-1.0,-1.0,-1.0
13.05,0.2063177272727273,0.9999986576079255,2.2502016395705883e-25,4,111.308,-2.37493,-0.412095,103.338,100.474,104.999,104.999,0.659877,509.094,0.0240166,8836.75,0.0,3.05968,56.6034,41.8893,35.5968,32.7613,31.5156,30.8742,30.3258,29.9413,29.5629,29.1905,28.824,28.3207,27.7592,26.7454,24.8663,22.1397,19.063,12.6554,-1.0,-1.0,-1.0,-1.0,-1.0
13.07,0.31921204545454546,0.9999989932059441,1.4626310657208824e-25,4,111.959,-2.46015,-0.321787,103.606,100.96,105.435,105.435,0.654788,509.78,0.0295789,8874.93,0.0,3.12638,57.2982,41.9776,35.5114,32.6139,31.3593,30.7177,30.1692,29.7847,29.4063,29.034,28.6677,28.1649,27.604,26.5918,24.7166,21.9993,18.9382,12.5817,2.0713,2.07144,2.07223,2.0737,2.07585
13.09,0.31742159090909094,0.9999992449044581,9.507101927185736e-26,4,112.565,-2.53591,-0.243183,103.916,101.103,106.182,106.182,0.649094,510.469,0.0340964,8938.87,0.0,3.19479,58.2684,42.1875,35.5044,32.529,31.2511,30.6081,30.0584,29.6732,29.2942,28.9211,28.5542,28.0507,27.4894,26.4765,24.6012,21.887,18.8344,12.5138,-1.0,-1.0,-1.0,-1.0,-1.0
13.11,0.3157197727272727,0.9999994336783435,6.179616252670728e-26,4,113.141,-2.75662,-0.187745,104.471,101.399,107.147,107.147,0.642832,511.16,0.0370833,9020.82,0.0,3.26365,59.5965,42.5501,35.5943,32.5207,31.2051,30.554,30.002,29.6151,29.2344,28.8599,28.4915,27.9859,27.4226,26.4067,24.5262,21.8081,18.7557,12.4535,-1.0,-1.0,-1.0,-1.0,-1.0
13.13,0.31404454545454547,0.9999995752587576,4.016750564235973e-26,4,113.708,-3.10366,-0.152413,105.083,101.767,108.226,108.226,0.636063,511.851,0.0385005,9111.92,0.0,3.33369,61.3002,43.0596,35.7737,32.5822,31.2212,30.5491,29.9889,29.5997,29.2167,28.8399,28.4693,27.9607,27.3941,26.3728,24.4835,21.7554,18.6963,12.3987,-1.0,-1.0,-1.0,-1.0,-1.0
13.15,0.31236636363636366,0.9999996814440681,2.6108878667533825e-26,4,114.276,-3.55031,-0.127337,105.682,102.158,109.317,109.317,0.628786,512.544,0.0391404,9202.02,0.0,3.40506,63.4194,43.7174,36.0396,32.7096,31.2955,30.5985,30.0183,29.6198,29.2332,28.8536,28.4801,27.9677,27.3968,26.3681,24.4667,21.7235,18.6521,12.3476,-1.0,-1.0,-1.0,-1.0,-1.0
13.17,0.3106320454545455,0.9999997610830511,1.6970771133896988e-26,4,114.863,-4.02018,-0.0735986,106.255,102.58,110.09,110.09,0.621011,513.241,0.0393216,9267.82,0.0,3.47845,65.972,44.5107,36.3795,32.8917,31.4174,30.6922,30.0893,29.6757,29.2754,28.888,28.5112,27.9944,27.4187,26.3813,24.4653,21.7037,18.6162,12.298,-1.0,-1.0,-1.0,-1.0,-1.0
13.19,0.3089509090909091,0.9999998208122883,1.1031001237033044e-26,4,115.432,-4.51809,-0.0224751,106.805,103.012,111.069,111.069,0.612769,513.939,0.0391433,9350.99,0.0,3.55388,69.039,45.4507,36.7959,33.1289,31.5869,30.8301,30.2018,29.7711,29.3548,28.9521,28.5624,28.0375,27.4564,26.4094,24.4767,21.6935,18.5869,12.249,-1.0,-1.0,-1.0,-1.0,-1.0
13.21,0.3073140909090909,0.9999998656092163,7.170150804071478e-27,4,115.986,-5.06812,0.010567,107.328,103.436,112.24,112.24,0.604054,514.64,0.0385739,9450.22,0.0,3.63136,72.7548,46.5603,37.2977,33.4268,31.8083,31.016,30.3592,29.9095,29.4751,29.0553,28.6495,28.1036,27.5096,26.4521,24.5004,21.6931,18.5642,12.2005,-1.0,-1.0,-1.0,-1.0,-1.0
13.23,0.3057068181818182,0.9999998992069122,4.660598022646461e-27,4,116.53,-5.67722,0.0281637,107.833,103.843,113.449,113.449,0.594906,515.34,0.0368387,9551.72,0.0,3.71066,78.4276,47.8771,37.901,33.7959,32.0905,31.2579,30.5688,30.0976,29.6429,29.204,28.78,28.2103,27.5911,26.5114,24.5387,21.704,18.5492,12.1532,-1.0,-1.0,-1.0,-1.0,-1.0
13.25,0.3041320454545455,0.9999999244051841,3.0293887147202e-27,4,117.063,-6.34041,0.0361415,108.321,104.232,114.617,114.617,0.585344,516.043,0.0347177,9649.84,0.0,3.79121,168.191,49.4435,38.6219,34.2462,32.4412,31.5627,30.837,30.3414,29.8638,29.4032,28.9587,28.3621,27.7147,26.5906,24.592,21.7265,18.542,12.107,-1.0,-1.0,-1.0,-1.0,-1.0
13.27,0.30253068181818177,0.9999999433038881,1.96910266456813e-27,4,117.605,-7.01484,0.066158,108.791,104.62,115.469,115.469,0.575391,516.748,0.0323455,9720.27,0.0,3.87307,157.863,51.2908,39.4666,34.7792,32.8609,31.9305,31.1634,30.6404,30.1369,29.652,29.1846,28.558,27.879,26.7028,24.6561,21.7569,18.54,12.0612,-1.0,-1.0,-1.0,-1.0,-1.0
13.29,0.18253068181818177,0.999999957477916,1.2799167319692847e-27,4,118.127,-7.68531,0.103279,109.249,105.014,116.368,116.368,0.565053,517.455,0.029824,9796.42,0.0,3.95658,147.799,53.4638,40.4458,35.3993,33.3522,32.3631,31.5493,30.9955,30.4631,29.9509,29.4578,28.7978,28.0838,26.8498,24.7277,21.7925,18.541,12.0149,-1.0,-1.0,-1.0,-1.0,-1.0
13.31,0.06253068181818178,0.999999968108437,8.319458757800351e-28,4,118.632,-8.40271,0.128451,110.039,105.799,117.374,117.374,0.554355,518.164,0.0273501,9881.47,0.0,4.04243,138.079,55.9969,41.5598,36.1025,33.9102,32.8552,31.9896,31.4015,30.8368,30.2945,29.7731,29.0762,28.3238,27.0266,24.8063,21.8283,18.5411,11.9667,-1.0,-1.0,-1.0,-1.0,-1.0
13.33,0.0,0.9999999760813278,5.407648192570228e-28,4,119.147,-9.15427,0.141838,110.903,106.81,118.419,118.419,0.543219,518.873,0.0249974,9969.25,0.0,4.13513,129.046,58.7904,42.7353,36.8302,34.4825,33.3577,32.4371,31.8128,31.2145,30.6405,30.0895,29.3543,28.5619,27.1997,24.8785,21.8409,18.5227,11.9099,-1.0,-1.0,-1.0,-1.0,-1.0
13.35,0.0,0.9999999820609959,3.5149713251706484e-28,4,119.7,-9.81979,0.149304,111.449,107.731,119.369,119.369,0.531596,519.584,0.024305,10048.6,0.0,4.24041,121.167,61.5839,43.8268,37.4751,34.9758,33.7835,32.8101,32.1513,31.5207,30.9168,30.3379,29.5665,28.7368,27.314,24.9003,21.7969,18.4606,11.8358,-1.0,-1.0,-1.0,-1.0,-1.0
13.37,0.0,0.999999986545747,2.2847313613609213e-28,4,120.297,-10.2257,0.169315,111.794,108.466,119.995,119.995,0.519464,520.297,0.0254289,10099.7,0.0,4.35928,114.389,64.2868,44.7913,38.0088,35.3666,34.1113,33.089,32.3984,31.7384,31.1071,30.5026,29.6986,28.8351,27.3583,24.8634,21.6937,18.3528,11.7438,-1.0,-1.0,-1.0,-1.0,-1.0
13.39,0.0,0.9999999899093102,1.4850753848845989e-28,4,120.914,-10.4299,0.199695,112.179,109.167,120.472,120.472,0.506853,521.012,0.02795,10139.6,0.0,4.49009,108.437,66.9512,45.6588,38.4554,35.6769,34.3622,33.294,32.5737,31.8863,31.2296,30.6018,29.7677,28.8736,27.3479,24.7809,21.5443,18.2096,11.6378,-1.0,-1.0,-1.0,-1.0,-1.0
13.41,0.0,0.9999999924319827,9.652990001749892e-29,4,121.541,-10.4957,0.224089,112.602,109.848,120.911,120.911,0.49375,521.729,0.0316083,10176.5,0.0,4.63242,103.141,70.0297,46.4455,38.8287,35.9193,34.5482,33.4369,32.6887,31.9757,31.2954,30.6458,29.7841,28.8618,27.2918,24.6605,21.3608,18.0372,11.5202,-1.0,-1.0,-1.0,-1.0,-1.0
13.43,0.12,0.999999994323987,6.27444350113743e-29,4,122.178,-10.4497,0.241086,113.055,110.525,121.323,121.323,0.480202,522.447,0.0357816,10211.0,0.0,4.78567,98.4153,74.8047,47.1542,39.1326,36.0982,34.6739,33.5219,32.7478,32.0109,31.3088,30.6392,29.7521,28.8043,27.1943,24.5062,21.1529,17.8399,11.3924,-1.0,-1.0,-1.0,-1.0,-1.0
13.45,0.24,0.9999999957429903,4.07838827573933e-29,4,122.818,-10.2654,0.250416,113.248,110.826,121.719,121.719,0.466262,523.167,0.040219,10244.3,0.0,4.94689,93.9659,155.673,47.8705,39.4262,36.2639,34.7855,33.5926,32.7923,32.0317,31.3078,30.6182,29.7061,28.733,27.0839,24.3409,20.9371,17.6303,11.2594,-1.0,-1.0,-1.0,-1.0,-1.0
13.47,0.2852909090909091,0.9999999968072427,2.650952379230565e-29,4,123.44,-10.0757,0.259516,113.339,110.897,122.051,122.051,0.451963,523.888,0.0444013,10271.9,0.0,5.11152,89.3994,150.144,48.7431,39.8073,36.4982,34.958,33.7183,32.8882,32.1005,31.3519,30.6397,29.699,28.6973,27.004,24.1988,20.7377,17.4256,11.1271,-1.0,-1.0,-1.0,-1.0,-1.0
13.49,0.2835240909090909,0.999999997605432,1.723119046499867e-29,4,124.038,-9.9254,0.26897,113.528,111.01,122.393,122.393,0.437349,524.611,0.0482184,10301.0,0.0,5.27829,84.6231,144.55,49.8254,40.3049,36.8235,35.2112,33.9172,33.0525,32.2332,31.4559,30.7176,29.7439,28.7091,26.9645,24.0876,20.5597,17.2284,10.9967,-1.0,-1.0,-1.0,-1.0,-1.0
13.51,0.2818222727272727,0.999999998204074,1.1200273802249136e-29,4,124.614,-9.83021,0.272962,113.923,111.314,122.83,122.83,0.422407,525.337,0.0516898,10338.2,0.0,5.44696,79.5848,138.912,51.1522,40.9335,37.2498,35.5532,34.1958,33.291,32.4352,31.6248,30.856,29.8443,28.7713,26.9678,24.0083,20.4037,17.0382,10.8678,-1.0,-1.0,-1.0,-1.0,-1.0
13.53,0.2801736363636364,0.9999999986530556,7.280177971461939e-30,4,125.172,-9.79064,0.27071,114.422,111.721,123.363,123.363,0.40712,526.063,0.054424,10383.4,0.0,5.61694,74.1534,133.243,52.7732,41.7132,37.7907,35.9954,34.5642,33.6125,32.7143,31.8653,31.0615,30.0057,28.8888,27.0175,23.9633,20.2706,16.8543,10.7402,-1.0,-1.0,-1.0,-1.0,-1.0
13.55,0.2785575,0.9999999989897916,4.732115681450261e-30,4,125.719,-9.80895,0.265176,114.967,112.17,123.95,123.95,0.391545,526.789,0.0565254,10432.8,0.0,5.78761,67.9366,127.533,54.7678,42.6785,38.4706,36.5583,35.0398,34.0332,33.0853,32.1911,31.3463,30.2392,29.0711,27.1212,23.9576,20.1636,16.6825,10.614,-1.0,-1.0,-1.0,-1.0,-1.0
13.57,0.27695613636363636,0.9999999992423437,3.0758751929426697e-30,4,126.261,-9.88129,0.262402,115.524,112.628,124.511,124.511,0.375676,527.518,0.0582196,10479.9,0.0,5.95861,58.7094,121.784,57.2379,43.869,39.3164,37.2641,35.642,34.5702,33.5634,32.6161,31.7231,30.5558,29.3279,27.2863,23.996,20.085,16.5292,10.4895,-1.0,-1.0,-1.0,-1.0,-1.0
13.59,0.15695613636363637,0.9999999994317578,1.9993188754127354e-30,4,126.798,-10.0018,0.26069,116.082,113.09,125.069,125.069,0.35951,528.248,0.0595509,10527.0,0.0,6.12992,49.1727,116.024,60.3019,45.3241,40.3526,38.1323,36.3864,35.2371,34.1608,33.1507,32.201,30.9632,29.6653,27.5173,24.0807,20.0357,16.3944,10.3664,-1.0,-1.0,-1.0,-1.0,-1.0
13.61,0.03695613636363637,0.9999999995738184,1.299557269018278e-30,4,127.328,-10.1813,0.258743,117.039,113.982,125.655,125.655,0.343019,528.979,0.0606925,10576.3,0.0,6.30235,43.1255,110.336,65.1781,47.0632,41.5855,39.165,37.2728,36.0325,34.8747,33.7915,32.776,31.4565,30.0782,27.8084,24.206,20.0109,16.2748,10.2431,-1.0,-1.0,-1.0,-1.0,-1.0
13.63,0.0,0.9999999996803638,8.447122248618807e-31,4,127.874,-10.4042,0.257004,118.176,115.167,126.23,126.23,0.326184,529.712,0.061886,10624.5,0.0,6.48121,39.1755,104.966,144.414,48.9994,42.9381,40.291,38.2346,36.893,35.645,34.4812,33.3934,31.9849,30.5193,28.1185,24.3404,19.9892,16.157,10.1152,-1.0,-1.0,-1.0,-1.0,-1.0
13.65,0.0,0.9999999997602729,5.490629461602225e-31,4,128.465,-10.5533,0.256614,118.908,116.124,126.729,126.729,0.308961,530.445,0.0639798,10666.2,0.0,6.67494,36.7048,100.215,138.623,50.9377,44.2556,41.3724,39.147,37.702,36.3624,35.1174,33.9573,32.4602,30.9086,28.38,24.4339,19.9384,16.0214,9.97689,-1.0,-1.0,-1.0,-1.0,-1.0
13.67,0.0,0.9999999998202047,3.5689091500414462e-31,4,129.088,-10.5449,0.257442,119.386,116.866,127.13,127.13,0.291333,531.18,0.0672786,10699.5,0.0,6.88565,35.1399,96.0713,133.542,52.8181,45.4927,42.3703,39.9758,38.4281,36.9984,35.674,34.4437,32.8612,31.2273,28.5782,24.4771,19.8533,15.8653,9.82792,-1.0,-1.0,-1.0,-1.0,-1.0
13.69,0.0,0.9999999998651535,2.31979094752694e-31,4,129.732,-10.4067,0.256053,119.846,117.563,127.428,127.428,0.273291,531.916,0.0716411,10724.1,0.0,7.11292,34.1278,92.4445,129.057,54.6354,46.6471,43.2837,40.7211,39.0723,37.5547,36.1531,34.855,33.1907,31.4787,28.7168,24.4739,19.7376,15.6918,9.66984,-1.0,-1.0,-1.0,-1.0,-1.0
13.71,0.0,0.9999999998988651,1.507864115892511e-31,4,130.392,-10.1465,0.255546,120.322,118.269,127.631,127.631,0.254815,532.655,0.0770318,10740.8,0.0,7.35809,33.4997,89.2952,125.115,56.3554,47.6933,44.0923,41.3661,39.62,38.018,36.5433,35.1812,33.4406,31.6564,28.7915,24.4227,19.5913,15.5014,9.50321,-1.0,-1.0,-1.0,-1.0,-1.0
13.73,0.0,0.9999999999241489,9.801116753301322e-32,4,131.068,-9.77356,0.25731,120.821,118.988,127.755,127.755,0.235901,533.394,0.0830848,10751.0,0.0,7.62282,33.15,86.581,121.66,58.264,48.6093,44.7793,41.8976,40.0598,38.3792,36.8366,35.4158,33.6056,31.7563,28.8001,24.3231,19.4153,15.2952,9.32869,-1.0,-1.0,-1.0,-1.0,-1.0
13.75,0.0,0.9999999999431117,6.37072588964586e-32,4,131.757,-9.29874,0.261521,121.343,119.723,127.819,127.819,0.216579,534.135,0.0898458,10756.1,0.0,7.90342,33.0126,84.2651,118.647,60.8599,49.373,45.3282,42.3026,40.381,38.6292,37.0258,35.5528,33.6812,31.7753,28.7413,24.1757,19.2107,15.0744,9.14693,-1.0,-1.0,-1.0,-1.0,-1.0
13.77,0.0,0.9999999999573338,4.140971828269809e-32,4,132.455,-8.73735,0.264471,121.885,120.469,127.878,127.878,0.196815,534.878,0.0974891,10761.2,0.0,8.17974,33.0435,82.3094,116.033,138.752,49.9653,45.7256,42.5716,40.5761,38.7622,37.1061,35.5884,33.665,31.7121,28.6149,23.9815,18.9792,14.8403,8.95845,-1.0,-1.0,-1.0,-1.0,-1.0
13.79,0.0,0.9999999999680004,2.691631688375376e-32,4,133.165,-8.10954,0.261677,122.442,121.214,127.909,127.909,0.176565,535.623,0.105969,10763.5,0.0,8.45041,33.2131,80.6798,113.778,136.101,50.3697,45.9603,42.6966,40.639,38.7734,37.0743,35.5204,33.5558,31.5662,28.4217,23.742,18.7224,14.5942,8.76476,-1.0,-1.0,-1.0,-1.0,-1.0
13.81,0.0,0.9999999999760003,1.7495605974439943e-32,4,133.885,-7.41493,0.260347,123.013,121.978,127.891,127.891,0.15578,536.369,0.115298,10761.9,0.0,8.71685,33.5139,79.3628,111.87,133.839,50.5533,46.0079,42.6587,40.5536,38.6492,36.9185,35.3387,33.3453,31.3312,28.1574,23.4553,18.4395,14.336,8.57174,-1.0,-1.0,-1.0,-1.0,-1.0
13.83,-0.01501332,0.9999999999820002,1.1372143883385963e-32,4,134.613,-6.66435,0.265091,123.6,122.754,127.843,127.843,0.134418,537.116,0.125111,10757.7,0.0,8.9798,33.9315,78.327,110.277,131.928,50.507,45.8638,42.4553,40.3188,38.3898,36.6396,35.0446,33.0354,31.0093,27.8246,23.1239,18.1329,14.067,8.38057,-1.0,-1.0,-1.0,-1.0,-1.0
13.85,-0.0162852,0.9999999999865001,7.391893524200877e-33,4,135.348,-5.89286,0.276447,124.217,123.594,127.781,127.781,0.112424,537.865,0.13571,10752.5,0.0,9.24311,34.5037,77.6129,109.049,130.426,50.1502,45.4642,42.0343,39.8884,37.9537,36.2006,34.6049,32.5974,30.5758,27.404,22.7353,17.795,13.7832,8.18999,-1.0,-1.0,-1.0,-1.0,-1.0
13.87,-0.01768104,0.9999999999898751,4.80473079073057e-33,4,136.085,-5.07398,0.287645,124.797,124.414,127.805,127.805,0.0897045,538.615,0.147342,10755.0,0.0,9.50952,35.2517,77.2257,108.2,129.351,49.4448,44.7804,41.3719,39.242,37.3233,35.5862,34.006,32.0195,30.0208,26.8883,22.285,17.4236,13.483,7.99939,-1.0,-1.0,-1.0,-1.0,-1.0
13.89,-0.019178399999999998,0.9999999999924063,3.123075013974871e-33,4,136.823,-4.24826,0.315102,125.394,125.224,127.852,127.852,0.0661379,539.367,0.15982,10759.0,0.0,9.77859,36.1467,77.088,107.649,128.612,48.4578,43.8684,40.5173,38.4241,36.5392,34.8331,33.2817,31.3321,29.371,26.2989,21.7874,17.0269,13.171,7.8094,-1.0,-1.0,-1.0,-1.0,-1.0
13.91,-0.02076612,0.9999999999943048,2.029998759083666e-33,4,137.561,-3.45412,0.340736,125.989,125.996,127.94,127.94,0.041584,540.12,0.173051,10766.7,0.0,10.0512,37.1842,77.1594,107.355,128.167,47.2304,42.7622,39.4989,37.4604,35.6245,33.9626,32.4512,30.5517,28.641,25.6473,21.2501,16.6091,12.8492,7.61994,-1.0,-1.0,-1.0,-1.0,-1.0
13.93,-0.021262919999999998,0.9999999999957285,1.319499193404383e-33,4,138.293,-2.71572,0.362229,126.584,126.754,128.131,128.131,0.0164122,540.872,0.177191,10783.3,0.0,10.3283,38.3694,77.4152,107.294,127.989,45.7977,41.4901,38.3408,36.3721,34.5982,32.9917,31.53,29.6922,27.8425,24.9426,20.6789,16.1733,12.5191,7.43106,-1.0,-1.0,-1.0,-1.0,-1.0
13.95,-0.02142588,0.9999999999967963,8.57674475712849e-34,4,139.015,-2.04958,0.382284,127.185,127.483,128.443,128.443,-0.00843294,541.628,0.178549,10809.7,0.0,10.6098,39.6849,77.7984,107.405,128.009,44.2311,40.1094,37.0909,35.2019,33.4985,31.9546,30.5489,28.7802,26.9986,24.2025,20.0851,15.7255,12.1834,7.24257,-1.0,-1.0,-1.0,-1.0,-1.0
13.97,-0.02162844,0.9999999999975973,5.574884092133518e-34,4,139.732,-1.47334,0.411686,127.802,128.184,128.788,128.788,-0.0330211,542.388,0.180237,10839.6,0.0,10.895,41.102,78.2498,107.616,128.15,42.6049,38.6798,35.7996,33.9946,32.3653,30.8872,29.5404,27.8442,26.134,23.4464,19.4811,15.2726,11.8456,7.05472,-1.0,-1.0,-1.0,-1.0,-1.0
13.99,-0.0218508,0.9999999999981979,3.623674659886787e-34,4,140.428,-1.00389,0.425752,128.426,128.854,129.41,129.41,-0.0574795,543.153,0.18209,10892.8,0.0,11.183,42.5929,78.7214,107.872,52.781,40.9747,37.2463,34.5046,32.7839,31.229,29.817,28.5292,26.9058,25.2673,22.6887,18.8762,14.8194,11.5081,6.86749,-1.0,-1.0,-1.0,-1.0,-1.0
14.01,-0.02207952,0.9999999999986484,2.3553885289264117e-34,4,141.114,-0.630774,0.419195,129.05,129.495,130.165,130.165,-0.0819314,543.921,0.183996,10956.6,0.0,11.4733,44.1361,79.1805,108.132,49.2454,39.3733,35.8356,33.2285,31.5898,30.1073,28.7598,27.5298,25.9776,24.4093,21.9377,18.2756,14.3686,11.1718,6.68056,-1.0,-1.0,-1.0,-1.0,-1.0
14.03,-0.02230692,0.9999999999989864,1.5310025438021678e-34,4,141.798,-0.338989,0.399959,129.678,130.123,130.911,130.911,-0.106438,544.693,0.185891,11019.2,0.0,11.7657,45.645,79.6118,108.375,46.6005,37.8151,34.4592,31.9809,30.421,29.0082,27.7229,26.5485,25.0653,23.5649,21.1973,17.6818,13.9215,10.8373,6.4938,-1.0,-1.0,-1.0,-1.0,-1.0
14.05,-0.02253216,0.9999999999992397,9.95151653471409e-35,4,142.485,-0.111166,0.377711,130.308,130.75,131.593,131.593,-0.131073,545.469,0.187768,11076.3,0.0,12.0608,46.9351,80.016,108.599,44.3654,36.297,33.1147,30.7598,29.2754,27.9298,26.7043,25.5838,24.1671,22.7327,20.466,17.0935,13.4771,10.504,6.30669,-1.0,-1.0,-1.0,-1.0,-1.0
14.07,-0.02275884,0.9999999999994298,6.468485747564159e-35,4,143.173,0.0646046,0.366212,130.937,131.391,132.215,132.215,-0.155884,546.249,0.189657,11128.4,0.0,12.3597,48.0656,80.404,108.818,42.362,34.8076,31.7924,29.5569,28.1458,26.8653,25.698,24.6298,23.2781,21.908,19.7401,16.5081,13.0336,10.1704,6.11875,7.01919,7.03942,7.06193,7.08676,7.11393
14.09,-0.02298708,0.9999999999995723,4.2045157359167036e-35,4,143.863,0.205514,0.355009,131.563,132.024,132.803,132.803,-0.180917,547.032,0.191559,11177.8,0.0,12.6629,49.077,80.7784,109.032,40.4665,33.3441,30.4902,28.3701,27.0301,25.8128,24.7022,23.685,22.3967,21.0895,19.0185,15.9246,12.5904,9.83627,5.92967,-1.0,-1.0,-1.0,-1.0,-1.0
14.11,-0.02321412,0.9999999999996793,2.7329352283458575e-35,4,144.551,0.316207,0.341924,132.191,132.652,133.386,133.386,-0.206215,547.819,0.193451,11226.9,0.0,12.9706,49.9911,81.1335,109.233,38.6198,31.9093,29.2103,27.2014,25.93,24.774,23.7183,22.7506,21.5239,20.2781,18.3017,15.3433,12.1473,9.50133,5.7392,-1.0,-1.0,-1.0,-1.0,-1.0
14.13,0.09678587999999999,0.9999999999997594,1.7764078984248074e-35,4,145.24,0.400799,0.33079,132.82,133.278,133.935,133.935,-0.231795,548.609,0.195318,11272.6,0.0,13.2825,50.8219,81.467,109.418,36.8222,30.5038,27.9532,26.0514,24.8462,23.7493,22.7468,21.8272,20.6604,19.4742,17.5901,14.7645,11.7046,9.16562,5.5473,-1.0,-1.0,-1.0,-1.0,-1.0
14.15,0.21678588,0.9999999999998196,1.1546651339761249e-35,4,145.927,0.67651,0.325169,133.575,133.621,134.424,134.424,-0.257478,549.404,0.195047,11314.0,0.0,13.554,51.1201,81.1765,108.831,35.6677,29.5363,27.0626,25.2185,24.0501,22.9868,22.0152,21.1239,19.9933,18.8441,17.019,14.2826,11.3205,8.86333,5.36282,-1.0,-1.0,-1.0,-1.0,-1.0
14.17,0.21689909090909096,0.9999999999998647,7.505323370844812e-36,4,146.588,0.621852,0.308751,134.404,133.566,135.032,135.032,-0.282852,550.202,0.189827,11366.0,0.0,13.7208,50.337,79.5002,106.504,35.9395,29.5379,26.982,25.0866,23.89,22.8041,21.8142,20.9082,19.7616,18.5994,16.7602,14.0176,11.0687,8.6381,5.19781,-1.0,-1.0,-1.0,-1.0,-1.0
14.19,0.21504363636363635,0.9999999999998985,4.878460191049128e-36,4,147.216,0.087765,0.272647,135.457,133.64,135.878,135.878,-0.307648,551.005,0.180337,11438.2,0.0,13.7935,48.7197,76.7179,102.777,37.6631,30.4826,27.6762,25.6167,24.3259,23.1606,22.1035,21.1402,19.9269,18.7036,16.781,13.9438,10.9324,8.4799,5.05079,-1.0,-1.0,-1.0,-1.0,-1.0
14.21,0.2132413636363637,0.9999999999999238,3.170999124181933e-36,4,147.826,-0.698064,0.216342,136.38,133.871,136.884,136.884,-0.331746,551.811,0.168395,11523.2,0.0,13.8102,46.7262,73.4141,98.3771,42.3149,32.2211,28.9958,26.6647,25.2187,23.9232,22.756,21.6989,20.3765,19.0528,16.9923,13.9951,10.8686,8.36308,4.91595,-1.0,-1.0,-1.0,-1.0,-1.0
14.23,0.21148636363636367,0.9999999999999429,2.0611494307182564e-36,4,148.42,-1.587,0.146216,137.127,134.195,137.951,137.951,-0.355015,552.623,0.155059,11613.1,0.0,13.7934,44.6106,69.923,93.7229,111.032,34.803,30.9445,28.2122,26.5407,25.058,23.7339,22.5444,21.0687,19.6057,17.3553,14.1396,10.8559,8.27459,4.79052,-1.0,-1.0,-1.0,-1.0,-1.0
14.25,0.2097697727272727,0.9999999999999571,1.3397471299668667e-36,4,149.001,-2.50851,0.067097,137.749,134.569,139.019,139.019,-0.377345,553.438,0.14091,11702.9,0.0,13.7554,42.507,66.4217,89.0382,105.521,39.4582,33.6539,30.3381,28.3457,26.6008,25.06,23.6897,22.0078,20.3595,17.861,14.3657,10.8847,8.20842,4.67337,-1.0,-1.0,-1.0,-1.0,-1.0
14.27,0.08976977272727271,0.9999999999999678,8.708356344784633e-37,4,149.57,-3.42363,-0.0139153,138.293,134.965,140.05,140.05,-0.398631,554.258,0.126285,11789.4,0.0,13.7028,40.4827,63.0061,84.4434,100.104,108.864,38.2352,33.2195,30.7637,28.648,26.8065,25.1892,23.2302,21.3375,18.5185,14.6729,10.9521,8.16221,4.56427,-1.0,-1.0,-1.0,-1.0,-1.0
14.29,0.0,0.9999999999999758,5.6604316241100115e-37,4,150.142,-4.39689,-0.0930485,139.023,135.783,140.98,140.98,-0.418874,555.082,0.112323,11867.0,0.0,13.6563,38.7095,59.9212,80.2518,95.1449,103.486,108.202,37.8502,33.7225,31.1077,28.8749,26.9431,24.6386,22.4483,19.25,15.0063,11.0257,8.11824,4.45929,-1.0,-1.0,-1.0,-1.0,-1.0
14.31,0.0,0.9999999999999818,3.6792805556715076e-37,4,150.758,-5.16881,-0.164741,139.397,136.839,141.62,141.62,-0.43825,555.91,0.101626,11919.4,0.0,13.6603,37.5198,57.6488,77.0893,91.3743,99.3852,103.918,108.039,37.7901,33.2453,30.6051,28.3717,25.7449,23.2852,19.7567,15.1869,11.0121,8.02859,4.34794,-1.0,-1.0,-1.0,-1.0,-1.0
14.33,0.0,0.9999999999999863,2.39153236118648e-37,4,151.414,-5.30673,-0.232165,139.586,137.842,141.996,141.996,-0.45684,556.743,0.0946223,11950.2,0.0,13.7193,36.882,56.1753,74.9503,88.7916,96.5648,100.966,104.969,107.92,35.0972,31.5896,29.1391,26.2876,23.6472,19.9087,15.1508,10.885,7.88243,4.22828,-1.0,-1.0,-1.0,-1.0,-1.0
14.35,0.0,0.9999999999999898,1.554496034771212e-37,4,152.093,-5.06363,-0.29623,139.905,138.727,142.222,142.222,-0.474596,557.58,0.0899293,11968.7,0.0,13.8083,36.5464,55.1646,73.4128,86.9102,94.5016,98.8023,102.717,105.602,37.4577,32.078,29.4135,26.421,23.6729,19.8186,14.9748,10.6892,7.70448,4.10604,-1.0,-1.0,-1.0,-1.0,-1.0
14.37,0.0,0.9999999999999923,1.0104224226012879e-37,4,152.785,-4.60229,-0.355884,140.328,139.549,142.362,142.362,-0.491519,558.421,0.0868432,11980.3,0.0,13.9153,36.392,54.4507,72.2685,85.4902,92.938,97.1598,101.004,103.839,106.75,32.2235,29.3052,26.2442,23.4492,19.555,14.7033,10.4494,7.50804,3.98407,-1.0,-1.0,-1.0,-1.0,-1.0
14.39,0.0,0.9999999999999942,6.567745746908371e-38,4,153.483,-4.02177,-0.410286,140.818,140.334,142.489,142.489,-0.507643,559.267,0.0849387,11991.0,0.0,14.034,36.3502,53.9383,71.3966,84.3922,91.723,95.882,99.6704,102.465,105.335,32.0161,28.9018,25.8323,23.04,19.166,14.366,10.1816,7.30123,3.86392,-1.0,-1.0,-1.0,-1.0,-1.0
14.41,0.0,0.9999999999999957,4.2690347354904417e-38,4,154.179,-3.39497,-0.455895,141.355,141.089,142.666,142.666,-0.523055,560.117,0.0838877,12006.2,0.0,14.1598,36.3746,53.5588,70.7097,83.5147,90.7493,94.8557,98.5981,101.36,104.197,31.4828,28.2863,25.2542,22.5017,18.6919,13.9863,9.89721,7.08953,3.74629,-1.0,-1.0,-1.0,-1.0,-1.0
14.43,0.12,0.9999999999999968,2.7748725780687873e-38,4,154.87,-2.78266,-0.496878,141.924,141.807,142.933,142.933,-0.53781,560.971,0.0834138,12029.1,0.0,14.2889,36.4308,53.259,70.1385,82.7776,89.9282,93.9899,97.6932,100.427,103.236,30.7134,27.5399,24.5752,21.8865,18.1693,13.5844,9.60611,6.87759,3.63185,-1.0,-1.0,-1.0,-1.0,-1.0
14.45,0.19044113636363638,0.9999999999999976,1.8036671757447118e-38,4,155.543,-2.08432,-0.535131,142.409,142.123,143.335,143.335,-0.551908,561.83,0.0817558,12063.8,0.0,14.3917,36.3251,52.745,69.2934,81.72,88.7603,92.7626,96.413,99.1082,101.879,30.6647,27.1595,24.1785,21.4979,17.8062,13.2756,9.36459,6.693,3.52601,-1.0,-1.0,-1.0,-1.0,-1.0
14.47,0.18857090909090915,0.9999999999999982,1.1723836642340627e-38,4,156.176,-1.75976,-0.571873,143.066,142.214,143.903,143.903,-0.565131,562.692,0.0767943,12112.1,0.0,14.4302,35.8435,51.6891,67.734,79.8188,86.6762,90.5769,94.1364,96.7656,99.4693,102.249,27.9965,24.5541,21.7187,17.8612,13.2007,9.24133,6.56988,3.43647,-1.0,-1.0,-1.0,-1.0,-1.0
14.49,0.06857090909090915,0.9999999999999987,7.620493817521408e-39,4,156.782,-1.84728,-0.608247,143.95,142.443,144.601,144.601,-0.57741,563.558,0.068988,12171.4,0.0,14.4126,35.071,50.2111,65.6139,77.251,83.865,87.6305,91.0682,93.6083,96.221,98.9087,33.6255,25.7837,22.5615,18.3262,13.345,9.22537,6.50186,3.36204,-1.0,-1.0,-1.0,-1.0,-1.0
14.51,0.0,0.999999999999999,4.953320981388915e-39,4,157.389,-2.30592,-0.646981,145.027,143.151,145.334,145.334,-0.58881,564.429,0.0604541,12232.8,0.0,14.3763,34.2487,48.6736,63.4132,74.584,80.9437,84.5673,87.8772,90.3242,92.8419,95.4322,98.0973,28.5648,23.7455,18.9928,13.5846,9.2531,6.45682,3.29595,-1.0,-1.0,-1.0,-1.0,-1.0
14.53,0.0,0.9999999999999992,3.219658637902795e-39,4,158.033,-2.6957,-0.68772,145.506,144.095,145.914,145.914,-0.599544,565.303,0.0545403,12280.7,0.0,14.3777,33.6914,47.5576,61.7805,72.5913,78.7555,82.2707,85.4832,87.8589,90.3042,92.821,95.411,99.1642,24.6296,19.3718,13.6679,9.20856,6.37963,3.22688,-1.0,-1.0,-1.0,-1.0,-1.0
14.55,0.0,0.9999999999999994,2.092778114636817e-39,4,158.699,-2.61346,-0.727131,145.811,145.024,146.352,146.352,-0.609777,566.181,0.0514404,12317.3,0.0,14.4199,33.3878,46.8491,60.7024,71.2597,77.2887,80.7293,83.875,86.2024,88.5985,91.0653,93.6051,97.2863,25.0931,19.3568,13.5539,9.07738,6.26438,3.15319,-1.0,-1.0,-1.0,-1.0,-1.0
14.57,0.0,0.9999999999999996,1.360305774513931e-39,4,159.369,-2.31144,-0.750343,146.24,145.833,146.764,146.764,-0.61951,567.063,0.049832,12351.9,0.0,14.4813,33.2013,46.3393,59.9003,70.2603,76.1854,79.5686,82.6635,84.9542,87.3131,89.7427,92.2444,95.8721,25.2889,19.1265,13.3382,8.90463,6.13262,3.07902,-1.0,-1.0,-1.0,-1.0,-1.0
14.59,0.0,0.9999999999999997,8.841987534340551e-40,4,160.04,-1.943,-0.771699,146.75,146.554,147.182,147.182,-0.628757,567.948,0.0490329,12387.1,0.0,14.5511,33.0658,45.9265,59.2374,69.4303,75.2675,78.6031,81.6559,83.9161,86.2445,88.643,91.1136,94.6975,25.3458,18.7866,13.0742,8.71451,5.99554,3.00637,-1.0,-1.0,-1.0,-1.0,-1.0
14.61,0.0,0.9999999999999998,5.747291897321358e-40,4,160.709,-1.57848,-0.791752,147.305,147.227,147.62,147.62,-0.637624,568.838,0.0486867,12424.2,0.0,14.6248,32.9503,45.5607,58.6462,68.6887,74.4475,77.741,80.7561,82.9893,85.2905,87.6616,90.105,93.6505,25.3813,18.3912,12.7875,8.51751,5.8574,2.93548,-1.0,-1.0,-1.0,-1.0,-1.0
14.63,0.0,0.9999999999999998,3.7357397332588825e-40,4,161.382,-1.24809,-0.799583,147.886,147.874,148.002,148.002,-0.646163,569.731,0.0485932,12456.0,0.0,14.6995,32.8379,45.215,58.0892,67.9913,73.6769,76.9307,79.9111,82.1191,84.3949,86.7411,89.159,92.6684,25.5449,17.9719,12.4929,8.31973,5.72071,2.86655,-1.0,-1.0,-1.0,-1.0,-1.0
14.65,0.0,0.9999999999999998,2.4282308266182736e-40,4,162.047,-0.964026,-0.799008,148.482,148.508,148.458,148.458,-0.654446,570.629,0.048638,12494.9,0.0,14.7742,32.7199,44.8751,57.5467,67.3138,72.9291,76.1445,79.0914,81.2753,83.527,85.8489,88.2424,91.7178,26.1734,17.5447,12.1974,8.12361,5.58617,2.79933,-1.0,-1.0,-1.0,-1.0,-1.0
14.67,0.0,0.9999999999999998,1.5783500373018779e-40,4,162.705,-0.733197,-0.800445,149.082,149.123,149.003,149.003,-0.662536,571.53,0.0487325,12541.0,0.0,14.848,32.5906,44.5304,57.0042,66.6383,72.1843,75.3624,78.2761,80.4363,82.6639,84.9618,87.331,90.773,94.891,17.1224,11.9053,7.9306,5.4541,2.73357,-1.0,-1.0,-1.0,-1.0,-1.0
14.69,0.0,0.9999999999999998,1.0259275242462208e-40,4,163.358,-0.553065,-0.807254,149.683,149.727,149.594,149.594,-0.670482,572.434,0.048825,12590.9,0.0,14.9205,32.4476,44.176,56.4537,65.9553,71.432,74.5725,77.4527,79.5888,81.7928,84.0667,86.412,89.82,93.8987,16.727,11.6187,7.74112,5.32444,2.66897,-1.0,-1.0,-1.0,-1.0,-1.0
14.71,0.0,0.9999999999999998,6.668528907600435e-41,4,164.009,-0.41615,-0.811342,150.292,150.33,150.212,150.212,-0.678326,573.343,0.0488908,12643.0,0.0,14.9916,32.2899,43.8095,55.8919,65.2608,70.6676,73.7698,76.6167,78.7288,80.9085,83.1579,85.4785,88.852,92.8917,16.3675,11.3378,7.55499,5.19685,2.60529,-1.0,-1.0,-1.0,-1.0,-1.0
14.73,0.0,0.9999999999999998,4.3345437899402827e-41,4,164.658,-0.314807,-0.799345,150.906,150.928,150.819,150.819,-0.686099,574.254,0.0489132,12694.0,0.0,15.0615,32.1172,43.4301,55.3172,64.5522,69.8886,72.9523,75.7647,77.8526,80.0074,82.2317,84.5275,87.8658,91.8649,16.0508,11.0624,7.37178,5.07097,2.54227,-1.0,-1.0,-1.0,-1.0,-1.0
14.75,0.0,0.9999999999999998,2.817453463461184e-41,4,165.309,-0.240914,-0.795072,151.506,151.52,151.407,151.407,-0.693839,575.17,0.0489079,12743.3,0.0,15.1305,31.9318,43.0408,54.7331,63.8336,69.0986,72.1237,74.9018,76.9646,79.0942,81.2936,83.5641,86.8667,90.8249,15.7804,10.79,7.19016,4.94601,2.4796,-1.0,-1.0,-1.0,-1.0,-1.0
14.77,0.0,0.9999999999999998,1.8313447512497695e-41,4,165.962,-0.185986,-0.795954,152.102,152.112,151.968,151.968,-0.701536,576.089,0.0488908,12789.7,0.0,15.199,31.735,42.6428,54.1419,63.1081,68.3017,71.2878,74.0312,76.0689,78.1733,80.3471,82.5923,85.8587,89.7754,15.5648,10.5197,7.00985,4.82186,2.4173,-1.0,-1.0,-1.0,-1.0,-1.0
14.79,0.0,0.9999999999999998,1.1903740883123503e-41,4,166.627,-0.143677,-0.768272,152.706,152.714,152.312,152.312,-0.709204,577.012,0.048865,12819.1,0.0,15.267,31.528,42.2375,53.5445,62.3767,67.4987,70.4454,73.1542,75.1663,77.2458,79.394,81.6132,84.8437,88.7185,15.4142,10.251,6.83043,4.69829,2.35525,-1.0,-1.0,-1.0,-1.0,-1.0
14.81,0.0,0.9999999999999998,7.737431574030278e-42,4,167.277,-0.11266,-0.745316,153.307,153.314,152.854,152.854,-0.716872,577.939,0.0488288,12865.2,0.0,15.3285,31.3112,41.8247,52.9414,61.6394,66.69,69.5973,72.2707,74.2578,76.3117,78.4341,80.6273,83.8208,87.6535,15.3438,9.98278,6.65123,4.57482,2.29322,-1.0,-1.0,-1.0,-1.0,-1.0
14.83,0.0,0.9999999999999998,5.029330523119681e-42,4,167.922,-0.0900796,-0.733574,153.901,153.907,153.47,153.47,-0.724543,578.869,0.0487873,12917.1,0.0,15.3774,31.085,41.4055,52.3333,60.8976,65.8761,68.7442,71.3826,73.3443,75.3724,77.4688,79.6358,82.7928,86.5829,15.3835,9.7152,6.47203,4.45133,2.23118,-1.0,-1.0,-1.0,-1.0,-1.0
14.85,0.0,0.9999999999999998,3.269064840027793e-42,4,168.563,-0.0736679,-0.737303,154.49,154.496,154.128,154.128,-0.732207,579.803,0.0487429,12972.7,0.0,15.414,30.8498,40.9805,51.7206,60.1518,65.0586,67.8868,70.49,72.4261,74.4283,76.4989,78.6401,81.7594,85.5066,15.5885,9.46667,6.29302,4.32796,2.16918,-1.0,-1.0,-1.0,-1.0,-1.0
14.87,0.0,0.9999999999999998,2.1248921460180653e-42,4,169.203,-0.0616207,-0.706986,155.105,155.102,154.768,154.768,-0.739889,580.74,0.0486962,13026.3,0.0,15.4387,30.6065,40.5497,51.1039,59.402,64.2369,67.0255,69.5936,71.5039,73.4803,75.5245,77.6391,80.7216,84.4257,16.0574,9.24867,6.11359,4.2043,2.10705,-1.0,-1.0,-1.0,-1.0,-1.0
14.89,0.0,0.9999999999999998,1.3811798949117425e-42,4,169.847,-0.0522909,-0.679531,155.697,155.69,155.36,155.36,-0.747585,581.681,0.0486543,13076.0,0.0,15.4526,30.3556,40.1138,50.4837,58.6498,63.4131,66.1621,68.6946,70.5792,72.5298,74.5478,76.6358,79.6805,83.3414,17.1436,9.06572,5.93365,4.08034,2.04479,-1.0,-1.0,-1.0,-1.0,-1.0
14.91,0.0,0.9999999999999998,8.977669316926326e-43,4,170.49,-0.0439323,-0.664444,156.282,156.277,155.933,155.933,-0.755291,582.625,0.0486237,13124.1,0.0,15.4559,30.0977,39.6738,49.8614,57.896,62.5876,65.2974,67.7944,69.6537,71.5781,73.5698,75.6317,78.6385,82.2561,89.5904,8.92382,5.75315,3.95607,1.98241,-1.0,-1.0,-1.0,-1.0,-1.0
14.93,0.0,0.9999999999999998,5.835485056002112e-43,4,171.156,-0.0356817,-0.614626,156.876,156.872,156.177,156.177,-0.763014,583.573,0.0486023,13143.6,0.0,15.449,29.8325,39.2291,49.2364,57.1404,61.7609,64.431,66.8928,68.7264,70.6248,72.5906,74.6254,77.5952,81.1689,88.4198,8.82893,5.58059,3.83143,1.91989,-1.0,-1.0,-1.0,-1.0,-1.0
14.95,0.0,0.9999999999999998,3.793065286401373e-43,4,171.804,-0.0309582,-0.553402,157.476,157.471,156.639,156.639,-0.770757,584.525,0.0485684,13183.5,0.0,15.4317,29.5591,38.7781,48.6056,56.3792,60.9282,63.5587,65.9851,67.7927,69.6652,71.6043,73.6124,76.5438,80.0735,87.2405,8.78925,5.43311,3.70656,1.85722,-1.0,-1.0,-1.0,-1.0,-1.0
14.97,0.0,0.9999999999999998,2.4654924361608927e-43,4,172.441,-0.0279628,-0.508466,158.063,158.058,157.251,157.251,-0.778524,585.48,0.0485331,13235.4,0.0,15.4049,29.2784,38.3218,47.9715,55.6148,60.0921,62.6829,65.0737,66.8554,68.7018,70.6142,72.5954,75.4887,78.9742,86.0566,8.81622,5.31352,3.58467,1.79435,-1.0,-1.0,-1.0,-1.0,-1.0
14.99,0.0,0.9999999999999998,1.6025700835045805e-43,4,173.072,-0.0253251,-0.489629,158.642,158.64,157.946,157.946,-0.786307,586.439,0.0485041,13294.2,0.0,15.3689,28.9911,37.861,47.3342,54.8477,59.2541,61.8051,64.1602,65.9162,67.736,69.6217,71.576,74.4312,77.8721,84.8695,8.92656,5.22531,3.48076,1.73134,-1.0,-1.0,-1.0,-1.0,-1.0
15.01,0.0,0.9999999999999998,1.0416705542779774e-43,4,173.701,-0.0223231,-0.483911,159.226,159.224,158.646,158.646,-0.794111,587.401,0.0484835,13352.9,0.0,15.3237,28.6974,37.3961,46.6942,54.0789,58.4139,60.9255,63.2451,64.9752,66.7686,68.628,70.5549,73.3717,76.7679,83.6795,9.13781,5.17068,3.39792,1.66844,-1.0,-1.0,-1.0,-1.0,-1.0
15.03,0.0,0.9999999999999998,6.770858602806854e-44,4,174.335,-0.0189977,-0.484096,159.808,159.805,159.285,159.285,-0.801926,588.37,0.0479009,13406.4,0.0,15.2697,28.3971,36.9268,46.0516,53.3079,57.5722,60.044,62.3283,64.0323,65.7994,67.6319,69.532,72.3103,75.6618,82.4876,9.48559,5.1525,3.33814,1.61366,-1.0,-1.0,-1.0,-1.0,-1.0
15.05,0.0,0.9999999999999998,4.401058091824455e-44,4,174.971,-0.0151342,-0.49105,160.389,160.387,159.876,159.876,-0.808908,589.386,0.0382869,13455.9,0.0,15.2074,28.0908,36.4535,45.4065,52.5355,56.7289,59.1614,61.4099,63.0879,64.8289,66.6348,68.5078,71.2471,74.5535,81.2934,10.0224,5.17523,3.3018,1.57058,-1.0,-1.0,-1.0,-1.0,-1.0
15.07,0.0,0.9999999999999998,2.860687759685896e-44,4,175.615,-0.0109292,-0.488628,160.973,160.971,160.332,160.332,-0.81435,590.406,0.0286366,13493.8,0.0,15.1369,27.7783,35.9758,44.7585,51.7604,55.8835,58.2763,60.4894,62.1415,63.856,65.635,67.4809,70.1814,73.443,80.0958,10.8494,5.24427,3.28996,1.53976,10.8863,10.8867,10.8901,10.8965,10.906
15.09,0.0,0.9999999999999998,1.8594470437958324e-44,4,176.254,-0.00912257,-0.480315,161.562,161.559,160.836,160.836,-0.818237,591.431,0.0189349,13536.6,0.0,15.0579,27.4589,35.4923,44.1055,50.9805,55.0327,57.3861,59.5633,61.1894,62.8775,64.6294,66.4476,69.1093,72.3251,78.8908,12.2236,5.36406,3.30494,1.52119,-1.0,-1.0,-1.0,-1.0,-1.0
15.11,0.0,0.9999999999999998,1.208640578467291e-44,4,176.888,-0.00860863,-0.475073,162.146,162.143,161.398,161.398,-0.820591,592.456,0.00990551,13584.1,0.0,14.9709,27.1329,35.0036,43.4482,50.1965,54.1783,56.4916,58.6331,60.2332,61.8941,63.619,65.4097,68.0323,71.2021,77.6793,15.5475,5.54302,3.34861,1.51464,-1.0,-1.0,-1.0,-1.0,-1.0
15.13,0.0,0.9999999999999998,7.856163760037391e-45,4,177.519,-0.00798869,-0.475563,162.727,162.725,161.993,161.993,-0.821498,593.485,0.00102585,13634.4,0.0,14.8763,26.8007,34.5106,42.7874,49.4096,53.3203,55.5941,57.6999,59.2736,60.9079,62.6056,64.3687,66.9514,70.0754,76.4634,91.588,5.78944,3.42167,1.52051,-1.0,-1.0,-1.0,-1.0,-1.0
15.15,0.0,0.9999999999999998,5.106506444024304e-45,4,178.15,-0.00677517,-0.486525,163.304,163.304,162.595,162.595,-0.820936,594.517,-0.00787813,13684.8,0.0,14.774,26.4626,34.013,42.1238,48.62,52.4603,54.6946,56.7644,58.3117,59.9197,61.5898,63.3251,65.8682,68.9455,75.2445,90.1823,6.11285,3.52697,1.53908,-1.0,-1.0,-1.0,-1.0,-1.0
15.17,0.0,0.9999999999999998,3.3192291886157976e-45,4,178.781,-0.0053064,-0.498351,163.883,163.884,163.167,163.167,-0.81892,595.55,-0.0163868,13732.9,0.0,14.6642,26.1186,33.5111,41.4566,47.8277,51.5977,53.7921,55.8261,57.347,58.9281,60.5707,62.2783,64.7816,67.8126,74.0207,88.7704,6.52917,3.66675,1.56995,-1.0,-1.0,-1.0,-1.0,-1.0
15.19,0.0,0.9999999999999998,2.1574989726002683e-45,4,179.412,-0.00413845,-0.509966,164.464,164.465,163.73,163.73,-0.815529,596.585,-0.0245917,13780.3,0.0,14.5472,25.7688,33.0048,40.7859,47.0324,50.7319,52.8865,54.8844,56.3791,57.933,59.5483,61.2278,63.691,66.6749,72.7926,87.3527,7.05467,3.84265,1.61348,-1.0,-1.0,-1.0,-1.0,-1.0
15.21,0.0,0.9999999999999998,1.4023743321901745e-45,4,180.041,-0.00299344,-0.52645,165.041,165.043,164.302,164.302,-0.81075,597.624,-0.032821,13828.3,0.0,14.423,25.4131,32.4935,40.1119,46.2335,49.8626,51.9777,53.9396,55.4076,56.9345,58.5224,60.1737,62.5968,65.5337,71.5598,85.9278,7.718,4.05855,1.67014,-1.0,-1.0,-1.0,-1.0,-1.0
15.23,0.0,0.9999999999999998,9.115433159236134e-46,4,180.672,-0.00238272,-0.540044,165.621,165.622,164.844,164.844,-0.804591,598.664,-0.0408509,13873.9,0.0,14.2917,25.0517,31.9778,39.4337,45.4313,48.9901,51.0653,52.9911,54.4327,55.9324,57.4924,59.1158,61.4985,64.388,70.3217,84.4956,8.55383,4.31698,1.73946,-1.0,-1.0,-1.0,-1.0,-1.0
15.25,0.0,0.9999999999999998,5.9250315535034876e-46,4,181.302,-0.00191426,-0.549077,166.201,166.201,165.375,165.375,-0.797112,599.706,-0.0484861,13918.5,0.0,14.1536,24.6845,31.4575,38.7522,44.626,48.1145,50.1497,52.0391,53.4545,54.9268,56.4593,58.0542,60.396,63.2375,69.0786,83.0568,9.62278,4.62114,1.82188,-1.0,-1.0,-1.0,-1.0,-1.0
15.27,0.0,0.9999999999999998,3.851270509777267e-46,4,181.93,-0.00157124,-0.559154,166.778,166.778,165.925,165.925,-0.788317,600.75,-0.0561422,13964.8,0.0,14.0086,24.3115,30.9327,38.0669,43.8171,47.2354,49.2309,51.0842,52.4726,53.9176,55.4222,56.9883,59.2894,62.0828,67.8303,81.6104,11.0255,4.97645,1.91779,-1.0,-1.0,-1.0,-1.0,-1.0
15.29,0.0,0.9999999999999998,2.5033258313552235e-46,4,182.558,-0.00156006,-0.566597,167.355,167.355,166.459,166.459,-0.778203,601.796,-0.0637315,14009.8,0.0,13.857,23.9331,30.4033,37.378,43.0049,46.3527,48.3082,50.1255,51.4869,52.9049,54.3814,55.9189,58.1787,60.9239,66.577,80.1568,12.9656,5.38605,2.02686,-1.0,-1.0,-1.0,-1.0,-1.0
15.31,0.0,0.9999999999999998,1.6271617903808954e-46,4,183.185,-0.001698,-0.570252,167.932,167.932,166.991,166.991,-0.766813,602.843,-0.0708745,14054.6,0.0,13.6988,23.5491,29.8694,36.6853,42.1894,45.4669,47.3825,49.1629,50.498,51.8884,53.3367,54.8454,57.0639,59.7605,65.318,78.696,16.0274,5.85657,2.14954,-1.0,-1.0,-1.0,-1.0,-1.0
15.33,0.0,0.9999999999999998,1.057655163747582e-46,4,183.81,-0.00182925,-0.574717,168.507,168.507,167.543,167.543,-0.754176,603.893,-0.0780347,14101.0,0.0,13.5341,23.1597,29.3311,35.989,41.3705,44.5779,46.4534,48.1976,49.5056,50.8685,52.2884,53.7685,55.9451,58.5928,64.0544,77.228,109.162,6.39369,2.28607,-1.0,-1.0,-1.0,-1.0,-1.0
15.35,0.0,0.9999999999999998,6.874758564359283e-47,4,184.434,-0.00193475,-0.579478,169.081,169.081,168.087,168.087,-0.74028,604.944,-0.0852116,14146.8,0.0,13.3631,22.765,28.7884,35.2892,40.5486,43.6856,45.5211,47.2289,48.51,49.845,51.2368,52.6878,54.823,57.421,62.7858,75.7526,107.178,7.00539,2.43628,-1.0,-1.0,-1.0,-1.0,-1.0
15.37,0.0,0.9999999999999998,4.468593066833534e-47,4,185.058,-0.00203578,-0.582444,169.654,169.654,168.627,168.627,-0.725148,605.997,-0.0919288,14192.3,0.0,13.1859,22.3648,28.2413,34.5857,39.723,42.7903,44.5855,46.2566,47.5108,48.8184,50.1815,51.6031,53.6964,56.2445,61.5126,74.2707,105.188,7.70045,2.60066,-1.0,-1.0,-1.0,-1.0,-1.0
15.39,0.0,0.9999999999999998,2.904585493441797e-47,4,185.679,-0.00199892,-0.586235,170.226,170.227,169.179,169.179,-0.708811,607.051,-0.0986512,14238.7,0.0,13.0024,21.9595,27.6899,33.8788,38.8945,41.8915,43.6468,45.2812,46.5083,47.788,49.1228,50.5149,52.5659,55.0644,60.2342,72.7809,103.191,8.49061,2.77947,-1.0,-1.0,-1.0,-1.0,-1.0
15.41,0.0,0.9999999999999998,1.887980570737168e-47,4,186.3,-0.00210768,-0.591721,170.797,170.797,169.725,169.725,-0.691274,608.107,-0.105389,14284.7,0.0,12.8127,21.5491,27.1344,33.1683,38.0628,40.9895,42.7047,44.3024,45.5024,46.7543,48.0603,49.4229,51.4319,53.8801,58.951,71.2836,101.187,9.38844,2.97249,-1.0,-1.0,-1.0,-1.0,-1.0
15.43,0.0,0.9999999999999998,1.2271873709791592e-47,4,186.921,-0.00222092,-0.595919,171.367,171.367,170.265,170.265,-0.672546,609.164,-0.111789,14330.0,0.0,12.6172,21.1335,26.5745,32.4543,37.2277,40.0844,41.7596,43.3205,44.4934,45.7172,46.9946,48.3276,50.2937,52.6914,57.6618,69.7794,99.1776,10.4127,3.1803,-1.0,-1.0,-1.0,-1.0,-1.0
15.45,0.0,0.9999999999999998,7.976717911364535e-48,4,187.54,-0.00217065,-0.599948,171.937,171.937,170.809,170.809,-0.652659,610.223,-0.118127,14375.9,0.0,12.4158,20.7128,26.0103,31.7368,36.3895,39.1763,40.8113,42.3353,43.4807,44.6767,45.9251,47.229,49.1519,51.4989,56.3687,68.2675,97.1605,11.5854,3.40296,-1.0,-1.0,-1.0,-1.0,-1.0
15.47,0.0,0.9999999999999998,5.1848666423869475e-48,4,188.158,-0.00188704,-0.605522,172.505,172.505,171.352,171.352,-0.63161,611.283,-0.124475,14421.5,0.0,12.2084,20.2871,25.442,31.0159,35.5479,38.2649,39.8598,41.3471,42.4652,43.633,44.8525,46.1267,48.0062,50.302,55.0707,66.7494,95.1382,12.936,3.64063,-1.0,-1.0,-1.0,-1.0,-1.0
15.49,0.0156696,0.9999999999999998,3.370163317551516e-48,4,188.776,-0.00206535,-0.609666,173.073,173.073,171.887,171.887,-0.609411,612.345,-0.13058,14466.5,0.0,11.9952,19.8564,24.8694,30.2913,34.7032,37.3502,38.9048,40.355,41.4462,42.5855,43.7759,45.0197,46.8564,49.1003,53.7671,65.2224,93.1083,14.508,3.89372,-1.0,-1.0,-1.0,-1.0,-1.0
15.51,0.0164478,0.9999999999999998,2.190606156408485e-48,4,189.392,0.0210875,-0.612826,173.688,173.587,172.425,172.425,-0.586044,613.407,-0.137065,14511.8,0.0,11.7719,19.4048,24.2675,29.5269,33.8093,36.3804,37.891,39.3011,40.3617,41.4703,42.6284,43.8393,45.6279,47.8144,52.3664,63.5664,90.8651,16.4365,4.16551,-1.0,-1.0,-1.0,-1.0,-1.0
15.53,0.01729944,0.9999999999999998,1.4238940016655154e-48,4,190.007,-0.061262,-0.617068,174.321,174.085,172.967,172.967,-0.561452,614.472,-0.144162,14557.4,0.0,11.5377,18.9296,23.6323,28.7172,32.8591,35.347,36.8097,38.175,39.2026,40.2768,41.3995,42.5734,44.3085,46.4307,50.8537,61.7616,88.3778,18.9147,4.45842,-1.0,-1.0,-1.0,-1.0,-1.0
15.55,-0.10270056,0.9999999999999998,9.25531101082585e-49,4,190.621,-0.171192,-0.620101,174.924,174.611,173.503,173.503,-0.535609,615.537,-0.151381,14602.5,0.0,11.2951,18.4415,22.9808,27.8867,31.884,34.286,35.6987,37.0178,38.0109,39.0493,40.135,41.2706,42.9497,45.0043,49.2911,59.8889,85.79,22.2333,4.77199,-1.0,-1.0,-1.0,-1.0,-1.0
15.57,-0.1625,0.9999999999999998,6.0159521570368035e-49,4,191.226,-0.465527,-0.622107,175.151,175.295,174.033,174.033,-0.508799,616.603,-0.155967,14647.1,0.0,11.0672,18.0236,22.4436,27.2242,31.1232,33.4688,34.8491,36.1387,37.1099,38.1259,39.1884,40.3,41.9448,43.9588,48.1655,58.5925,84.1794,25.9184,5.0839,-1.0,-1.0,-1.0,-1.0,-1.0
15.59,-0.1625,0.9999999999999998,3.910368902073922e-49,4,191.806,-0.114408,-0.624815,175.037,176.249,174.63,174.63,-0.481496,617.672,-0.15507,14697.8,0.0,10.8782,17.7604,22.1523,26.9196,30.8207,33.1724,34.5581,35.8537,36.8303,37.8524,38.9218,40.0416,41.6994,43.7316,47.9823,58.5496,84.7024,27.8744,5.36234,-1.0,-1.0,-1.0,-1.0,-1.0
15.61,-0.1625,0.9999999999999998,2.5417397863480493e-49,4,192.365,0.790683,-0.627555,175.082,177.241,175.34,175.34,-0.453974,618.742,-0.150265,14758.0,0.0,10.7156,17.6024,22.0295,26.8626,30.8365,33.2395,34.6577,35.9857,36.9874,38.036,39.135,40.2864,41.9923,44.0861,48.4725,59.4138,86.8881,27.9113,5.61104,-1.0,-1.0,-1.0,-1.0,-1.0
15.63,-0.1625,0.9999999999999998,1.652130861126232e-49,4,192.908,1.86267,-0.630023,175.298,177.989,176.098,176.098,-0.426486,619.814,-0.143512,14821.9,0.0,10.5662,17.4954,21.9903,26.931,31.0169,33.4965,34.963,36.3373,37.3756,38.4635,39.6041,40.8005,42.5749,44.7554,49.3325,60.785,90.1958,27.2151,5.841,-1.0,-1.0,-1.0,-1.0,-1.0
15.65,-0.1625,0.9999999999999998,1.0738850597320509e-49,4,193.437,2.90643,-0.632329,175.619,178.55,176.848,176.848,-0.39919,620.888,-0.136096,14884.8,0.0,10.4227,17.4106,21.9886,27.0587,31.2777,33.8483,35.3715,36.8011,37.8823,39.0163,40.2066,41.4558,43.3104,45.5927,50.3934,62.4421,94.3708,26.4394,6.05869,-1.0,-1.0,-1.0,-1.0,-1.0
15.67,-0.1625,0.9999999999999998,6.980252888258331e-50,4,193.954,3.83493,-0.633225,176.0,179.002,177.553,177.553,-0.372259,621.965,-0.128547,14943.9,0.0,10.282,17.3325,21.9994,27.2088,31.5714,34.2406,35.8256,37.3157,38.4434,39.6273,40.8717,42.178,44.1208,46.5143,51.557,64.2537,99.3019,25.7842,6.26722,-1.0,-1.0,-1.0,-1.0,-1.0
15.69,-0.1625,0.9999999999999998,4.537164377367916e-50,4,194.463,4.61369,-0.632969,176.419,179.396,178.206,178.206,-0.345833,623.043,-0.12111,14998.6,0.0,10.1424,17.2526,22.0084,27.3593,31.8704,34.6411,36.2903,37.843,39.019,40.2558,41.5552,42.9228,44.9566,47.4662,52.7636,66.1371,104.956,25.2851,6.46873,-1.0,-1.0,-1.0,-1.0,-1.0
15.71,-0.1625,0.9999999999999998,2.9491568452891453e-50,4,194.967,5.23498,-0.63242,176.863,179.761,178.809,178.809,-0.320005,624.125,-0.114146,15049.2,0.0,10.0033,17.1664,22.0075,27.4978,32.1568,35.0305,36.7443,38.36,39.5861,40.8751,42.2324,43.6606,45.7878,48.416,53.9728,68.0399,110.873,24.9284,6.66417,-1.0,-1.0,-1.0,-1.0,-1.0
15.73,-0.1625,0.9999999999999998,1.9169519494379445e-50,4,195.468,5.70493,-0.632194,177.325,180.117,179.366,179.366,-0.294835,625.209,-0.107665,15095.9,0.0,9.86472,17.0723,21.9931,27.6181,32.4225,35.3979,37.176,38.8552,40.1299,41.4726,42.8867,44.3761,46.5978,49.3449,55.1635,69.9298,114.373,24.6882,6.85385,-1.0,-1.0,-1.0,-1.0,-1.0
15.75,-0.1625,0.9999999999999998,1.246018767134664e-50,4,195.969,6.03805,-0.632609,177.799,180.474,179.879,179.879,-0.270386,626.295,-0.101554,15138.9,0.0,9.72688,16.9703,21.9648,27.718,32.664,35.7391,37.5814,39.3225,40.6467,42.0418,43.5129,45.0636,47.3785,50.2447,56.3252,71.8296,116.654,24.5375,7.03803,-1.0,-1.0,-1.0,-1.0,-1.0
15.77,-0.1625,0.9999999999999998,8.099121986375316e-51,4,196.47,6.25161,-0.633008,178.281,180.842,180.354,180.354,-0.246702,627.385,-0.0959643,15178.7,0.0,9.59051,16.8615,21.9237,27.7995,32.8828,36.056,37.9605,39.7636,41.1359,42.5834,44.1106,45.7223,48.1303,51.1154,57.4569,73.8084,118.29,24.4529,7.2162,-1.0,-1.0,-1.0,-1.0,-1.0
15.79,-0.1625,0.9999999999999998,5.2644292911439555e-51,4,196.973,6.36649,-0.633684,178.769,181.223,180.799,180.799,-0.223801,628.477,-0.0907949,15216.0,0.0,9.45634,16.7484,21.8729,27.8658,33.0829,36.3526,38.3194,40.1831,41.6036,43.1028,44.6866,46.3591,48.8592,51.9629,58.5664,75.8886,119.508,24.4119,7.38805,-1.0,-1.0,-1.0,-1.0,-1.0
15.81,-0.1625,0.9999999999999998,3.4218790392435715e-51,4,197.478,6.40336,-0.634914,179.26,181.62,181.222,181.222,-0.201714,629.571,-0.0858367,15251.6,0.0,9.32501,16.633,21.8159,27.9221,33.2711,36.6363,38.6644,40.5892,42.0575,43.6088,45.2486,46.9816,49.5753,52.7978,59.6648,78.1028,120.431,24.3959,7.55314,-1.0,-1.0,-1.0,-1.0,-1.0
15.83,-0.1625,0.9999999999999998,2.2242213755083215e-51,4,197.984,6.38062,-0.635215,179.752,182.034,181.626,181.626,-0.180456,630.668,-0.0811961,15285.5,0.0,9.19731,16.5178,21.7572,27.9744,33.4546,36.9153,39.0058,40.9921,42.5088,44.1126,45.8091,47.6037,50.2915,53.6348,60.7679,80.4966,121.136,24.3928,7.71081,-1.0,-1.0,-1.0,-1.0,-1.0
15.85,-0.1625,0.9999999999999998,1.445743894080409e-51,4,198.49,6.31862,-0.635203,180.242,182.464,182.025,182.025,-0.160037,631.769,-0.0767568,15319.1,0.0,9.07416,16.4065,21.7012,28.0303,33.6437,37.2025,39.3556,41.4047,42.9708,44.6287,46.3836,48.2407,51.0257,54.4922,61.8988,83.1378,121.679,24.3853,7.86042,-1.0,-1.0,-1.0,-1.0,-1.0
15.87,-0.1625,0.9999999999999998,9.397335311522659e-52,4,198.997,6.23525,-0.635688,180.728,182.907,182.423,182.423,-0.140457,632.871,-0.0723012,15352.6,0.0,8.95594,16.301,21.6527,28.0965,33.8473,37.5068,39.7258,41.8404,43.4584,45.1714,46.9864,48.9095,51.795,55.3896,63.08,86.1034,122.099,24.365,8.00154,-1.0,-1.0,-1.0,-1.0,-1.0
15.89,-0.1625,0.9999999999999998,6.1082679524897286e-52,4,199.504,6.14207,-0.634658,181.211,183.362,182.816,182.816,-0.121724,633.977,-0.0679405,15385.6,0.0,8.8434,16.2041,21.6154,28.1796,34.0743,37.84,40.1281,42.311,43.9825,45.7541,47.6329,49.6244,52.6151,56.3448,64.3782,89.4914,122.425,24.3233,8.13363,-1.0,-1.0,-1.0,-1.0,-1.0
15.91,-0.1625,0.9999999999999998,3.970374169118324e-52,4,200.011,6.05162,-0.633083,181.688,183.826,183.218,183.218,-0.103839,635.085,-0.063587,15419.5,0.0,8.73707,16.1179,21.5937,28.2863,34.3345,38.2132,40.5748,42.8302,44.5593,46.3932,48.3395,50.4041,53.507,57.3787,65.8578,93.435,122.678,24.2556,8.25617,-1.0,-1.0,-1.0,-1.0,-1.0
15.93,-0.1625,0.9999999999999998,2.5807432099269107e-52,4,200.516,5.97292,-0.632416,182.16,184.296,183.629,183.629,-0.0868301,636.196,-0.0590633,15454.1,0.0,8.63736,16.0444,21.591,28.4226,34.6358,38.6362,41.0761,43.4099,45.201,47.1016,49.1201,51.2626,54.4847,58.5094,67.5633,97.913,122.873,24.1572,8.36883,-1.0,-1.0,-1.0,-1.0,-1.0
15.95,-0.1625,0.9999999999999998,1.677483086452492e-52,4,201.021,5.9071,-0.62995,182.628,184.769,184.036,184.036,-0.0707016,637.31,-0.0545118,15488.4,0.0,8.54467,15.9849,21.6097,28.5916,34.9842,39.116,41.641,44.0592,45.9158,47.8892,49.9847,52.2113,55.5618,59.7624,69.5429,100.812,123.019,24.0291,8.47146,-1.0,-1.0,-1.0,-1.0,-1.0
15.97,-0.1625,0.9999999999999998,1.0903640061941198e-52,4,201.524,5.85778,-0.62704,183.092,185.244,184.456,184.456,-0.0554454,638.427,-0.0498818,15523.8,0.0,8.45914,15.9405,21.6518,28.799,35.3865,39.6609,42.278,44.7873,46.7167,48.7662,50.9465,53.2633,56.7522,61.2187,71.8604,102.761,123.122,23.871,8.56396,-1.0,-1.0,-1.0,-1.0,-1.0
15.99,-0.04250000000000001,0.9999999999999998,7.087366040261779e-53,4,202.026,5.82657,-0.625507,183.551,185.717,184.884,184.884,-0.0410919,639.546,-0.0450462,15559.8,0.0,8.38107,15.9123,21.7198,29.0473,35.847,40.2764,42.9931,45.6026,47.6082,49.7434,52.0138,54.4282,58.0921,62.9214,74.5844,104.246,123.187,23.6851,8.64637,-1.0,-1.0,-1.0,-1.0,-1.0
16.012,0.0,0.9999999999999998,4.606787926170156e-53,4,202.603,5.86135,-0.621354,184.64,186.539,185.269,185.269,-0.0262146,640.781,-0.0411447,15591.5,0.0,8.29192,15.8462,21.7256,29.2018,36.1855,40.753,43.5609,46.2582,48.3364,50.5478,52.9008,55.4072,59.3107,64.5175,77.2778,105.117,122.984,23.6162,8.74134,-1.0,-1.0,-1.0,-1.0,-1.0
16.034,0.0,0.9999999999999998,2.9944121520106014e-53,4,203.245,5.42621,-0.617882,185.792,186.866,185.48,185.48,-0.0119476,642.019,-0.041282,15608.8,0.0,8.17793,15.6464,21.4785,28.923,35.9035,40.4823,43.3012,46.0126,48.1032,50.3288,52.7002,55.2432,59.2442,64.6039,77.8473,104.685,122.119,23.974,8.87052,-1.0,-1.0,-1.0,-1.0,-1.0
16.056,0.0,0.9999999999999998,1.9463678988068909e-53,4,203.915,4.43739,-0.616143,186.773,187.134,185.671,185.671,0.00193278,643.261,-0.044659,15625.0,0.0,8.04343,15.3384,21.0263,28.2872,35.1068,39.5878,42.3508,45.0108,47.063,49.2497,51.5816,54.0869,58.0343,63.3276,76.4398,103.313,120.733,24.701,9.03028,-1.0,-1.0,-1.0,-1.0,-1.0
16.078,0.0,0.9999999999999998,1.265139134224479e-53,4,204.584,3.3288,-0.610599,187.595,187.565,185.962,185.962,0.0156199,644.507,-0.0496944,15650.1,0.0,7.90026,14.9838,20.4841,27.4941,34.0797,38.4119,41.0855,43.6624,45.652,47.7744,50.0393,52.4674,56.2863,61.4068,74.0785,101.484,119.09,25.6464,9.20653,5.92703,5.91934,5.91342,5.9093,5.90689
16.1,0.0,0.9999999999999998,8.223404372459113e-54,4,205.244,2.34895,-0.60701,188.292,188.106,186.386,186.386,0.0293783,645.756,-0.05522,15686.2,0.0,7.75419,14.6168,19.9193,26.6609,32.9915,37.1596,39.7344,42.2179,44.1373,46.1862,48.374,50.7154,54.3849,59.2981,71.4384,99.4728,117.348,26.7216,9.39173,-1.0,-1.0,-1.0,-1.0,-1.0
16.122,0.0,0.9999999999999998,5.345212842098423e-54,4,205.898,1.58663,-0.603243,188.914,188.703,186.872,186.872,0.0434621,647.009,-0.0607389,15727.3,0.0,7.60702,14.2525,19.3617,25.8414,31.9218,35.9278,38.405,40.7962,42.6452,44.6212,46.7323,48.9895,52.5113,57.224,68.8426,97.4265,115.59,27.878,9.58258,-1.0,-1.0,-1.0,-1.0,-1.0
16.144,0.0,0.9999999999999998,3.474388347363975e-54,4,206.546,1.03783,-0.596681,189.502,189.321,187.409,187.409,0.0580648,648.265,-0.0660899,15772.6,0.0,7.4587,13.8947,18.8195,25.0504,30.8939,34.7469,37.1306,39.4341,41.2163,43.1222,45.16,47.3399,50.7255,55.252,66.394,95.4051,113.849,29.0954,9.77841,-1.0,-1.0,-1.0,-1.0,-1.0
16.166,0.0,0.9999999999999998,2.258352425786584e-54,4,207.191,0.662952,-0.592988,190.076,189.938,187.97,187.97,0.0733388,649.524,-0.0710777,15819.8,0.0,7.30815,13.5413,18.2908,24.2865,29.907,33.6146,35.9103,38.1304,39.8492,41.6894,43.6578,45.7647,49.0259,53.3824,64.0932,93.4189,112.131,30.3765,9.98017,-1.0,-1.0,-1.0,-1.0,-1.0
16.188,0.0,0.9999999999999998,1.4679290767612798e-54,4,207.835,0.414832,-0.584836,190.65,190.552,188.516,188.516,0.0893809,650.787,-0.0758861,15865.7,0.0,7.15431,13.1899,17.7709,23.5421,28.9499,32.5193,34.7317,36.8724,38.5314,40.3075,42.2098,44.2477,47.3941,51.5929,61.9081,91.4597,110.432,31.7315,10.1891,-1.0,-1.0,-1.0,-1.0,-1.0
16.21,0.0,0.9999999999999998,9.54153899894832e-55,4,208.477,0.25513,-0.576886,191.225,191.158,189.081,189.081,0.106267,652.052,-0.0805019,15913.3,0.0,6.99635,12.8377,17.2548,22.8102,28.0132,31.4507,33.582,35.646,37.247,38.9622,40.8001,42.7712,45.8091,49.8589,59.8047,89.5135,108.744,33.176,10.4062,-1.0,-1.0,-1.0,-1.0,-1.0
16.232,0.0,0.9999999999999998,6.202000349316408e-55,4,209.117,0.154367,-0.571464,191.802,191.758,189.64,189.64,0.124039,653.321,-0.0849307,15960.2,0.0,6.83352,12.4823,16.7396,22.084,27.0889,30.3973,32.4508,34.4403,35.9842,37.64,39.4155,41.3209,44.2543,48.1621,57.754,87.5634,107.059,34.7276,10.6327,-1.0,-1.0,-1.0,-1.0,-1.0
16.254,0.0,0.9999999999999998,4.0313002270556655e-55,4,209.756,0.0916493,-0.559976,192.383,192.355,190.189,190.189,0.142715,654.593,-0.0892981,16006.6,0.0,6.66538,12.1226,16.222,21.3604,26.1707,29.3528,31.3288,33.2459,34.7341,36.3312,38.0448,39.8862,42.7179,46.4864,55.7353,85.5942,105.373,36.4068,10.8691,-1.0,-1.0,-1.0,-1.0,-1.0
16.276,0.0,0.9999999999999998,2.6203451475861828e-55,4,210.394,0.0537397,-0.55194,192.964,192.946,190.753,190.753,0.162323,655.868,-0.0935205,16054.0,0.0,6.49188,11.7574,15.7009,20.6359,25.2553,28.3133,30.2136,32.0579,33.4912,35.0304,36.6837,38.4604,41.1917,44.824,53.7362,83.5931,103.681,38.237,11.1161,-1.0,-1.0,-1.0,-1.0,-1.0
16.298,0.0,0.9999999999999998,1.7032243459310186e-55,4,211.031,0.0309865,-0.54243,193.546,193.535,191.296,191.296,0.182851,657.145,-0.0976875,16099.6,0.0,6.31281,11.3865,15.1751,19.9094,24.3398,27.2742,29.0998,30.873,32.2514,33.7326,35.3247,37.0383,39.6705,43.1674,51.7473,81.5445,101.979,40.2032,11.3739,-1.0,-1.0,-1.0,-1.0,-1.0
16.32,0.0,0.9999999999999998,1.1070958248551622e-55,4,211.665,0.0175911,-0.530123,194.128,194.122,191.852,191.852,0.20432,658.426,-0.101824,16146.5,0.0,6.12804,11.0093,14.6435,19.1789,23.4223,26.2346,27.9859,29.6879,31.0116,32.4354,33.9666,35.6159,38.1497,41.5118,49.7607,79.4312,100.265,42.1834,11.6431,-1.0,-1.0,-1.0,-1.0,-1.0
16.342,0.0,0.9999999999999998,7.196122861558555e-56,4,212.298,0.00987606,-0.522488,194.708,194.705,192.415,192.415,0.22672,659.709,-0.105846,16193.8,0.0,5.93751,10.6256,14.1064,18.444,22.5017,25.1933,26.8699,28.5005,29.7701,31.1359,32.6065,34.1918,36.6279,39.8553,47.7739,77.23,98.5379,44.1648,11.9238,-1.0,-1.0,-1.0,-1.0,-1.0
16.364,-0.12,0.9999999999999998,4.67747986001306e-56,4,212.931,0.00527408,-0.508273,195.291,195.289,192.951,192.951,0.250036,660.996,-0.109869,16238.9,0.0,5.74144,10.2356,13.5633,17.7047,21.5779,24.1487,25.7514,27.3113,28.5265,29.8349,31.2446,32.7654,35.1031,38.1962,45.7856,74.9066,96.7954,46.1504,12.2162,-1.0,-1.0,-1.0,-1.0,-1.0
16.386,-0.1625,0.9999999999999998,3.040361909008489e-56,4,213.544,-0.113104,-0.496817,195.397,196.023,193.528,193.528,0.273951,662.285,-0.110421,16287.7,0.0,5.55693,9.90985,13.1394,17.1691,20.9506,23.4679,25.04,26.572,27.7676,29.0557,30.4449,31.9469,34.2634,37.3507,44.9723,74.2515,95.6193,46.9123,12.4605,-1.0,-1.0,-1.0,-1.0,-1.0
16.408,-0.1625,0.9999999999999998,1.9762352408555181e-56,4,214.122,0.656577,-0.486575,195.243,197.039,194.196,194.196,0.297755,663.577,-0.104625,16344.3,0.0,5.4003,9.70732,12.9379,17.0109,20.8717,23.4604,25.0842,26.6712,27.9118,29.2519,30.7008,32.2701,34.7449,38.0906,46.512,76.0972,95.4726,45.5303,12.5985,-1.0,-1.0,-1.0,-1.0,-1.0
16.43,-0.1625,0.9999999999999998,1.2845529065560867e-56,4,214.671,1.93283,-0.471902,195.318,197.946,194.972,194.972,0.321075,664.873,-0.0952924,16409.9,0.0,5.26125,9.57676,12.8679,17.0811,21.1338,23.8792,25.6115,27.31,28.6427,30.0857,31.6582,33.4045,36.2045,40.0498,50.0394,78.3606,95.8243,43.2865,12.6712,-1.0,-1.0,-1.0,-1.0,-1.0
16.452,-0.1625,0.9999999999999998,8.349593892614565e-57,4,215.198,3.24801,-0.462939,195.572,198.565,195.757,195.757,0.343587,666.172,-0.0846108,16475.9,0.0,5.13225,9.47873,12.8582,17.2626,21.5723,24.5258,26.4009,28.2486,29.7043,31.3121,33.1063,35.1215,38.3999,42.9923,55.4584,80.3015,96.2682,41.0431,12.7153,-1.0,-1.0,-1.0,-1.0,-1.0
16.474,-0.1625,0.9999999999999998,5.427236030199468e-57,4,215.713,4.38444,-0.445429,195.933,199.009,196.439,196.439,0.365041,667.475,-0.0738948,16532.9,0.0,5.01008,9.39388,12.8725,17.4934,22.0984,25.2927,27.3349,29.3705,31.0212,32.8707,34.9584,37.3322,41.2591,46.9068,63.1466,81.8062,96.6217,39.0859,12.7485,-1.0,-1.0,-1.0,-1.0,-1.0
16.496,-0.1625,0.9999999999999998,3.527703419629654e-57,4,216.214,5.27872,-0.428883,196.353,199.368,197.09,197.09,0.385264,668.781,-0.0636628,16587.5,0.0,4.89404,9.31405,12.8944,17.7431,22.6654,26.124,28.3712,30.6832,32.5833,34.7373,37.1992,40.0393,44.8378,51.9656,69.286,82.9059,96.8208,37.4512,12.7782,-1.0,-1.0,-1.0,-1.0,-1.0
16.518,-0.1625,0.9999999999999998,2.293007222759275e-57,4,216.713,5.92667,-0.415255,196.808,199.692,197.654,197.654,0.404109,670.091,-0.0541433,16634.4,0.0,4.7844,9.23635,12.9157,17.9962,23.2507,27.0078,29.541,32.1879,34.3925,36.924,39.8615,43.31,49.2851,58.5242,71.8958,83.6566,96.8508,36.1014,12.8071,-1.0,-1.0,-1.0,-1.0,-1.0
16.54,-0.1625,0.9999999999999998,1.4904546947935288e-57,4,217.211,6.32972,-0.393356,197.293,200.015,198.147,198.147,0.421488,671.404,-0.045481,16676.0,0.0,4.68158,9.16087,12.9351,18.2463,23.839,27.9828,30.8522,33.8992,36.4757,39.4789,43.025,47.2743,54.8683,64.9694,73.4767,84.1142,96.7187,34.981,12.8351,-1.0,-1.0,-1.0,-1.0,-1.0
16.562,-0.1625,0.9999999999999998,9.687955516157938e-58,4,217.709,6.54635,-0.379427,197.788,200.352,198.622,198.622,0.437363,672.72,-0.0375035,16715.8,0.0,4.58669,9.09036,12.9563,18.4969,24.4596,29.0762,32.3422,35.8734,38.9118,42.5147,46.8586,52.1943,61.6414,67.5591,74.4935,84.3401,96.4491,34.0309,12.8608,-1.0,-1.0,-1.0,-1.0,-1.0
16.584,-0.1625,0.9999999999999998,6.29717108550266e-58,4,218.213,6.60741,-0.361409,198.292,200.713,199.023,199.023,0.451686,674.041,-0.0301817,16749.4,0.0,4.50073,9.02832,12.9848,18.7575,25.1608,30.328,34.0698,38.1995,41.825,46.2138,51.6368,58.5067,64.7373,69.0467,75.14,84.3823,96.0653,33.2014,12.8819,-1.0,-1.0,-1.0,-1.0,-1.0
16.606,-0.1625,0.9999999999999998,4.0931612055767295e-58,4,218.716,6.56517,-0.343742,198.796,201.105,199.431,199.431,0.464442,675.364,-0.0233081,16783.7,0.0,4.42495,8.98001,13.0303,19.0453,25.9861,31.8122,36.1436,41.04,45.4409,50.9039,57.8162,62.3247,66.3795,70.0072,75.5388,84.2906,95.5968,32.4481,12.8958,-1.0,-1.0,-1.0,-1.0,-1.0
16.628,-0.04250000000000001,0.7499999999999998,2.6605547836248744e-58,4,219.221,6.46912,-0.331724,199.292,201.522,199.823,199.823,0.475642,676.692,-0.016703,16816.4,0.0,4.36004,8.94922,13.1004,19.3776,26.9851,33.6216,38.7108,44.6277,50.1033,56.9453,61.1852,64.1165,67.4368,70.65,75.7629,84.1001,57.7513,31.7404,12.9005,-1.0,-1.0,-1.0,-1.0,-1.0
16.65,0.0,0.5624999999999998,1.7293606093561685e-58,4,219.585,6.30315,-0.308434,200.387,202.218,197.882,197.882,0.485392,678.022,-0.0120156,16650.5,0.0,4.29867,8.89816,13.114,19.6084,27.8282,35.2567,41.124,48.1402,54.8173,59.3768,62.3642,64.8183,67.776,70.7394,75.5689,83.5991,55.3144,31.2462,12.9192,-1.0,-1.0,-1.0,-1.0,-1.0
16.672,0.0,0.42187499999999983,1.1240843960815097e-58,4,219.744,5.47821,-0.29411,201.337,202.153,196.341,196.341,0.494074,679.353,-0.012112,16521.3,0.0,4.22619,8.7522,12.9086,19.3742,27.7289,35.4003,41.542,48.9869,55.3938,59.0692,61.7986,64.1102,66.941,69.8072,74.5169,82.4099,54.9033,31.2592,12.9954,-1.0,-1.0,-1.0,-1.0,-1.0
16.694,0.0,0.3164062499999999,7.306548574529813e-59,4,219.726,4.09674,-0.272584,201.822,201.862,195.255,195.255,0.501973,680.685,-0.0157092,16430.1,0.0,4.1463,8.54079,12.5511,18.8002,26.8999,34.3335,40.2816,47.4887,53.8223,57.5163,60.2368,62.5367,65.351,68.1999,72.8834,80.743,57.6389,31.6199,13.114,-1.0,-1.0,-1.0,-1.0,-1.0
16.716,0.0,0.23730468749999992,4.749256573444378e-59,4,219.564,2.79039,-0.252387,201.89,201.641,194.432,194.432,0.509425,682.016,-0.0204256,16360.7,0.0,4.06638,8.31681,12.1614,18.15,25.8877,32.9463,38.5651,45.3399,51.6493,55.5984,58.3806,60.7053,63.5343,66.3886,71.0718,78.9262,89.5181,32.0822,13.2457,-1.0,-1.0,-1.0,-1.0,-1.0
16.738,0.0,0.17797851562499994,0.35,4,219.296,1.79873,-0.233981,201.701,201.428,193.801,193.634,0.516764,683.346,-0.0251163,16300.2,0.0,3.98817,8.09948,11.7854,17.5357,24.9309,31.637,36.948,43.3184,49.4018,53.6914,56.5374,58.8862,61.7276,64.585,69.2648,77.1102,87.7099,32.5338,13.3781,-1.0,-1.0,-1.0,-1.0,-1.0
16.76,0.0,0.13348388671874994,0.5774999999999999,4,218.265,1.11759,-0.200351,194.88,194.709,190.88,190.632,0.524287,684.672,-0.029568,16047.2,0.0,3.91018,7.88935,11.4301,16.9723,24.0673,30.4698,35.5201,41.5523,47.2942,51.8888,54.781,57.1425,59.9863,62.8393,67.5062,75.331,85.9276,32.9501,13.5097,-1.0,-1.0,-1.0,-1.0,-1.0
16.782,0.0,0.10011291503906246,0.7253749999999999,4,216.395,0.679693,-0.180534,187.903,187.785,187.677,187.338,0.532166,685.989,-0.0337127,15770.8,0.0,3.83087,7.68301,11.096,16.4494,23.2776,29.4161,34.2417,39.9885,45.4396,50.1898,53.1085,55.4721,58.3093,61.151,65.7966,73.5915,84.1754,33.3352,13.6394,-1.0,-1.0,-1.0,-1.0,-1.0
16.804,0.0,0.07508468627929685,0.8214937499999999,4,213.984,0.393191,-0.147184,180.756,180.633,184.299,183.856,0.540502,687.292,-0.0376676,15480.1,0.0,3.74927,7.477,10.7766,15.9542,22.5391,28.4394,33.0657,38.5606,43.758,48.5705,51.5007,53.859,56.6827,59.5083,64.1273,71.8858,82.4502,33.6992,13.7645,-1.0,-1.0,-1.0,-1.0,-1.0
16.826,0.0,0.056313514709472635,0.8839709374999999,4,211.23,0.200287,-0.106222,173.435,173.287,180.755,180.2,0.549337,688.58,-0.0414532,15175.8,0.0,3.66486,7.27024,10.4686,15.4806,21.8389,27.5209,31.9659,37.2342,42.2065,47.0179,49.9475,52.2941,55.0998,57.9056,62.4938,70.2107,80.7504,34.0464,13.8859,-1.0,-1.0,-1.0,-1.0,-1.0
16.848,0.0,0.04223513603210448,0.9245811093749999,4,208.264,0.0680064,-0.062427,165.711,165.524,177.224,176.543,0.55869,689.849,-0.04505,14873.7,0.0,3.57739,7.06732,10.1699,15.0243,21.1697,26.6489,30.9274,35.9882,40.756,45.5254,48.4438,50.7737,53.5567,56.3399,60.8938,68.5655,79.0763,34.38,14.0043,-1.0,-1.0,-1.0,-1.0,-1.0
16.87,0.0,0.031676352024078355,0.95097772109375,4,205.157,-0.024271,0.00385519,157.69,157.452,173.807,173.041,0.568548,691.1,-0.0485299,14581.4,0.0,3.48685,6.86889,9.87905,14.5824,20.5258,25.8145,29.9376,34.8072,39.3873,44.0852,46.9834,49.2927,52.0499,54.8085,59.3253,66.9485,77.4269,34.7019,14.1201,-1.0,-1.0,-1.0,-1.0,-1.0
16.892,0.0,0.023757264018058766,0.9681355187109375,4,201.998,-0.0891026,0.0598553,149.036,148.763,170.403,169.546,0.578883,692.332,-0.0518563,14291.2,0.0,3.39346,6.67464,9.59515,14.1533,19.9039,25.0128,28.9898,33.6809,38.0868,42.6932,45.5635,47.8485,50.5775,53.3092,57.7868,65.359,75.8018,35.0136,14.2334,-1.0,-1.0,-1.0,-1.0,-1.0
16.914,0.0,0.017817948013544076,0.9792880871621094,4,198.812,-0.132972,0.120286,139.725,139.328,167.19,166.24,0.589661,693.544,-0.0550512,14017.5,0.0,3.29856,6.48444,9.31804,13.7363,19.3029,24.2413,28.0812,32.6057,36.85,41.3487,44.1833,46.4407,49.1387,51.8418,56.2781,63.7965,74.2011,35.3146,14.3443,-1.0,-1.0,-1.0,-1.0,-1.0
16.936,0.0,0.013363461010158057,0.9865372566553711,4,195.565,-0.159302,0.22197,130.864,130.418,163.976,162.993,0.600866,694.736,-0.0581377,13745.1,0.0,3.20503,6.29798,9.04715,13.3305,18.7212,23.4982,27.2091,31.5776,35.6717,40.0509,42.8422,45.0688,47.7333,50.4061,54.7991,62.2616,72.6253,35.6051,14.4529,-1.0,-1.0,-1.0,-1.0,-1.0
16.958,0.0,0.010022595757618543,0.9912492168259912,4,192.365,-0.175119,0.298178,120.995,120.5,160.74,159.691,0.612241,695.917,-0.0586818,13470.0,0.0,3.11302,6.11509,8.78207,12.9346,18.1561,22.7788,26.3669,30.5876,34.5402,38.793,41.5354,43.7288,46.3579,48.9991,53.3472,60.752,71.0726,35.8868,14.5593,-1.0,-1.0,-1.0,-1.0,-1.0
16.98,0.0,0.007516946818213907,0.9943119909368943,4,189.169,-0.178717,0.411065,110.116,109.598,158.258,157.124,0.623457,697.08,-0.0588496,13260.7,0.0,3.02253,5.9358,8.52286,12.549,17.6081,22.0839,25.556,29.6378,33.4582,37.5772,40.2648,42.4224,45.014,47.6222,51.9238,59.2689,69.5441,36.1581,14.6633,-1.0,-1.0,-1.0,-1.0,-1.0
17.002,-0.12,0.005637710113660431,0.9963027941089813,4,186.067,-0.177505,0.498448,98.2242,97.7096,155.333,154.269,0.634518,698.224,-0.0589922,13014.4,0.0,2.93337,5.75944,8.2682,12.1709,17.072,21.4054,24.7653,28.7137,32.4071,36.3911,39.0211,41.1416,43.6949,46.2693,50.5236,57.8078,68.0362,36.4691,14.7656,-1.0,-1.0,-1.0,-1.0,-1.0
17.024,-0.1625,0.0042282825852453226,0.9975968161708378,4,183.061,-0.190451,0.523903,85.2946,84.7871,152.046,150.963,0.645398,699.349,-0.0587638,12736.4,0.0,2.84663,5.59108,8.02874,11.8233,16.593,20.8144,24.09,27.9422,31.5486,35.3532,37.8941,39.9633,42.467,44.9999,49.1982,56.4125,66.5854,36.9556,14.86,-1.0,-1.0,-1.0,-1.0,-1.0
17.046,-0.1625,0.003171211938933992,0.9984379305110446,4,180.117,-0.0941959,0.506238,71.4834,71.0001,148.698,147.594,0.656033,700.456,-0.0577591,12453.8,0.0,2.76373,5.43668,7.81652,11.532,16.2215,20.3895,23.6353,27.4656,31.0642,34.579,36.9781,38.9704,41.4038,43.8807,48.0067,55.1333,65.2347,37.6518,14.9392,-1.0,-1.0,-1.0,-1.0,-1.0
17.068,-0.1625,0.002378408954200494,0.998984654832179,4,177.161,0.0818234,0.501515,58.0535,57.4965,145.413,144.28,0.666408,701.545,-0.056311,12176.3,0.0,2.68382,5.29137,7.62107,11.2739,15.9118,20.06,23.3075,27.1589,30.7968,33.9233,36.1718,38.0791,40.4343,42.849,46.8952,53.9259,63.9474,38.8953,15.0084,-1.0,-1.0,-1.0,-1.0,-1.0
17.09,-0.1625,0.0017838067156503705,0.9993400256409164,4,174.186,0.267671,0.513677,45.0101,44.4819,142.179,140.985,0.676531,702.616,-0.054798,11901.8,0.0,2.60591,5.14988,7.43113,11.0243,15.6153,19.7493,23.0041,26.8854,30.4997,33.2612,35.3773,37.2052,39.4854,41.8394,45.8069,52.7418,62.6833,74.5343,15.0741,1.94865,1.94589,1.94373,1.94217,1.9412
17.112,-0.1625,0.001337855036737778,0.6495710166665957,4,171.229,0.420398,0.525024,31.8238,31.3256,139.038,137.746,0.686405,703.669,-0.0534833,11633.6,0.0,2.52934,5.00886,7.23947,10.7669,15.2993,19.4049,22.6537,26.5469,30.0135,32.5301,34.5385,36.2979,38.5111,40.8097,44.704,51.5489,61.4146,73.2388,15.1407,-1.0,-1.0,-1.0,-1.0,-1.0
17.134,-0.1625,0.0010033912775533334,0.4222211608332872,4,168.296,0.496239,0.623454,31.5778,31.1596,141.559,140.358,0.696041,704.704,-0.052563,11865.5,0.0,2.45365,4.86601,7.04111,10.4905,14.9402,18.988,22.2028,26.0689,29.3463,31.6969,33.6216,35.3249,37.4811,39.7316,43.5606,50.3237,60.1208,71.9242,15.2116,-1.0,-1.0,-1.0,-1.0,-1.0
17.156,-0.1625,0.000752543458165,0.2744437545416367,4,165.755,0.450498,0.705768,39.583,39.2794,142.826,142.254,0.705431,705.722,-0.0522884,11991.1,0.0,2.37845,4.71889,6.8306,10.1823,14.511,18.4539,21.5888,25.3629,28.4729,30.7197,32.5852,34.2463,36.358,38.5691,42.3435,49.036,58.7747,70.5662,15.2911,-1.0,-1.0,-1.0,-1.0,-1.0
17.178,-0.1665979545454546,0.00056440759362375,0.17838844045206387,4,163.613,0.33254,0.749851,52.2314,52.0367,142.307,141.887,0.714599,706.726,-0.0524491,11951.5,0.0,2.30408,4.5702,6.61401,9.85637,14.0409,17.8497,20.876,24.5171,27.4869,29.6597,31.4789,33.1054,35.1791,37.356,41.0814,47.7098,57.3957,69.1801,15.3761,-1.0,-1.0,-1.0,-1.0,-1.0
17.2,-0.17220272727272726,0.00042330569521781253,0.11595248629384153,4,161.716,0.209349,0.761997,67.223,67.1186,141.324,140.943,0.723564,707.718,-0.0526207,11870.6,0.0,2.23137,4.42477,6.40217,9.5375,13.5809,17.2583,20.1782,23.6889,26.5183,28.6161,30.388,31.9791,34.0139,36.1556,39.831,46.3938,56.0254,67.8009,15.4594,-1.0,-1.0,-1.0,-1.0,-1.0
17.222,-0.17731113636363638,0.0003174792714133594,0.425369116090997,4,159.987,0.119546,0.752931,83.3989,83.3339,140.172,139.884,0.732328,708.699,-0.0524352,11777.9,0.0,2.16098,4.28644,6.20347,9.24479,13.1702,16.7433,19.5824,22.9985,25.6611,27.6656,29.3802,30.9292,32.9189,35.0205,38.6397,45.1299,54.7001,66.4602,15.5348,-1.0,-1.0,-1.0,-1.0,-1.0
17.244,-0.18280954545454547,0.00023810945356001956,0.6264899254591481,4,158.126,0.0963537,0.73489,87.1668,87.1603,136.418,136.236,0.740864,709.67,-0.0515869,11463.9,0.0,2.09367,4.15849,6.02473,8.99327,12.8389,16.3533,19.1555,22.5384,24.9746,26.8622,28.5053,30.0028,31.9381,33.9923,37.546,43.9526,53.4511,65.1854,15.5967,-1.0,-1.0,-1.0,-1.0,-1.0
17.266,-0.18894022727272727,0.00017858209017001468,0.7572184515484462,4,156.051,0.158148,0.697078,82.779,82.844,132.755,132.623,0.749132,710.628,-0.0500672,11156.0,0.0,2.02966,4.04105,5.86589,8.78236,12.5861,16.0876,18.897,22.2754,24.4302,26.191,27.7542,29.1936,31.0675,33.0682,36.5488,42.8625,52.2801,63.9793,15.6444,-1.0,-1.0,-1.0,-1.0,-1.0
17.288,-0.1955584090909091,0.000133936567627511,0.8421919935064901,4,153.811,0.283676,0.6642,73.4948,73.6543,129.237,129.05,0.757111,711.573,-0.0481141,10857.7,0.0,1.96858,3.93165,5.7214,8.59957,12.3866,15.9064,18.7543,22.0294,23.9512,25.5917,27.0753,28.4554,30.266,32.2113,35.6155,41.8317,51.1635,62.8222,15.682,-1.0,-1.0,-1.0,-1.0,-1.0
17.31,-0.20257545454545453,0.00010045242572063325,0.5474247957792187,4,151.436,0.430475,0.660767,61.5869,61.8806,125.72,125.491,0.764813,712.504,-0.0460542,10557.3,0.0,1.90973,3.82675,5.58367,8.42789,12.2061,15.7549,18.6528,21.7209,23.4635,24.9993,26.4099,27.7341,29.4838,31.375,34.7039,40.8232,50.0688,61.6861,15.7151,-1.0,-1.0,-1.0,-1.0,-1.0
17.332,-0.20949500000000001,7.533931929047494e-05,0.35582611725649216,4,149.094,0.549465,0.657744,61.4739,61.9012,126.138,125.913,0.772227,713.42,-0.0441273,10602.1,0.0,1.85279,3.7242,5.44784,8.2559,12.0203,15.5923,18.5354,21.3252,22.9292,24.3761,25.7216,26.9948,28.6879,30.528,33.7848,39.8101,48.9722,60.5499,15.7479,-1.0,-1.0,-1.0,-1.0,-1.0
17.354,-0.21574090909090912,5.6504489467856206e-05,0.2312869762167199,4,146.98,0.590311,0.660413,68.8313,69.4003,126.552,126.469,0.779348,714.323,-0.0424641,10642.1,0.0,1.7976,3.62305,5.31161,8.07783,11.8162,15.3959,18.3597,20.8434,22.3367,23.7074,24.9951,26.222,27.8627,29.6547,32.8429,38.7781,47.8598,59.4008,15.7825,-1.0,-1.0,-1.0,-1.0,-1.0
17.376,-0.22124522727272733,4.237836710089216e-05,0.15033653454086793,4,145.117,0.562572,0.670717,80.4832,81.2078,126.068,126.167,0.786147,715.214,-0.0409082,10607.8,0.0,1.74471,3.52539,5.17927,7.90295,11.6125,15.1955,18.0851,20.323,21.7213,23.0233,24.2575,25.4404,27.0308,28.7763,31.8974,37.7438,46.7458,58.2509,15.816,-1.0,-1.0,-1.0,-1.0,-1.0
17.398,-0.22619113636363633,3.178377532566912e-05,0.09771874745156416,4,143.443,0.511819,0.685303,94.2953,95.2091,124.945,125.637,0.792576,716.095,-0.0389121,10538.2,0.0,1.69538,3.43697,5.06311,7.75953,11.4693,15.0942,17.8293,19.8597,21.1685,22.4032,23.5838,24.7224,26.2615,27.9592,31.011,36.7648,45.6832,57.1476,15.8387,-1.0,-1.0,-1.0,-1.0,-1.0
17.42,-0.23060818181818182,2.383783149425184e-05,0.0635171858435167,4,141.948,0.485755,0.686136,108.347,109.485,123.829,124.818,0.798536,716.965,-0.0355933,10457.1,0.0,1.65174,3.367,4.98286,7.69373,11.4891,15.2733,17.7338,19.5735,20.7927,21.958,23.0822,24.1736,25.6577,27.3037,30.2802,35.9327,44.7569,56.1689,15.8346,-1.0,-1.0,-1.0,-1.0,-1.0
17.442,-0.23427772727272733,1.7878373620688882e-05,0.04128617079828586,4,140.706,0.50492,0.675447,120.092,121.555,122.597,124.166,0.803808,717.828,-0.0296229,10378.7,0.0,1.61754,3.33065,4.97125,7.7847,11.8578,15.8619,17.9493,19.6119,20.7407,21.8336,22.8977,23.9381,25.362,26.9508,29.8432,35.3806,44.0936,55.4319,15.7801,-1.0,-1.0,-1.0,-1.0,-1.0
17.464,-0.23660590909090906,1.3408780215516662e-05,0.02683601101888581,4,139.918,0.722299,0.656754,125.164,127.311,121.425,123.938,0.80803,718.685,-0.0193132,10321.2,0.0,1.59835,3.35058,5.0794,8.1681,12.9406,16.8038,18.6158,20.1216,21.1643,22.1853,23.1881,24.1755,25.5356,27.0627,29.8624,35.2695,43.8486,55.0823,15.6467,-1.0,-1.0,-1.0,-1.0,-1.0
17.486,-0.23804772727272727,1.0056585161637497e-05,0.017443407162275777,4,139.43,1.30418,0.622979,125.716,128.641,120.57,123.924,0.810925,719.538,-0.00500137,10285.4,0.0,1.59639,3.43468,5.33104,8.94454,14.7227,17.9675,19.5926,20.9763,21.9473,22.9062,23.8545,24.7932,26.0934,27.5615,30.2697,35.5427,43.9755,55.0815,15.4436,-1.0,-1.0,-1.0,-1.0,-1.0
17.508,-0.239265,7.542438871228123e-06,0.011338214655479255,4,139.018,2.08459,0.587416,125.466,128.881,119.998,123.829,0.81233,720.388,0.0115568,10257.6,0.0,1.61116,3.57898,5.72763,10.2003,16.2542,19.146,20.6462,21.9412,22.8575,23.7672,24.6711,25.5694,26.8187,28.2351,30.8612,36.0085,44.2969,55.2678,15.2035,-1.0,-1.0,-1.0,-1.0,-1.0
17.53,-0.24042022727272724,5.656829153421092e-06,0.007369839526061516,4,138.627,2.88614,0.555815,125.136,128.777,119.57,123.601,0.812151,721.237,0.0290019,10230.0,0.0,1.64227,3.78204,6.28049,12.0372,17.5588,20.2366,21.6502,22.8799,23.7543,24.6257,25.4942,26.3598,27.5667,28.9394,31.4943,36.5286,44.6813,55.5198,14.9494,-1.0,-1.0,-1.0,-1.0,-1.0
17.552,-0.24156068181818177,4.242621865065819e-06,0.004790395691939986,4,138.241,3.62226,0.530371,124.818,128.525,119.211,123.291,0.810284,722.083,0.0466134,10201.9,0.0,1.69039,4.04861,7.02184,13.6347,18.6797,21.2116,22.5611,23.7407,24.5824,25.4232,26.2629,27.1013,28.273,29.6087,32.1017,37.0352,45.0626,55.7752,14.6921,-1.0,-1.0,-1.0,-1.0,-1.0
17.574,-0.24270409090909084,3.1819663987993645e-06,0.0031137571997609907,4,137.854,4.27008,0.512237,124.481,128.185,118.865,122.941,0.806666,722.926,0.064141,10172.6,0.0,1.7567,4.38907,8.01175,14.9082,19.6564,22.0803,23.3799,24.5196,25.3345,26.15,26.9657,27.7815,28.9231,30.2267,32.6655,37.5083,45.4201,56.0139,14.4347,-1.0,-1.0,-1.0,-1.0,-1.0
17.596,-0.24385636363636365,2.3864747990995235e-06,0.0020239421798446443,4,137.464,4.86249,0.48241,124.149,127.838,118.514,122.586,0.801243,723.767,0.0815784,10142.9,0.0,1.84281,4.81959,9.32034,15.9876,20.5256,22.8647,24.1239,25.2305,26.0231,26.8172,27.6124,28.4085,29.524,30.7995,33.19,37.9505,45.7551,56.2364,14.1817,-1.0,-1.0,-1.0,-1.0,-1.0
17.618,-0.24501454545454548,1.7898560993246426e-06,0.001315562416899019,4,137.072,5.39344,0.43579,123.812,127.451,118.181,122.204,0.793986,724.606,0.0987212,10112.8,0.0,1.94975,5.35586,10.5299,16.9158,21.2926,23.5623,24.7874,25.8659,26.6393,27.4148,28.1922,28.9711,30.0634,31.3139,33.661,38.3464,46.0512,56.4266,13.9378,-1.0,-1.0,-1.0,-1.0,-1.0
17.64,-0.24618454545454552,1.342392074493482e-06,0.0008551155709843623,4,136.676,5.84777,0.402327,123.463,127.061,117.84,121.834,0.784897,725.441,0.115699,10082.9,0.0,2.07912,6.02416,11.5565,17.7377,21.9846,24.1957,25.3916,26.4457,27.2023,27.9615,28.723,29.4865,30.5583,31.7862,34.0939,38.7099,46.3212,56.5963,13.7012,-1.0,-1.0,-1.0,-1.0,-1.0
17.662,-0.24737227272727275,1.0067940558701114e-06,0.0005558251211398355,4,136.274,6.25711,0.380794,123.072,126.665,117.47,121.471,0.77392,726.273,0.132719,10051.9,0.0,2.23356,6.84639,12.4678,18.4914,22.6309,24.7918,25.9623,26.9948,27.7364,28.4811,29.2285,29.9783,31.0313,32.2387,34.5102,39.0618,46.5848,56.7634,13.4686,-1.0,-1.0,-1.0,-1.0,-1.0
17.684,-0.24858363636363634,7.550955419025835e-07,0.00036128632874089307,4,135.864,6.75448,0.311556,122.639,126.306,116.993,121.125,0.761074,727.102,0.150274,10017.4,0.0,2.41633,7.66449,13.3218,19.2259,23.2773,25.3954,26.5438,27.5576,28.2861,29.0179,29.7527,30.4901,31.5263,32.7152,34.9535,39.4452,46.8838,56.9677,13.2346,-1.0,-1.0,-1.0,-1.0,-1.0
17.706,-0.24983636363636363,5.663216564269376e-07,0.0002348361136815805,4,135.44,7.27195,0.275046,122.199,125.979,116.56,120.824,0.746349,727.927,0.16843,9986.55,0.0,2.63049,8.44145,14.1405,19.9543,23.933,26.0146,27.1439,28.1412,28.8581,29.5786,30.3022,31.0286,32.0496,33.2215,35.4296,39.8655,47.2234,57.2141,12.9986,-1.0,-1.0,-1.0,-1.0,-1.0
17.728,-0.25110977272727275,4.247412423202032e-07,0.00015264347389302733,4,135.009,7.76868,0.261533,121.753,125.6,116.151,120.477,0.729694,728.749,0.18681,9954.66,0.0,2.87826,9.17742,14.9155,20.6556,24.5722,26.6218,27.7341,28.7167,29.4233,30.1335,30.847,31.5633,32.5705,33.727,35.907,40.2908,47.5717,57.472,12.7646,-1.0,-1.0,-1.0,-1.0,-1.0
17.75,-0.25240681818181826,3.185559317401524e-07,9.921825803046777e-05,4,134.57,8.22388,0.261794,121.319,125.181,115.761,120.095,0.711093,729.566,0.20516,9922.14,0.0,3.16193,9.87176,15.6415,21.3178,25.1794,27.2002,28.2972,29.2665,29.9636,30.6644,31.3685,32.0756,33.0702,34.2123,36.3662,40.701,47.9086,57.7219,12.5352,-1.0,-1.0,-1.0,-1.0,-1.0
17.772,-0.2537127272727273,2.389169488051143e-07,6.449186771980405e-05,4,134.128,8.61772,0.272065,120.899,124.734,115.39,119.686,0.690519,730.379,0.223277,9889.31,0.0,3.4674,10.5231,16.3146,21.9321,25.7432,27.7375,28.8203,29.7772,30.4656,31.1576,31.8531,32.5516,33.5342,34.6629,36.7923,41.0807,48.2184,57.9485,12.3118,-1.0,-1.0,-1.0,-1.0,-1.0
17.794,-0.25502454545454545,1.7918771160383572e-07,4.1919714017872635e-05,4,133.684,8.94968,0.277001,120.492,124.272,115.033,119.257,0.667973,731.188,0.240998,9856.27,0.0,3.76666,11.1294,16.9312,22.4915,26.2551,28.2244,29.2938,30.239,30.9191,31.6029,32.2901,32.9804,33.9517,35.0677,37.1738,41.418,48.4889,58.14,12.0956,-1.0,-1.0,-1.0,-1.0,-1.0
17.816,-0.25631863636363633,1.343907837028768e-07,2.7247814111617216e-05,4,133.246,9.20439,0.261888,120.12,123.784,114.708,118.799,0.643488,731.992,0.258005,9823.31,0.0,4.05671,11.6811,17.4772,22.9778,26.6946,28.6395,29.6959,30.6297,31.3018,31.9775,32.6568,33.3393,34.2996,35.4033,37.4869,41.6887,48.6961,58.273,11.8895,-1.0,-1.0,-1.0,-1.0,-1.0
17.838,-0.25760090909090905,1.0079308777715759e-07,1.7711079172551192e-05,4,132.812,9.35804,0.240103,119.761,123.285,114.398,118.335,0.617387,732.759,0.265504,9790.77,0.0,4.33664,12.179,17.9548,23.3926,27.0626,28.9833,30.027,30.9497,31.6137,32.2817,32.9532,33.628,34.5777,35.6693,37.7312,41.8919,48.8386,58.3459,11.6933,-1.0,-1.0,-1.0,-1.0,-1.0
17.86,-0.25887136363636365,7.55948158328682e-08,1.1512201462158275e-05,4,132.382,9.42736,0.215138,119.399,122.794,114.085,117.887,0.591358,733.495,0.26451,9758.72,0.0,4.60683,12.6313,18.3769,23.7504,27.374,29.2713,30.3023,31.2141,31.8705,32.5308,33.1947,33.862,34.8013,35.8814,37.9221,42.0428,48.9312,58.3728,11.505,-1.0,-1.0,-1.0,-1.0,-1.0
17.882,-0.26013590909090906,5.669611187465115e-08,7.482930950402879e-06,4,131.954,9.50716,0.157724,119.02,122.342,113.705,117.465,0.565636,734.233,0.263381,9725.0,0.0,4.87026,13.0578,18.7719,24.0844,27.664,29.5387,30.5578,31.4592,32.1082,32.7612,33.4179,34.0779,35.0073,36.0762,38.0965,42.1787,49.0107,58.3887,11.3202,-1.0,-1.0,-1.0,-1.0,-1.0
17.904,-0.2614152272727273,4.2522083905988365e-08,4.863905117761872e-06,4,131.521,9.59259,0.115716,118.61,121.936,113.311,117.106,0.540251,734.97,0.262462,9693.35,0.0,5.12919,13.4728,19.1604,24.418,27.9573,29.8111,30.819,31.7108,32.3529,32.999,33.6488,34.3022,35.2222,36.2805,38.2814,42.3266,49.1041,58.4195,11.1359,-1.0,-1.0,-1.0,-1.0,-1.0
17.926,-0.26270045454545454,3.189156292949127e-08,3.161538326545217e-06,4,131.086,9.65225,0.0977062,118.196,121.535,112.939,116.742,0.515163,735.708,0.2616,9662.39,0.0,5.38319,13.8729,19.5356,24.7423,28.2439,30.0782,31.0757,31.9582,32.5937,33.2334,33.8768,34.5236,35.4347,36.4829,38.4651,42.4748,49.1994,58.4537,10.9533,-1.0,-1.0,-1.0,-1.0,-1.0
17.948,-0.2639827272727273,2.3918672197118455e-08,2.054999912254391e-06,4,130.652,9.68296,0.0935955,117.785,121.123,112.575,116.365,0.490376,736.445,0.260714,9631.26,0.0,5.63162,14.2553,19.8932,25.0517,28.5175,30.3331,31.3206,32.1943,32.8237,33.457,34.0942,34.7349,35.6374,36.6758,38.6399,42.6154,49.2889,58.4837,10.7733,-1.0,-1.0,-1.0,-1.0,-1.0
17.97,-0.2652620454545455,1.793900414783884e-08,1.3357499429653542e-06,4,130.219,9.68098,0.0993386,117.385,120.706,112.221,115.981,0.465822,737.183,0.259709,9600.17,0.0,5.87451,14.6189,20.2306,25.3422,28.7735,30.571,31.5487,32.4141,33.0373,33.6646,34.2958,34.9305,35.8246,36.8535,38.8002,42.7424,49.3661,58.5032,10.5961,-1.0,-1.0,-1.0,-1.0,-1.0
17.992,-0.2665325,1.3454253110879131e-08,8.682374629274803e-07,4,129.789,9.64399,0.110657,116.996,120.286,111.875,115.59,0.441504,737.921,0.258509,9569.19,0.0,6.11137,14.9623,20.5459,25.611,29.0085,30.7885,31.7568,32.6138,33.2312,33.8527,34.4779,35.1067,35.9926,37.0123,38.942,42.8518,49.427,58.5081,10.4222,-1.0,-1.0,-1.0,-1.0,-1.0
18.014,-0.2677911363636364,1.009068983315935e-08,5.643543509028622e-07,4,129.363,9.57369,0.123607,116.613,119.864,111.534,115.198,0.417409,738.658,0.257087,9538.37,0.0,6.34203,15.2856,20.8385,25.8574,29.2217,30.9844,31.9435,32.7924,33.404,34.0196,34.6391,35.2621,36.14,37.1506,39.0637,42.9419,49.4699,58.4965,10.2516,-1.0,-1.0,-1.0,-1.0,-1.0
18.036,-0.26903795454545454,7.568017374869513e-09,3.6683032808686046e-07,4,128.941,9.4777,0.134099,116.239,119.447,111.195,114.808,0.393545,739.396,0.255458,9507.7,0.0,6.56657,15.59,21.1101,26.0831,29.4147,31.1606,32.1105,32.9515,33.5573,34.1673,34.781,35.3984,36.2685,37.2703,39.1671,43.0143,49.4962,58.4699,10.0841,-1.0,-1.0,-1.0,-1.0,-1.0
18.058,-0.2702729545454546,5.6760130311521346e-09,2.384397132564593e-07,4,128.523,9.36568,0.139684,115.87,119.041,110.854,114.426,0.369898,740.134,0.253687,9477.27,0.0,6.78545,15.8779,21.3641,26.2917,29.5912,31.3204,32.2614,33.0945,33.6948,34.2992,34.9074,35.5192,36.3816,37.3748,39.2556,43.0726,49.5093,58.4315,9.91932,-1.0,-1.0,-1.0,-1.0,-1.0
18.08,-0.27149613636363634,4.2570097733641005e-09,1.5498581361669856e-07,4,128.109,9.24213,0.141374,115.503,118.643,110.514,114.051,0.346478,740.871,0.251804,9447.19,0.0,6.99896,16.1514,21.603,26.4859,29.7542,31.4671,32.3993,33.2248,33.8196,34.4184,35.0213,35.6278,36.4827,37.4673,39.3326,43.12,49.5125,58.3843,9.75686,-1.0,-1.0,-1.0,-1.0,-1.0
18.102,-0.2727075,3.1927573300230754e-09,1.0074077885085406e-07,4,127.699,9.10964,0.140423,115.138,118.254,110.174,113.683,0.323279,741.609,0.249822,9417.46,0.0,7.20742,16.4123,21.8289,26.668,29.9056,31.6027,32.5264,33.3443,33.9338,34.5274,35.1249,35.7261,36.5737,37.55,39.4001,43.1586,49.5078,58.3304,9.59649,4.14799,4.1631,4.17948,4.19716,4.21616
18.124,-0.2739070454545454,2.3945679975173064e-09,6.548150625305514e-08,4,127.293,8.9697,0.138043,114.772,117.869,109.838,113.324,0.300315,742.347,0.247767,9388.21,0.0,7.41104,16.6617,22.0434,26.8399,30.0477,31.7292,32.6445,33.4552,34.0395,34.6279,35.2202,35.8163,36.6567,37.625,39.4603,43.1904,49.4973,58.2717,9.43806,-1.0,-1.0,-1.0,-1.0,-1.0
18.146,-0.27509772727272724,1.7959259981379798e-09,4.256297906448585e-08,4,126.89,8.82456,0.135237,114.409,117.493,109.504,112.97,0.277571,743.084,0.24566,9359.31,0.0,7.61023,16.9012,22.2484,27.0033,30.182,31.8483,32.7556,33.5591,34.1384,34.7218,35.309,35.9001,36.7336,37.694,39.5147,43.2171,49.4826,58.2097,9.28129,-1.0,-1.0,-1.0,-1.0,-1.0
18.168,-0.2762795454545455,1.346944498603485e-09,2.7665936391915802e-08,4,126.49,8.67628,0.132699,114.048,117.124,109.171,112.623,0.255051,743.822,0.243552,9330.69,0.0,7.80528,17.1321,22.4455,27.16,30.3104,31.9621,32.8614,33.6581,34.2324,34.8108,35.3932,35.9794,36.8061,37.7588,39.5654,43.2407,49.4656,58.1462,9.12601,-1.0,-1.0,-1.0,-1.0,-1.0
18.19,-0.2774495454545455,1.0102083739526136e-09,1.7982858654745272e-08,4,126.094,8.52741,0.130838,113.69,116.761,108.838,112.281,0.232749,744.559,0.241451,9302.31,0.0,7.99649,17.3557,22.636,27.3115,30.4344,32.0718,32.9636,33.7535,34.323,34.8967,35.4744,36.0558,36.8759,37.8211,39.6139,43.2628,49.4479,58.0828,8.97206,-1.0,-1.0,-1.0,-1.0,-1.0
18.212,-0.2786106818181818,7.576562804644603e-10,1.1688858125584427e-08,4,125.701,8.38087,0.129766,113.332,116.405,108.505,111.944,0.210659,745.297,0.23937,9274.13,0.0,8.1843,17.5733,22.8216,27.4594,30.5558,32.1795,33.0638,33.8473,34.4121,34.9812,35.5543,36.1311,36.9448,37.8827,39.6621,43.2851,49.4313,23.2193,8.81922,-1.0,-1.0,-1.0,-1.0,-1.0
18.234,-0.2797629545454545,5.682422103483452e-10,7.597757781629879e-09,4,125.311,8.23938,0.129434,112.972,116.051,108.171,111.613,0.188783,746.034,0.237335,9246.13,0.0,8.36904,17.7861,23.0038,27.6054,30.6763,32.2867,33.1639,33.9411,34.5015,35.0661,35.6347,36.2071,37.0145,37.9454,39.7117,43.3096,49.4176,21.9892,8.6673,-1.0,-1.0,-1.0,-1.0,-1.0
18.256,-0.2809093181818182,4.261816577612589e-10,4.938542558059422e-09,4,124.923,8.10603,0.129624,112.614,115.705,107.836,111.285,0.167119,746.772,0.235367,9218.27,0.0,8.55107,17.9953,23.1839,27.7508,30.7973,32.395,33.2652,34.0364,34.5925,35.1528,35.717,36.2851,37.0865,38.0106,39.7642,43.3376,49.4083,21.068,8.51618,-1.0,-1.0,-1.0,-1.0,-1.0
18.278,-0.2820497727272728,3.196362433209442e-10,3.210052662738624e-09,4,124.537,7.98278,0.130113,112.258,115.363,107.501,110.962,0.14566,747.509,0.233509,9190.55,0.0,8.73067,18.2017,23.3627,27.8966,30.9197,32.5052,33.3688,34.1342,34.6861,35.2421,35.8022,36.3661,37.1617,38.0792,39.8205,43.3701,49.4043,20.2808,8.36573,-1.0,-1.0,-1.0,-1.0,-1.0
18.3,-0.28318136363636365,2.3972718249070815e-10,2.0865342307801056e-09,4,124.154,7.87115,0.130666,111.902,115.026,107.166,110.641,0.124402,748.246,0.23176,9162.94,0.0,8.90814,18.4061,23.5413,28.0437,31.0446,32.6183,33.4756,34.2353,34.7833,35.3353,35.8914,36.4513,37.2412,38.1523,39.8818,43.4083,49.4068,19.5721,8.21588,-1.0,-1.0,-1.0,-1.0,-1.0
18.322,-0.2843070454545455,1.797953868680311e-10,1.3562472500070688e-09,4,123.773,7.77188,0.131126,111.547,114.691,106.83,110.322,0.10334,748.983,0.230113,9135.44,0.0,9.08371,18.6088,23.7198,28.1926,31.1722,32.7347,33.5859,34.3402,34.8843,35.4325,35.9847,36.5407,37.3253,38.2302,39.9481,43.4522,49.4159,18.9176,8.06659,-1.0,-1.0,-1.0,-1.0,-1.0
18.344,-0.28542681818181814,1.3484654015102333e-10,8.815607125045947e-10,4,123.394,7.68525,0.131386,111.192,114.358,106.495,110.006,0.0824757,749.72,0.228577,9108.04,0.0,9.25751,18.8105,23.8989,28.3436,31.303,32.8547,33.7001,34.4493,34.9897,35.5342,36.0826,36.6349,37.4143,38.3132,40.02,43.5023,49.4321,18.3034,7.91787,-1.0,-1.0,-1.0,-1.0,-1.0
18.366,-0.28654363636363633,1.011349051132675e-10,5.730144631279866e-10,4,123.016,7.61118,0.131431,110.838,114.027,106.161,109.691,0.0618019,750.457,0.227149,9080.72,0.0,9.42969,19.0112,24.0786,28.4967,31.4368,32.9783,33.8182,34.5624,35.0993,35.6402,36.1851,36.7338,37.5081,38.4012,40.0973,43.5585,49.4551,17.7212,7.7697,-1.0,-1.0,-1.0,-1.0,-1.0
18.388,-0.2876545454545455,7.585117883495063e-11,3.724594010331913e-10,4,122.64,7.54905,0.131291,110.482,113.694,105.827,109.377,0.0413144,751.194,0.225865,9053.48,0.0,9.60042,19.2114,24.2592,28.6523,31.5741,33.1059,33.9404,34.6799,35.2133,35.7508,36.2923,36.8375,37.607,38.4946,40.1803,43.621,49.4852,17.1653,7.62205,-1.0,-1.0,-1.0,-1.0,-1.0
18.41,-0.2887595454545454,5.688838412621297e-11,2.420986106715743e-10,4,122.266,7.499,0.131016,110.127,113.363,105.494,109.064,0.0210101,751.93,0.224709,9026.29,0.0,9.76989,19.4113,24.4411,28.8107,31.7152,33.2376,34.067,34.802,35.3321,35.8664,36.4045,36.9465,37.7113,38.5935,40.2692,43.6901,49.5227,16.6315,7.47495,-1.0,-1.0,-1.0,-1.0,-1.0
18.432,-0.28986454545454543,4.266628809465973e-11,1.5736409693652332e-10,4,121.892,7.46019,0.130697,109.774,113.033,105.161,108.752,0.000880559,752.667,0.223668,8999.15,0.0,9.93819,19.611,24.6242,28.9718,31.8598,33.3733,34.1978,34.9285,35.4555,35.9865,36.5216,37.0603,37.8206,38.6978,40.3638,43.7654,49.5672,16.1174,7.3284,-1.0,-1.0,-1.0,-1.0,-1.0
18.454,-0.2909665909090909,0.25000000003199974,1.0228666300874015e-10,4,121.519,7.4318,0.130405,109.421,112.704,104.828,108.441,-0.0190773,753.403,0.222739,8972.06,0.0,10.1054,19.8106,24.8086,29.1354,32.0078,33.5128,34.3327,35.0592,35.5832,36.1113,36.6432,37.1789,37.935,38.8071,40.4638,43.8468,49.6186,15.6208,7.18243,-1.0,-1.0,-1.0,-1.0,-1.0
18.476,-0.29201249999999995,0.4375000000239998,6.64863309556811e-11,4,121.165,7.3927,0.129844,109.076,112.341,107.918,107.918,-0.0388578,754.139,0.221592,9086.2,0.0,10.2678,19.9983,24.9791,29.2842,32.1405,33.6369,34.4521,35.1744,35.6954,36.2204,36.7493,37.2819,38.0336,38.9008,40.5482,43.9126,49.6547,15.1633,7.03892,-1.0,-1.0,-1.0,-1.0,-1.0
18.498,-0.29223409090909086,0.5781250000179998,4.321611512119272e-11,4,121.09,7.29267,0.131857,108.86,112.034,110.039,110.039,-0.0584901,754.876,0.219777,9262.83,0.0,10.4201,20.1574,25.1144,29.3935,32.2316,33.7185,34.5284,35.2462,35.7639,36.2856,36.8112,37.3405,38.0876,38.9495,40.587,43.9321,49.644,14.7691,6.90016,-1.0,-1.0,-1.0,-1.0,-1.0
18.52,-0.2919002272727273,0.6835937500134999,2.8090474828775267e-11,4,121.203,7.18365,0.134674,108.826,111.912,111.696,111.696,-0.0779775,755.615,0.217432,9402.04,0.0,10.5641,20.2941,25.2224,29.4725,32.291,33.7676,34.572,35.285,35.7992,36.3175,36.8396,37.3655,38.1077,38.9641,40.5914,43.9167,49.5982,14.4186,6.76505,-1.0,-1.0,-1.0,-1.0,-1.0
18.542,-0.2911556818181818,0.7626953125101249,1.8258808638703924e-11,4,121.455,7.08435,0.137613,108.939,111.952,113.102,113.102,-0.0973034,756.357,0.21461,9520.15,0.0,10.7003,20.4108,25.3062,29.5248,32.3223,33.7882,34.5868,35.2948,35.8054,36.32,36.8385,37.3608,38.098,38.9488,40.5656,43.8706,49.5215,14.1034,6.63328,-1.0,-1.0,-1.0,-1.0,-1.0
18.564,-0.2901068181818182,0.8220214843825937,1.1868225615157552e-11,4,121.81,6.99174,0.139257,109.175,112.115,114.287,114.287,-0.116412,757.104,0.211276,9619.73,0.0,10.8278,20.5059,25.3644,29.5488,32.3241,33.7786,34.5712,35.2738,35.7806,36.2915,36.8063,37.3248,38.0568,38.9017,40.5076,43.7919,49.4119,13.8228,6.50529,-1.0,-1.0,-1.0,-1.0,-1.0
18.586,-0.2888275,0.8665161132869452,7.714346649852408e-12,4,122.243,6.89661,0.138227,109.506,112.369,115.326,115.326,-0.135258,757.855,0.207381,9707.13,0.0,10.9457,20.5779,25.3947,29.5422,32.2936,33.7362,34.5224,35.2194,35.7223,36.2292,36.7401,37.2547,37.9813,38.82,40.4148,43.6778,49.2682,13.5783,6.38158,-1.0,-1.0,-1.0,-1.0,-1.0
18.608,-0.2873827272727273,0.899887084965209,5.0143253224040655e-12,4,122.732,6.79708,0.133837,109.911,112.697,116.287,116.287,-0.153789,758.611,0.203006,9788.08,0.0,11.0541,20.6283,25.3996,29.5074,32.2338,33.6638,34.4433,35.1345,35.6333,36.1361,36.6429,37.1535,37.8745,38.707,40.2901,43.5314,49.1051,13.3662,6.26221,-1.0,-1.0,-1.0,-1.0,-1.0
18.63,-0.28581681818181814,0.9249153137239068,3.2593114595626427e-12,4,123.262,6.70285,0.126539,110.372,113.098,117.198,117.198,-0.171956,759.373,0.198268,9864.94,0.0,11.1544,20.6621,25.3854,29.4523,32.1529,33.57,34.3426,35.0279,35.5225,36.0212,36.5238,37.0303,37.7455,38.5715,40.143,43.3622,48.9338,13.1783,6.14672,-1.0,-1.0,-1.0,-1.0,-1.0
18.652,-0.2841740909090909,0.9436864852929301,2.1185524487157176e-12,4,123.818,6.63187,0.117774,110.865,113.563,118.096,118.096,-0.189725,760.14,0.193387,9940.63,0.0,11.249,20.6871,25.3622,29.3881,32.063,33.4672,34.2331,34.9124,35.4028,35.8973,36.3958,36.8981,37.6078,38.4274,39.9871,43.1844,48.7694,13.0028,6.03428,-1.0,-1.0,-1.0,-1.0,-1.0
18.674,-0.28248113636363636,0.9577648639696976,1.3770590916652163e-12,4,124.391,6.60548,0.110587,111.378,114.091,118.993,118.993,-0.207034,760.913,0.188607,10016.2,0.0,11.3402,20.7111,25.3399,29.3263,31.9765,33.3682,34.1275,34.8012,35.2875,35.7779,36.2724,36.7708,37.4749,38.2883,39.8367,43.0127,48.6296,12.8279,5.92415,-1.0,-1.0,-1.0,-1.0,-1.0
18.696,-0.2807586363636364,0.9683236479772732,8.950884095823907e-13,4,124.974,6.6451,0.106404,111.892,114.668,119.885,119.885,-0.223867,761.692,0.184177,10091.4,0.0,11.4309,20.7418,25.3284,29.2785,31.9055,33.2857,34.0389,34.7071,35.1897,35.6763,36.167,36.6617,37.3606,38.1681,39.7058,42.8615,48.5337,12.6411,5.81535,-1.0,-1.0,-1.0,-1.0,-1.0
18.718,-0.27902136363636365,0.9762427359829549,5.818074662285539e-13,4,125.562,6.76383,0.104737,112.394,115.271,120.762,120.762,-0.240206,762.477,0.180261,10165.2,0.0,11.5223,20.7834,25.3328,29.2505,31.8567,33.2264,33.9739,34.6373,35.1163,35.5995,36.0867,36.5779,37.2721,38.0742,39.602,42.7388,48.4957,12.4367,5.70748,-1.0,-1.0,-1.0,-1.0,-1.0
18.74,-0.2772781818181818,0.9821820519872162,3.781748530485601e-13,4,126.152,6.96319,0.105183,112.888,115.885,121.631,121.631,-0.256005,763.267,0.176844,10238.3,0.0,11.6144,20.8357,25.3532,29.2422,31.83,33.1902,33.9326,34.5916,35.0674,35.5475,36.0316,36.5197,37.2095,38.0067,39.5254,42.6448,48.5217,12.2161,5.60091,-1.0,-1.0,-1.0,-1.0,-1.0
18.762,-0.275535,0.9866365389904121,2.4581365448156407e-13,4,126.742,7.23549,0.107262,113.373,116.493,122.486,122.486,-0.271266,764.064,0.173891,10310.3,0.0,11.7069,20.8976,25.3878,29.2518,31.8232,33.1749,33.9128,34.5678,35.0408,35.518,35.9993,36.4846,37.1704,37.9632,39.4736,42.577,48.6152,11.9828,5.49588,-1.0,-1.0,-1.0,-1.0,-1.0
18.784,-0.27379772727272733,0.9899774042428091,1.5977887541301663e-13,4,127.33,7.56789,0.110407,113.849,117.081,123.337,123.337,-0.285967,764.867,0.171311,10381.9,0.0,11.7986,20.9657,25.4323,29.2743,31.831,33.1752,33.909,34.5604,35.0309,35.5055,35.9842,36.4669,37.1492,37.9378,39.4406,42.5307,48.775,11.7435,5.39311,-1.0,-1.0,-1.0,-1.0,-1.0
18.806,-0.2720752272727273,0.9924830531821068,1.0385626901846082e-13,4,127.913,7.94676,0.114057,114.323,117.65,124.172,124.172,-0.30009,765.675,0.16902,10452.2,0.0,11.8882,21.0362,25.482,29.3042,31.8475,33.1849,33.915,34.5631,35.0312,35.5034,35.9798,36.4602,37.1391,37.924,39.4198,42.5187,48.9987,11.5051,5.29332,-1.0,-1.0,-1.0,-1.0,-1.0
18.828,-0.27037045454545455,0.9943622898865802,6.750657486199952e-14,4,128.49,8.35859,0.11761,114.796,118.198,124.998,124.998,-0.313622,766.489,0.166911,10521.7,0.0,11.9745,21.1058,25.5326,29.3367,31.8677,33.1986,33.9252,34.5703,35.0362,35.5063,35.9805,36.4586,37.1345,37.9159,39.4052,42.5443,49.2842,11.2734,5.19714,-1.0,-1.0,-1.0,-1.0,-1.0
18.85,-0.26868340909090904,0.9957717174149351,4.387927366029969e-14,4,129.061,8.79237,0.120593,115.268,118.726,125.827,125.827,-0.326559,767.309,0.164882,10591.5,0.0,12.0565,21.1719,25.5807,29.3675,31.887,33.2118,33.9352,34.5774,35.0413,35.5093,35.9814,36.4575,37.1305,37.9086,39.3917,42.605,49.6303,11.0525,5.10502,-1.0,-1.0,-1.0,-1.0,-1.0
18.872,-0.26701704545454547,0.9968287880612013,2.8521527879194804e-14,4,129.625,9.24028,0.122777,115.734,119.232,126.663,126.663,-0.338873,768.135,0.162867,10661.9,0.0,12.1334,21.2321,25.6234,29.3937,31.9021,33.2212,33.9414,34.5809,35.0428,35.5088,35.9789,36.453,37.1233,37.8982,39.3763,42.6997,50.0374,10.8459,5.01749,-1.0,-1.0,-1.0,-1.0,-1.0
18.894,-0.26537431818181817,0.997621591045901,1.8538993121476622e-14,4,130.181,9.69731,0.124099,116.198,119.727,127.492,127.492,-0.350568,768.966,0.160829,10731.6,0.0,12.2049,21.2854,25.6594,29.4136,31.9112,33.2247,33.942,34.5788,35.0387,35.5029,35.9711,36.4433,37.1109,37.8828,39.3777,42.829,50.5087,10.6545,4.93466,-1.0,-1.0,-1.0,-1.0,-1.0
18.916,-0.26375227272727275,0.9982161932844258,1.2050345528959804e-14,4,130.73,10.1594,0.124729,116.66,120.21,128.316,128.316,-0.361617,769.802,0.158734,10800.9,0.0,12.2704,21.3306,25.6873,29.4255,31.9125,33.2205,33.9349,34.5691,35.0272,35.4895,35.9559,36.4263,37.0913,37.8619,39.404,42.9933,51.0479,10.4801,4.85692,-1.0,-1.0,-1.0,-1.0,-1.0
18.938,-0.2621509090909091,0.9986621449633193,7.832724593823874e-15,4,131.272,10.6228,0.124912,117.115,120.679,129.118,129.118,-0.372005,770.644,0.156559,10868.3,0.0,12.3295,21.367,25.706,29.4283,31.9048,33.2075,33.919,34.5507,35.007,35.4676,35.9322,36.4007,37.0648,37.8561,39.4559,43.1944,51.6605,10.3233,4.78441,-1.0,-1.0,-1.0,-1.0,-1.0
18.96,-0.26056727272727276,0.9989966087224895,5.091270985985519e-15,4,131.808,11.0843,0.124947,117.568,121.141,129.915,129.915,-0.381704,771.491,0.15428,10935.3,0.0,12.3818,21.3937,25.7144,29.4207,31.8869,33.1843,33.893,34.5222,34.9768,35.4355,35.8984,36.3684,37.0519,37.8722,39.5341,43.4338,52.3524,10.1855,4.71747,-1.0,-1.0,-1.0,-1.0,-1.0
18.982,-0.25900431818181824,0.9992474565418672,3.3093261408905873e-15,4,132.337,11.5406,0.125054,118.016,121.591,130.687,130.687,-0.390709,772.343,0.151872,11000.2,0.0,12.4271,21.4099,25.7117,29.4018,31.8576,33.1497,33.8555,34.4823,34.9352,35.3931,35.8641,36.3506,37.0592,37.9107,39.639,43.7131,53.1306,10.0672,4.65625,-1.0,-1.0,-1.0,-1.0,-1.0
19.004,-0.2574590909090909,0.9994355924064005,2.1510619915788818e-15,4,132.86,11.9884,0.12541,118.462,122.036,131.437,131.437,-0.398998,773.201,0.149346,11063.3,0.0,12.4651,21.4149,25.6969,29.3703,31.8156,33.1025,33.8055,34.4299,34.8871,35.3593,35.8472,36.3515,37.0868,37.9716,39.7712,44.0343,54.0029,9.96992,4.60101,-1.0,-1.0,-1.0,-1.0,-1.0
19.026,-0.2559315909090909,0.9995766943048003,1.3981902945262731e-15,4,133.377,12.424,0.12605,118.909,122.474,132.166,132.166,-0.406576,774.062,0.146656,11124.5,0.0,12.4953,21.408,25.6692,29.3254,31.76,33.0415,33.7424,34.3795,34.8527,35.3419,35.8478,36.3712,37.135,38.0553,39.9315,44.3994,54.9782,9.89447,4.55185,-1.0,-1.0,-1.0,-1.0,-1.0
19.048,-0.2544188636363636,0.9996825207286002,9.088236914420775e-16,4,133.889,12.8443,0.126918,119.35,122.902,132.887,132.887,-0.413421,774.929,0.143765,11185.2,0.0,12.5176,21.3884,25.6275,29.2659,31.6895,32.9666,33.684,34.3434,34.8336,35.3408,35.8658,36.4094,37.2035,38.1618,40.1204,44.8106,56.0668,9.84223,4.50902,-1.0,-1.0,-1.0,-1.0,-1.0
19.07,-0.252915,0.9997618905464501,5.907353994373504e-16,4,134.398,13.2472,0.127925,119.793,123.327,133.584,133.584,-0.419517,775.8,0.140656,11243.7,0.0,12.5316,21.3556,25.5712,29.1909,31.6032,32.8964,33.6385,34.3214,34.8297,35.356,35.9012,36.4663,37.2929,38.2919,40.3389,45.2706,57.2815,9.81478,4.47275,-1.0,-1.0,-1.0,-1.0,-1.0
19.092,-0.25142590909090917,0.9998214179098376,3.839780096342778e-16,4,134.902,13.63,0.128978,120.234,123.745,134.259,134.259,-0.424847,776.676,0.137331,11300.4,0.0,12.5371,21.3091,25.4997,29.0998,31.5042,32.8377,33.6058,34.3136,34.8409,35.3875,35.9542,36.5422,37.4034,38.4459,40.5882,45.7828,58.6371,9.81399,4.44327,-1.0,-1.0,-1.0,-1.0,-1.0
19.114,-0.2499427272727273,0.9998660634323782,2.4958570626228056e-16,4,135.404,13.9909,0.129977,120.677,124.162,134.912,134.912,-0.429397,777.555,0.133782,11355.3,0.0,12.534,21.2483,25.4123,28.9918,31.4116,32.7901,33.5856,34.3197,34.8672,35.4353,36.0249,36.6373,37.5354,38.6246,40.8695,46.3509,60.1518,9.84207,4.42084,8.61141,8.62492,8.64066,8.65864,8.6789
19.136,-0.24846840909090911,0.9998995475742836,1.6223070907048238e-16,4,135.903,14.3279,0.130864,121.119,124.573,135.544,135.544,-0.433162,778.439,0.12997,11408.4,0.0,12.522,21.1732,25.3087,28.8665,31.3281,32.7538,33.5782,34.3401,34.909,35.4999,36.1139,36.7523,37.69,38.8292,41.1849,46.9797,61.848,9.90119,4.40555,-1.0,-1.0,-1.0,-1.0,-1.0
19.158,-0.24699704545454543,0.9999246606807126,1.0544996089581355e-16,4,136.401,14.6394,0.131608,121.565,124.985,136.155,136.155,-0.436116,779.327,0.125884,11459.8,0.0,12.501,21.0832,25.1885,28.7238,31.2533,32.7286,33.5836,34.3748,34.9664,35.5815,36.2214,36.8877,37.8676,39.0607,41.536,47.6744,63.7521,9.99495,4.39775,-1.0,-1.0,-1.0,-1.0,-1.0
19.18,-0.245531590909091,0.9999434955105344,6.85424745822788e-17,4,136.897,14.9241,0.132215,122.011,125.395,136.745,136.745,-0.438237,780.218,0.121524,11509.3,0.0,12.4709,20.9783,25.0513,28.5785,31.1873,32.7146,33.6017,34.4241,35.0398,35.6807,36.3483,37.0442,38.0695,39.3205,41.9255,48.4413,65.8975,10.1276,4.39775,-1.0,-1.0,-1.0,-1.0,-1.0
19.202,-0.2440661363636364,0.9999576216329008,4.4552608478481216e-17,4,137.393,15.1805,0.132713,122.458,125.802,137.312,137.312,-0.439524,781.113,0.116915,11556.9,0.0,12.4317,20.8582,24.8971,28.4387,31.1301,32.7121,33.6333,34.4885,35.1298,35.7982,36.4954,37.2231,38.2971,39.6105,42.3561,49.288,68.3254,10.3044,4.4057,-1.0,-1.0,-1.0,-1.0,-1.0
19.224,-0.2426006818181818,0.9999682162246756,2.8959195511012795e-17,4,137.889,15.4077,0.133128,122.911,126.215,137.856,137.856,-0.439954,782.012,0.11201,11602.6,0.0,12.3832,20.7231,24.7257,28.3043,31.0818,32.7214,33.6784,34.5687,35.2372,35.9349,36.6636,37.4254,38.5518,39.9326,42.8312,50.2233,71.0871,10.5327,4.42193,-1.0,-1.0,-1.0,-1.0,-1.0
19.246,-0.24112931818181818,0.9999761621685067,1.8823477082158318e-17,4,138.387,15.6041,0.13349,123.367,126.627,138.376,138.376,-0.439522,782.914,0.106802,11646.3,0.0,12.3256,20.5727,24.537,28.1751,31.0423,32.7425,33.7375,34.6649,35.3624,36.0914,36.8539,37.6523,38.8351,40.2888,43.3543,51.257,74.2474,10.8231,4.44669,-1.0,-1.0,-1.0,-1.0,-1.0
19.268,-0.23965500000000003,0.99998212162638,1.2235260103402907e-17,4,138.886,15.7688,0.13382,123.83,127.044,138.872,138.872,-0.438198,783.819,0.101289,11688.0,0.0,12.2586,20.407,24.3307,28.051,31.0117,32.7758,33.811,34.7778,35.5063,36.2687,37.0674,37.9051,39.1487,40.6815,43.9293,52.4009,77.8889,11.191,4.48042,-1.0,-1.0,-1.0,-1.0,-1.0
19.29,-0.23817477272727275,0.999986591219785,7.95291906721189e-18,4,139.387,15.9005,0.134127,124.296,127.462,139.345,139.345,-0.435965,784.727,0.0955095,11727.6,0.0,12.1823,20.2258,24.1154,27.9318,30.9902,32.8214,33.8993,34.908,35.6694,36.4677,37.3053,38.1853,39.4947,41.1133,44.5608,53.6685,82.1196,11.661,4.52352,-1.0,-1.0,-1.0,-1.0,-1.0
19.312,-0.2366827272727273,0.9999899434148387,5.169397393687729e-18,4,139.892,15.9983,0.134415,124.771,127.887,139.793,139.793,-0.432831,785.638,0.0894125,11765.3,0.0,12.0968,20.0295,23.9025,27.8177,30.9779,32.88,34.0031,35.0565,35.8532,36.6898,37.5692,38.4949,39.8755,41.5877,45.2545,55.0768,87.083,12.2752,4.57619,-1.0,-1.0,-1.0,-1.0,-1.0
19.334,-0.2351818181818182,0.999992457561129,3.3601083058970237e-18,4,140.4,16.0612,0.134671,125.25,128.315,140.218,140.218,-0.428766,786.552,0.0829952,11800.9,0.0,12.0022,19.8181,23.692,27.7086,30.9751,32.9519,34.1231,35.2241,36.0585,36.9363,37.8608,38.8358,40.2937,42.1078,46.0164,56.6452,92.9734,13.1241,4.63898,-1.0,-1.0,-1.0,-1.0,-1.0
19.356,-0.11518181818181819,0.9999943431708467,2.1840703988330655e-18,4,140.912,16.0886,0.134894,125.739,128.75,140.619,140.619,-0.423747,787.468,0.0762539,11834.6,0.0,11.8982,19.5915,23.4838,27.6042,30.9818,33.0376,34.2598,35.4117,36.2865,37.2085,38.1816,39.2099,40.7518,42.6776,46.8533,58.3968,100.06,14.4899,4.71244,-1.0,-1.0,-1.0,-1.0,-1.0
19.378,0.0,0.9999957573781351,1.4196457592414925e-18,4,141.432,16.088,0.13507,126.738,129.666,140.991,140.991,-0.41776,788.387,0.0691185,11865.8,0.0,11.784,19.3468,23.2731,27.4981,30.9896,33.1275,34.403,35.6084,36.5259,37.4948,38.5196,39.6051,41.2372,43.2836,47.7514,60.325,108.613,20.98,4.79768,-1.0,-1.0,-1.0,-1.0,-1.0
19.4,0.0,0.9999968180336013,9.227697435069702e-19,4,141.982,16.0349,0.135094,128.098,130.854,141.312,141.312,-0.410754,789.307,0.0611229,11892.5,0.0,11.6555,19.0731,23.0423,27.3639,30.9642,33.182,34.5101,35.7685,36.7284,37.7443,38.821,39.9641,41.6879,43.858,48.6294,62.3108,118.599,24.9223,4.89776,-1.0,-1.0,-1.0,-1.0,-1.0
19.422,0.0,0.999997613525201,5.998003332795306e-19,4,142.589,15.8311,0.134679,129.049,131.555,141.546,141.546,-0.402679,790.23,0.0519166,11911.8,0.0,11.5096,18.7654,22.7755,27.1773,30.8731,33.1628,34.5388,35.846,36.8454,37.9051,39.0306,40.2282,42.0394,44.3284,49.397,64.2071,129.81,26.9574,5.01591,-1.0,-1.0,-1.0,-1.0,-1.0
19.444,0.0,0.9999982101439008,3.898702166316949e-19,4,143.233,15.4721,0.13412,129.826,132.083,141.686,141.686,-0.393508,791.156,0.0415192,11923.3,0.0,11.3472,18.4355,22.472,26.9359,30.7114,33.0634,34.4816,35.8322,36.867,37.9663,39.1363,40.3838,42.2759,44.6763,50.0281,65.9614,142.302,28.5555,5.15367,-1.0,-1.0,-1.0,-1.0,-1.0
19.466,0.0,0.9999986576079256,2.534156408106017e-19,4,143.906,14.9611,0.133627,130.571,132.582,141.738,141.738,-0.383214,792.083,0.0299833,11927.3,0.0,11.1691,18.0844,22.131,26.637,30.4743,32.877,34.3303,35.7176,36.7826,37.9161,39.1248,40.4162,42.38,44.8805,50.4924,67.5078,156.008,30.0427,5.31297,-1.0,-1.0,-1.0,-1.0,-1.0
19.488,0.0,0.9999989932059442,1.647201665268911e-19,4,144.604,14.303,0.133003,131.325,133.095,141.713,141.713,-0.371778,793.013,0.0172813,11924.9,0.0,10.9762,17.7128,21.7528,26.2796,30.1585,32.5987,34.0789,35.4949,36.5841,37.7451,38.9854,40.313,42.337,44.9227,50.7619,68.7771,170.706,31.5372,5.49604,-1.0,-1.0,-1.0,-1.0,-1.0
19.51,0.0,0.9999992449044581,1.0706810824247922e-19,4,145.324,13.5057,0.132368,132.101,133.633,141.622,141.622,-0.359137,793.944,0.00343871,11917.1,0.0,10.7694,17.3216,21.3383,25.8638,29.763,32.2262,33.7243,35.16,36.2663,37.4473,38.7109,40.0658,42.1361,44.7891,50.8142,69.7047,185.968,33.0978,5.70593,-1.0,-1.0,-1.0,-1.0,-1.0
19.532,0.0,0.9999994336783435,6.959427035761149e-20,4,146.065,12.5811,0.131649,132.901,134.199,141.477,141.477,-0.345264,794.878,-0.0114949,11904.6,0.0,10.5499,16.9132,20.8903,25.3926,29.2903,31.7615,33.2678,34.714,35.8298,37.0226,38.3006,39.6731,41.7743,44.4743,50.6369,70.2405,200.0,34.7536,5.94581,-1.0,-1.0,-1.0,-1.0,-1.0
19.554,0.0,0.9999995752587576,4.523627573244747e-20,4,146.823,11.5452,0.130748,133.72,134.795,141.286,141.286,-0.330104,795.813,-0.0274177,11888.4,0.0,10.3188,16.4897,20.412,24.8699,28.7447,31.2088,32.7138,34.1606,35.2783,36.4745,37.7577,39.1375,41.2533,43.9785,50.2255,70.3489,200.0,36.5276,6.21976,-1.0,-1.0,-1.0,-1.0,-1.0
19.576,0.0,0.9999996814440681,2.9403579226090856e-20,4,147.597,10.4166,0.129673,134.556,135.416,141.06,141.06,-0.31358,796.749,-0.0443125,11869.3,0.0,10.0768,16.0534,19.9069,24.3005,28.1317,30.5742,32.0682,33.5062,34.6182,35.8093,37.0883,38.465,40.5791,43.3071,49.5828,70.01,200.0,38.4417,6.53312,-1.0,-1.0,-1.0,-1.0,-1.0
19.598,0.0,0.9999997610830511,1.911232649695906e-20,4,148.381,9.2179,0.128526,135.404,136.06,140.819,140.819,-0.295621,797.686,-0.0621216,11849.0,0.0,9.82505,15.6067,19.3787,23.6897,27.4582,29.8651,31.3391,32.7592,33.8581,35.036,36.3018,37.6654,39.7614,42.4703,48.7186,69.2221,200.0,40.5178,6.89233,-1.0,-1.0,-1.0,-1.0,-1.0
19.62,0.0,0.9999998208122883,1.2423012223023389e-20,4,149.172,7.97692,0.127493,136.257,136.722,140.589,140.589,-0.276114,798.625,-0.0807805,11829.8,0.0,9.56393,15.1519,18.8311,23.0433,26.7315,29.0902,30.5359,31.9295,33.0086,34.1658,35.4099,36.7509,38.8138,41.4824,47.6498,68.0032,200.0,42.7794,7.30595,-1.0,-1.0,-1.0,-1.0,-1.0
19.642,0.0,0.9999998656092163,8.074957944965203e-21,4,149.965,6.72971,0.126703,137.106,137.398,140.412,140.412,-0.254949,799.564,-0.100152,11815.2,0.0,9.29409,14.6915,18.2688,22.3682,25.9613,28.261,29.6712,31.031,32.0842,33.2141,34.4292,35.7394,37.7556,40.3655,46.404,66.3999,200.0,45.2421,7.78191,-1.0,-1.0,-1.0,-1.0,-1.0
19.664,0.0,0.9999998992069122,5.248722664227382e-21,4,150.755,5.52172,0.126237,137.941,138.083,140.338,140.338,-0.231972,800.503,-0.120154,11809.4,0.0,9.01587,14.2284,17.6967,21.6728,25.1593,27.3914,28.7604,30.0807,31.1035,32.2008,33.381,34.6538,36.6128,39.1492,45.0203,64.4887,200.0,47.9049,8.27299,-1.0,-1.0,-1.0,-1.0,-1.0
19.686,-0.12,0.9999999244051841,3.411669731747799e-21,4,151.535,4.40365,0.126079,138.749,138.777,140.409,140.409,-0.206999,801.442,-0.140619,11816.0,0.0,8.72956,13.7655,17.1206,20.9667,24.339,26.498,27.8221,29.0991,30.0883,31.1496,32.291,33.5219,35.4165,37.8695,43.5471,62.3708,200.0,50.7408,8.75879,-1.0,-1.0,-1.0,-1.0,-1.0
19.708,-0.2000581818181818,0.9999999433038881,2.217585325636069e-21,4,152.288,3.30967,0.126187,139.098,139.291,140.697,140.697,-0.179988,802.38,-0.159876,11841.3,0.0,8.44932,13.338,16.5986,20.3405,23.625,25.7295,27.021,28.2669,29.2325,30.2686,31.3834,32.5861,34.4381,36.8374,42.398,60.9032,200.0,52.8128,9.21528,-1.0,-1.0,-1.0,-1.0,-1.0
19.73,-0.19799886363636357,0.999999957477916,1.441430461663445e-21,4,152.985,2.65301,0.126722,139.223,139.965,141.248,141.248,-0.151019,803.318,-0.175643,11888.5,0.0,8.19325,12.9899,16.2039,19.9084,23.1747,25.2747,26.5662,27.8142,28.7827,29.8234,30.9446,32.156,34.0251,36.4533,42.1096,61.231,200.0,52.7984,9.6036,-1.0,-1.0,-1.0,-1.0,-1.0
19.752,-0.1960429545454546,0.999999968108437,9.369298000812392e-22,4,153.647,2.49308,0.127465,139.511,140.938,141.965,141.965,-0.120145,804.253,-0.188087,11949.3,0.0,7.96015,12.7161,15.9287,19.6606,22.9771,25.1227,26.4473,27.7311,28.7299,29.8057,30.9677,32.2265,34.1757,36.7207,42.7055,63.5413,200.0,51.0409,9.92068,-1.0,-1.0,-1.0,-1.0,-1.0
19.774,-0.19412840909090912,0.9999999760813278,6.090043700528055e-22,4,154.295,2.67541,0.127751,139.886,141.884,142.759,142.759,-0.0873788,805.186,-0.198096,12016.3,0.0,7.74534,12.4979,15.744,19.5548,22.9787,25.2127,26.5994,27.949,29.0028,30.1415,31.3757,32.718,34.8071,37.5544,44.1041,67.9308,200.0,48.4308,10.1789,-1.0,-1.0,-1.0,-1.0,-1.0
19.796,-0.19223749999999998,0.9999999820609959,3.9585284053432356e-22,4,154.935,3.06444,0.127864,140.308,142.709,143.582,143.582,-0.0527585,806.117,-0.206442,12085.6,0.0,7.54526,12.3212,15.6273,19.5594,23.1403,25.5017,26.9777,28.4216,29.5541,30.7831,32.1213,33.5838,35.8752,38.9169,46.3011,74.8497,200.0,45.6046,10.3909,-1.0,-1.0,-1.0,-1.0,-1.0
19.818,-0.07223749999999998,0.999999986545747,2.573043463473103e-22,4,155.566,3.56216,0.127996,140.764,143.426,144.403,144.403,-0.0178847,807.042,-0.193811,12154.7,0.0,7.3577,12.1762,15.5636,19.6533,23.4373,25.9643,27.5568,29.1245,30.3611,31.7098,33.1866,34.8104,37.3754,40.8204,49.3798,85.3253,200.0,42.8978,10.5665,-1.0,-1.0,-1.0,-1.0,-1.0
19.84,0.021801120000000007,0.9999999899093102,1.672478251257517e-22,4,156.212,4.18568,0.128178,141.711,144.293,145.128,145.128,0.0157204,807.974,-0.181676,12214.8,0.0,7.1738,12.0268,15.4915,19.7385,23.7322,26.4345,28.1522,29.8544,31.2049,32.6861,34.3176,36.1235,39.0017,42.9176,52.9041,99.3083,200.0,40.7988,10.7349,-1.0,-1.0,-1.0,-1.0,-1.0
19.862,0.02086944,0.9999999924319827,1.087110863317386e-22,4,156.917,4.56066,0.128587,142.94,144.632,145.534,145.534,0.0483597,808.911,-0.173912,12247.5,0.0,6.97346,11.7907,15.2657,19.5691,23.6609,26.4548,28.2415,30.0203,31.4375,32.9978,34.7239,36.6435,39.7229,43.952,54.9493,110.408,177.088,40.0526,10.9568,-1.0,-1.0,-1.0,-1.0,-1.0
19.884,0.02051376,0.999999994323987,7.06622061156301e-23,4,157.666,4.16418,0.129737,144.11,144.834,145.7,145.7,0.0802338,809.854,-0.170948,12261.2,0.0,6.75396,11.4572,14.8637,19.0993,23.1444,25.9164,27.6933,29.4657,30.8802,32.4401,34.1686,36.0945,39.1923,43.4634,54.6598,113.189,168.427,40.5153,11.2425,-1.0,-1.0,-1.0,-1.0,-1.0
19.906,0.020483400000000002,0.9999999957429903,4.593043397515957e-23,4,158.424,3.41862,0.131533,145.105,145.228,145.899,145.899,0.111368,810.802,-0.170695,12278.4,0.0,6.5265,11.0744,14.3696,18.4683,22.384,25.0682,26.7891,28.5061,29.8765,31.3879,33.063,34.9298,37.9331,42.0752,52.9414,109.926,172.152,41.6182,11.5624,-1.0,-1.0,-1.0,-1.0,-1.0
19.928,0.020630879999999997,0.9999999968072427,2.985478208385372e-23,4,159.175,2.59132,0.133367,145.969,145.752,146.233,146.233,0.141898,811.755,-0.171924,12307.1,0.0,6.29682,10.6701,13.8334,17.7615,21.5073,24.0711,25.7133,27.3503,28.656,30.0951,31.6889,33.4637,36.3157,40.2428,50.5097,103.531,182.67,43.0875,11.9007,-1.0,-1.0,-1.0,-1.0,-1.0
19.95,-0.09936912,0.999999997605432,1.940560835450492e-23,4,159.915,1.83846,0.134591,146.743,146.352,146.704,146.704,0.172035,812.713,-0.173883,12347.2,0.0,6.06731,10.2589,13.2827,17.0276,20.5884,23.0198,24.5747,26.1228,27.3563,28.7143,30.2166,31.8873,34.5675,38.2486,47.8216,96.1138,200.0,44.7693,12.2489,-1.0,-1.0,-1.0,-1.0,-1.0
19.972,-0.1753995454545455,0.999999998204074,1.2613645430428198e-23,4,160.634,1.03911,0.134764,147.06,147.023,147.293,147.293,0.201707,813.677,-0.173758,12397.2,0.0,5.85039,9.89349,12.8107,16.424,19.8605,22.2074,23.7083,25.2028,26.3936,27.7048,29.1554,30.7688,33.3572,36.9129,46.1627,92.8923,200.0,45.8668,12.5568,-1.0,-1.0,-1.0,-1.0,-1.0
19.994,-0.17339045454545457,0.9999999986530556,8.19886952977833e-24,4,161.314,0.817127,0.135009,147.078,147.933,148.007,148.007,0.2306,814.645,-0.168515,12457.8,0.0,5.65953,9.62677,12.5099,16.1068,19.5545,21.9243,23.4465,24.9672,26.1826,27.5246,29.014,30.6762,33.3557,37.0623,46.847,99.6509,180.534,45.4725,12.7635,-1.0,-1.0,-1.0,-1.0,-1.0
20.016,-0.17145818181818184,0.9999999989897916,5.329265194355915e-24,4,161.968,1.1719,0.134641,147.263,149.021,148.832,148.832,0.258566,815.619,-0.159191,12527.5,0.0,5.49037,9.43832,12.3456,16.0214,19.5967,22.0844,23.6955,25.3154,26.6177,28.0635,29.6777,31.4915,34.443,38.5826,49.8394,120.202,150.344,44.0139,12.8847,-1.0,-1.0,-1.0,-1.0,-1.0
20.038,-0.16955545454545454,0.9999999992423437,3.464022376331345e-24,4,162.612,1.80687,0.133632,147.591,149.927,149.697,149.697,0.285447,816.598,-0.147556,12600.3,0.0,5.33658,9.2992,12.2684,16.0893,19.8799,22.5617,24.3183,26.1006,27.5451,29.1612,30.9814,33.0465,36.4529,41.3292,55.2031,168.924,124.712,42.1414,12.9524,-1.0,-1.0,-1.0,-1.0,-1.0
20.06,-0.1676793181818181,0.9999999994317578,2.2516145446153745e-24,4,163.247,2.53496,0.13349,148.003,150.656,150.555,150.555,0.311122,817.582,-0.134719,12672.5,0.0,5.19468,9.19295,12.2502,16.2678,20.35,23.298,25.2567,27.2668,28.9132,30.7736,32.8926,35.3279,39.4187,45.4404,63.7255,193.501,105.38,40.2136,12.9873,-1.0,-1.0,-1.0,-1.0,-1.0
20.082,-0.047679318181818114,0.9999999995738184,1.4635494539999935e-24,4,163.874,3.25799,0.134791,148.472,151.277,151.382,151.382,0.335462,818.571,-0.121364,12741.9,0.0,5.06307,9.11067,12.2758,16.5352,20.9838,24.2755,26.5001,28.8154,30.7363,32.9344,35.4739,38.441,43.5455,51.3473,77.3805,200.0,91.0935,38.3931,13.0014,-1.0,-1.0,-1.0,-1.0,-1.0
20.104,0.0,0.9999999996803638,9.513071450999959e-25,4,164.519,4.0239,0.137027,149.451,151.959,152.065,152.065,0.358519,819.565,-0.10963,12798.3,0.0,4.93303,9.01245,12.27,16.7538,21.5646,25.2115,27.7196,30.368,32.5954,35.1784,38.2091,41.8147,48.1868,58.3617,96.6904,200.0,81.8024,37.0229,13.0314,-1.0,-1.0,-1.0,-1.0,-1.0
20.126,0.0,0.9999999997602729,6.1834964431499735e-25,4,165.217,4.27043,0.138961,150.606,152.197,152.45,152.45,0.380557,820.565,-0.102486,12829.7,0.0,4.79112,8.83672,12.1107,16.6836,21.6781,25.5266,28.2053,31.0624,33.4885,36.3288,39.6987,43.7615,51.0876,63.1888,113.776,200.0,77.5956,36.47,13.1262,3.75201,3.74355,3.73626,3.73013,3.72516
20.148,0.0,0.9999999998202047,4.0192726880474827e-25,4,165.942,3.8828,0.140801,151.649,152.465,152.71,152.71,0.401658,821.569,-0.0990618,12851.6,0.0,4.64087,8.59926,11.8237,16.3605,21.36,25.2445,27.9649,30.8817,33.371,36.2998,39.7955,44.04,51.7779,64.8021,122.76,200.0,76.3474,36.492,13.271,-1.0,-1.0,-1.0,-1.0,-1.0
20.17,0.0,0.9999999998651535,2.612527247230864e-25,4,166.671,3.234,0.142627,152.552,152.898,153.016,153.016,0.421883,822.578,-0.0977196,12877.7,0.0,4.48894,8.33295,11.4724,15.9024,20.8018,24.6212,27.3028,30.184,32.6481,35.5531,39.0288,43.2614,51.013,64.164,124.314,200.0,76.5223,36.8099,13.4405,-1.0,-1.0,-1.0,-1.0,-1.0
20.192,0.0,0.9999999998988651,1.6981427107000618e-25,4,167.395,2.54034,0.143944,153.354,153.442,153.419,153.419,0.441353,823.593,-0.0974818,12912.0,0.0,4.33861,8.05649,11.0943,15.3832,20.1295,23.8318,26.4323,29.2276,31.6189,34.4392,37.8151,41.9283,49.4675,62.2765,121.159,200.0,77.4061,37.2768,13.6206,-1.0,-1.0,-1.0,-1.0,-1.0
20.214,0.0,0.9999999999241489,1.1037927619550403e-25,4,168.113,1.91603,0.144378,154.084,154.049,153.915,153.915,0.46022,824.612,-0.0977408,12954.0,0.0,4.19119,7.78,10.7109,14.8464,19.4199,22.9851,25.488,28.1773,30.477,33.1883,36.432,40.382,47.6154,59.8856,115.982,200.0,78.6004,37.8058,13.8032,-1.0,-1.0,-1.0,-1.0,-1.0
20.236,0.0,0.9999999999431117,7.174652952707762e-26,4,168.827,1.40569,0.14376,154.768,154.689,154.473,154.473,0.478638,825.636,-0.0981566,13001.1,0.0,4.0468,7.50772,10.3319,14.3132,18.7113,22.1361,24.5387,27.1184,29.323,31.9204,35.0257,38.8035,45.7118,57.4015,110.382,200.0,79.8879,38.3495,13.9844,-1.0,-1.0,-1.0,-1.0,-1.0
20.258,0.0,0.9999999999573338,4.6635244192600457e-26,4,169.536,1.01216,0.143019,155.427,155.344,155.064,155.064,0.496745,826.664,-0.0985681,13050.9,0.0,3.90493,7.24047,9.96016,13.7908,18.0177,21.3059,23.6108,26.0841,28.1964,30.6836,33.6548,37.2662,43.8611,54.9933,105.024,200.0,81.1651,38.8865,14.1628,-1.0,-1.0,-1.0,-1.0,-1.0
20.28,0.0,0.9999999999680004,3.0312908725190295e-26,4,170.244,0.719756,0.142488,156.074,156.002,155.67,155.67,0.514663,827.697,-0.0989147,13102.0,0.0,3.76483,6.9774,9.59508,13.2792,17.3408,20.4977,22.7091,25.0808,27.1053,29.4878,32.3321,35.7868,42.088,52.703,100.078,200.0,82.3934,39.4096,14.3384,-1.0,-1.0,-1.0,-1.0,-1.0
20.302,0.0,0.9999999999760003,1.970339067137369e-26,4,170.95,0.50737,0.142096,156.717,156.66,156.282,156.282,0.532461,828.734,-0.0991863,13153.5,0.0,3.62597,6.71757,9.23535,12.7769,16.6784,19.7087,21.8305,24.1051,26.0459,28.3289,31.0532,34.3602,40.3865,50.5225,95.5172,199.409,83.566,39.9184,14.5117,-1.0,-1.0,-1.0,-1.0,-1.0
20.324,0.0,0.9999999999820002,1.28072039363929e-26,4,171.654,0.355261,0.142042,157.358,157.315,156.894,156.894,0.550183,829.776,-0.0993913,13205.0,0.0,3.48794,6.46005,8.87957,12.2813,16.0269,18.9347,20.9698,23.1508,25.0112,27.199,29.8088,32.9752,38.7415,48.4288,91.2597,197.983,84.6893,40.415,14.6832,-1.0,-1.0,-1.0,-1.0,-1.0
20.346,-0.12,0.9999999999865001,8.324682558655385e-27,4,172.358,0.247411,0.142443,158.0,157.967,157.505,157.505,0.567882,830.822,-0.0995425,13256.4,0.0,3.35028,6.20383,8.52615,11.7902,15.3827,18.1706,20.1213,22.2113,23.9937,26.0893,28.5883,31.6195,37.1368,46.3977,87.2233,196.572,85.7735,40.9026,14.8536,-1.0,-1.0,-1.0,-1.0,-1.0
20.368,-0.1625,0.9999999999898751,5.411043663126e-27,4,173.047,0.00213145,0.143354,158.241,158.712,158.133,158.133,0.585318,831.872,-0.0969282,13309.5,0.0,3.222,5.98755,8.24971,11.4473,14.9912,17.7595,19.7059,21.8001,23.5931,25.7097,28.2458,31.3396,37.0213,46.7074,91.7717,196.402,84.7204,40.9051,14.971,-1.0,-1.0,-1.0,-1.0,-1.0
20.39,-0.1625,0.9999999999924063,3.5171783810319004e-27,4,173.705,0.361575,0.144789,158.272,159.732,158.864,158.864,0.601991,832.927,-0.0890011,13371.5,0.0,3.11286,5.84848,8.12181,11.393,15.1002,18.0577,20.1705,22.4751,24.4748,26.8672,29.7806,33.4056,40.2737,52.6557,124.464,198.427,80.0012,40.01,14.9845,-1.0,-1.0,-1.0,-1.0,-1.0
20.412,-0.1625,0.9999999999943048,2.2861659476707356e-27,4,174.344,1.15747,0.145664,158.48,160.712,159.697,159.697,0.617657,833.987,-0.077705,13441.8,0.0,3.01904,5.7642,8.10005,11.5541,15.6075,18.9528,21.4059,24.1442,26.5749,29.5523,33.284,38.0975,47.7769,67.3431,172.793,200.0,73.8916,38.6401,14.9303,-1.0,-1.0,-1.0,-1.0,-1.0
20.434,-0.1625,0.9999999999957285,1.4860078659859782e-27,4,174.97,2.07666,0.146667,158.828,161.473,160.55,160.55,0.632123,835.051,-0.0648175,13513.6,0.0,2.93744,5.71641,8.14994,11.8732,16.4446,20.3926,23.395,26.8595,30.0398,34.0773,39.3722,46.6193,62.8139,104.201,181.695,200.0,67.9493,37.1442,14.8415,-1.0,-1.0,-1.0,-1.0,-1.0
20.456,-0.04250000000000001,0.9999999999967963,9.659051128908858e-28,4,175.583,2.96852,0.148343,159.256,162.084,161.381,161.381,0.645213,836.119,-0.0513068,13583.3,0.0,2.8672,5.69741,8.25721,12.3325,17.6184,22.4555,26.3166,30.9831,35.4802,41.5083,50.0084,62.8924,98.3946,169.945,187.912,139.411,62.6849,35.6815,14.7352,-1.0,-1.0,-1.0,-1.0,-1.0
20.478,0.0,0.9999999999975973,6.278383233790757e-28,4,176.216,3.86893,0.150741,160.225,162.711,162.052,162.052,0.65694,837.192,-0.0396749,13638.6,0.0,2.80203,5.6733,8.3488,12.7736,18.8375,24.7364,29.7065,36.0502,42.5434,51.8943,66.5204,92.6365,165.405,178.297,191.929,120.644,58.8435,34.5426,14.6523,-1.0,-1.0,-1.0,-1.0,-1.0
20.5,0.0,0.9999999999981979,4.080949101963992e-28,4,176.899,4.11439,0.152405,161.39,162.887,162.433,162.433,0.667608,838.27,-0.0330267,13669.8,0.0,2.73172,5.59249,8.30643,12.902,19.427,26.0411,31.8301,39.5246,47.779,60.397,82.08,128.067,171.362,181.085,193.362,112.387,57.0125,34.0133,14.6416,-1.0,-1.0,-1.0,-1.0,-1.0
20.522,0.0,0.9999999999986484,2.652616916276595e-28,4,177.605,3.67897,0.1533,162.428,163.13,162.724,162.724,0.677298,839.352,-0.0301559,13694.5,0.0,2.65924,5.47062,8.159,12.76,19.4004,26.2636,32.3831,40.6842,49.8089,64.2164,90.3605,152.43,172.402,181.389,193.199,109.523,56.4352,33.8949,14.6817,-1.0,-1.0,-1.0,-1.0,-1.0
20.544,0.0,0.9999999999989864,1.7242009955797868e-28,4,178.313,2.99283,0.154099,163.308,163.554,163.075,163.075,0.686041,840.439,-0.0292774,13724.3,0.0,2.58934,5.3348,7.96661,12.4858,19.0416,25.8594,31.9747,40.3255,49.5791,64.3507,91.6698,156.393,171.762,180.576,192.261,109.056,56.4557,33.9756,14.7445,-1.0,-1.0,-1.0,-1.0,-1.0
20.566,0.0,0.9999999999992397,1.1207306471268613e-28,4,179.018,2.28977,0.154611,164.078,164.093,163.515,163.515,0.694014,841.53,-0.0293611,13761.7,0.0,2.52339,5.19817,7.76164,12.162,18.5424,25.1739,31.1186,39.2313,48.214,62.5379,88.9796,153.788,170.389,179.251,190.958,109.67,56.7488,34.1454,14.8155,-1.0,-1.0,-1.0,-1.0,-1.0
20.588,0.0,0.9999999999994298,7.284749206324598e-29,4,179.716,1.68016,0.154434,164.775,164.694,164.031,164.031,0.70139,842.625,-0.0298144,13805.3,0.0,2.46151,5.06678,7.56045,11.8337,18.0134,24.4157,30.1373,37.9187,46.4986,60.1027,84.9685,144.947,168.734,177.731,189.515,110.687,57.1381,34.344,14.8872,-1.0,-1.0,-1.0,-1.0,-1.0
20.61,0.0,0.9999999999995723,4.735086984110989e-29,4,180.41,1.19795,0.153746,165.43,165.325,164.593,164.593,0.708336,843.725,-0.0303365,13852.7,0.0,2.40307,4.9421,7.36883,11.5192,17.503,23.6797,29.1805,36.6324,44.8103,57.6947,80.9873,135.838,167.019,176.171,188.044,111.769,57.5368,34.5422,14.9562,-1.0,-1.0,-1.0,-1.0,-1.0
20.632,0.0,0.9999999999996793,3.077806539672143e-29,4,181.101,0.837201,0.153254,166.065,165.968,165.177,165.177,0.714966,844.829,-0.0308007,13901.9,0.0,2.34742,4.82384,7.18767,11.2234,17.0264,22.9974,28.2985,35.4555,43.2776,55.5336,77.482,128.134,165.34,174.64,186.593,112.771,57.9086,34.7281,15.0217,-1.0,-1.0,-1.0,-1.0,-1.0
20.654,0.0,0.9999999999997594,2.0005742507868932e-29,4,181.79,0.576775,0.152964,166.691,166.612,165.772,165.772,0.721391,845.938,-0.0311705,13952.0,0.0,2.2937,4.7105,7.01505,10.9442,16.5818,22.368,27.4927,34.3928,41.9101,53.638,74.4877,121.869,163.729,173.158,185.174,113.652,58.2449,34.8998,15.0839,-1.0,-1.0,-1.0,-1.0,-1.0
20.676,-0.12,0.9999999999998196,1.3003732630114806e-29,4,182.478,0.39311,0.152899,167.314,167.255,166.371,166.371,0.727679,847.05,-0.0314484,14002.4,0.0,2.24135,4.60082,6.84897,10.678,16.1633,21.7824,26.7501,33.4258,40.6811,51.9643,71.9164,116.754,162.187,171.722,183.786,114.416,58.5479,35.0588,15.1435,-1.0,-1.0,-1.0,-1.0,-1.0
20.698,-0.1625,0.9999999999998647,8.452426209574624e-30,4,183.149,0.10939,0.15321,167.52,167.986,166.988,166.988,0.733602,848.167,-0.0288165,14054.5,0.0,2.19804,4.53217,6.77259,10.6264,16.2323,22.0813,27.3445,34.5573,42.5847,55.4755,79.5674,140.667,163.053,171.889,183.514,111.58,57.9017,34.8825,15.153,-1.0,-1.0,-1.0,-1.0,-1.0
20.72,-0.1625,0.9999999999998985,5.494077036223506e-30,4,183.788,0.508709,0.154059,167.508,168.999,167.707,167.707,0.738652,849.288,-0.0206578,14115.5,0.0,2.17318,4.54479,6.8754,11.0161,17.3562,24.4073,31.1703,41.1552,53.3723,75.9133,131.431,158.313,167.328,174.696,185.202,102.939,55.5887,34.0948,15.0674,-1.0,-1.0,-1.0,-1.0,-1.0
20.742,-0.1625,0.9999999999999238,3.571150073545279e-30,4,184.407,1.38047,0.154439,167.682,169.969,168.523,168.523,0.742558,850.413,-0.00904715,14184.4,0.0,2.16497,4.6232,7.12634,11.8053,19.6075,29.3348,39.9052,58.2946,86.9108,149.642,159.604,165.712,172.321,178.47,187.793,92.6196,52.5252,32.9821,14.9217,-1.0,-1.0,-1.0,-1.0,-1.0
20.764,-0.1625,0.9999999999999429,2.3212475478044314e-30,4,185.01,2.37391,0.155312,168.005,170.707,169.354,169.354,0.745096,851.542,0.00412893,14254.3,0.0,2.17192,4.75476,7.5019,12.9865,23.3012,38.7254,59.886,114.787,154.481,161.721,167.077,171.544,176.901,182.18,141.734,83.1219,49.4015,31.7801,14.7469,-1.0,-1.0,-1.0,-1.0,-1.0
20.786,-0.1625,0.9999999999999571,1.5088109060728804e-30,4,185.6,3.32048,0.157169,168.413,171.286,170.155,170.155,0.746079,852.675,0.0178357,14321.5,0.0,2.19407,4.93605,8.00031,14.6285,29.3245,59.0638,128.735,157.799,163.726,168.498,172.607,176.266,180.842,185.489,119.681,75.0723,46.4952,30.599,14.5586,-1.0,-1.0,-1.0,-1.0,-1.0
20.808,-0.1625,0.9999999999999678,9.807270889473723e-31,4,186.18,4.14757,0.159817,168.871,171.778,170.907,170.907,0.745376,853.811,0.0315089,14384.6,0.0,2.23198,5.16794,8.63165,16.8737,39.8942,126.01,157.784,165.356,169.696,173.516,176.962,180.119,184.153,139.497,103.533,68.4114,43.8861,29.4832,14.3646,-1.0,-1.0,-1.0,-1.0,-1.0
20.83,-0.04250000000000001,0.9999999999999758,6.37472607815792e-31,4,186.752,4.82793,0.162609,169.361,172.225,171.605,171.605,0.742847,854.951,0.0448409,14443.2,0.0,2.28682,5.45475,9.41627,19.9717,61.7917,156.24,164.8,170.585,174.177,177.448,180.464,183.268,140.511,118.348,91.4056,62.9041,41.5708,28.445,14.1677,-1.0,-1.0,-1.0,-1.0,-1.0
20.852,0.0,0.9999999999999818,4.143571950802648e-31,4,187.349,5.43065,0.164518,170.415,172.858,172.16,172.16,0.73856,856.094,0.0560623,14488.8,0.0,2.35399,5.76543,10.2675,23.7447,114.079,162.229,168.995,173.958,177.135,180.074,182.813,185.382,121.822,104.806,83.0897,58.8368,39.7546,27.5935,13.9902,-1.0,-1.0,-1.0,-1.0,-1.0
20.874,0.0,0.9999999999999863,2.693321768021721e-31,4,188.008,5.3982,0.165166,171.595,173.071,172.439,172.439,0.732799,857.241,0.0624979,14511.4,0.0,2.42336,6.02985,10.9499,26.8815,146.544,164.425,170.54,175.144,178.125,180.901,183.502,130.178,112.962,98.146,78.8082,56.6203,38.7076,27.0759,13.8644,-1.0,-1.0,-1.0,-1.0,-1.0
20.896,0.0,0.9999999999999898,1.750659149214119e-31,4,188.7,4.6854,0.165172,172.631,173.296,172.621,172.621,0.725667,858.392,0.0651052,14526.9,0.0,2.49543,6.2499,11.4437,28.8585,148.492,164.555,170.424,174.883,177.783,180.491,183.033,125.557,109.411,95.4073,76.9761,55.6113,38.1913,26.7966,13.7757,-1.0,-1.0,-1.0,-1.0,-1.0
20.918,0.0,0.9999999999999923,1.1379284469891772e-31,4,189.396,3.72531,0.16487,173.519,173.696,172.876,172.876,0.717312,859.547,0.0656036,14548.7,0.0,2.57289,6.45203,11.8329,29.9991,148.127,163.696,169.48,173.888,176.759,179.442,181.963,124.201,108.313,94.5138,76.3231,55.1968,37.9393,26.6351,13.703,-1.0,-1.0,-1.0,-1.0,-1.0
20.94,0.0,0.9999999999999942,7.396534905429652e-32,4,190.086,2.78126,0.164275,174.287,174.219,173.249,173.249,0.707928,860.705,0.0651014,14580.5,0.0,2.65678,6.65394,12.1834,30.7225,146.893,162.396,168.162,172.558,175.423,178.101,180.617,124.272,108.291,94.4298,76.1869,55.0407,37.7993,26.5213,13.6342,-1.0,-1.0,-1.0,-1.0,-1.0
20.962,0.0,0.9999999999999957,4.807747688529274e-32,4,190.768,1.98501,0.163106,174.97,174.813,173.722,173.722,0.697747,861.868,0.0642773,14620.7,0.0,2.74681,6.86516,12.537,31.3413,145.41,160.964,166.731,171.126,173.991,176.668,179.185,124.774,108.587,94.581,76.1954,54.9516,37.6842,26.4152,13.5627,-1.0,-1.0,-1.0,-1.0,-1.0
20.984,0.0,0.9999999999999968,3.1250359975440277e-32,4,191.445,1.37265,0.16194,175.603,175.438,174.255,174.255,0.686977,863.034,0.0634716,14665.7,0.0,2.84208,7.08893,12.9126,32.0131,143.969,159.549,165.313,169.705,172.568,175.244,177.76,125.214,108.828,94.6852,76.167,54.8372,37.5529,26.2984,13.4862,-1.0,-1.0,-1.0,-1.0,-1.0
21.006,0.0,0.9999999999999976,2.031273398403618e-32,4,192.118,0.928264,0.161426,176.214,176.074,174.817,174.817,0.675801,864.204,0.0628099,14713.0,0.0,2.94134,7.32439,13.3137,32.787,142.675,158.205,163.953,168.335,171.192,173.864,176.376,125.407,108.879,94.6404,76.0376,54.6666,37.3925,26.1657,13.4047,-1.0,-1.0,-1.0,-1.0,-1.0
21.028,0.0,0.9999999999999982,1.3203277089623517e-32,4,192.788,0.617585,0.161541,176.816,176.709,175.393,175.393,0.664289,865.379,0.0623112,14761.6,0.0,3.04407,7.57079,13.7401,33.6687,141.543,156.94,162.659,167.022,169.869,172.532,175.037,125.323,108.715,94.431,75.7986,54.4361,37.2021,26.0171,13.3185,-1.0,-1.0,-1.0,-1.0,-1.0
21.05,0.0,0.9999999999999987,8.582130108255286e-33,4,193.457,0.405701,0.16192,177.417,177.34,175.974,175.974,0.652574,866.557,0.0619526,14810.5,0.0,3.14902,7.82481,14.1852,34.6364,140.542,155.739,161.418,165.757,168.589,171.241,173.735,125.002,108.371,94.0835,75.4687,54.157,36.9879,25.8562,13.2289,-1.0,-1.0,-1.0,-1.0,-1.0
21.072,0.0,0.999999999999999,5.578384570365937e-33,4,194.124,0.263686,0.162524,178.02,177.965,176.555,176.555,0.640705,867.739,0.0617025,14859.3,0.0,3.25567,8.0848,14.6452,35.6716,139.634,154.586,160.218,164.527,167.342,169.979,172.462,124.495,107.887,93.6288,75.0684,53.8404,36.7553,25.686,13.1368,-1.0,-1.0,-1.0,-1.0,-1.0
21.094,0.0,0.9999999999999992,3.625949970737859e-33,4,194.79,0.16974,0.163371,178.624,178.586,177.135,177.135,0.628723,868.926,0.0615317,14908.1,0.0,3.36359,8.34925,15.1162,36.7575,138.786,153.468,159.045,163.321,166.118,168.739,171.208,123.853,107.299,93.0955,74.6166,53.4963,36.5093,25.5089,13.0428,-1.0,-1.0,-1.0,-1.0,-1.0
21.116,0.0,0.9999999999999994,2.356867480979608e-33,4,195.455,0.108321,0.164404,179.229,179.204,177.713,177.713,0.616642,870.116,0.061417,14956.8,0.0,3.47259,8.61738,15.5961,37.8821,137.975,152.371,157.891,162.131,164.908,167.512,169.966,123.112,106.637,92.5054,74.1274,53.1323,36.2534,25.3267,12.9474,-1.0,-1.0,-1.0,-1.0,-1.0
21.138,0.0,0.9999999999999996,1.5319638626367453e-33,4,196.118,0.0686257,0.165569,179.834,179.818,178.291,178.291,0.604491,871.31,0.0613415,15005.4,0.0,3.58235,8.88809,16.0823,39.0343,137.183,151.289,156.749,160.952,163.706,166.292,168.731,122.304,105.923,91.8759,73.6123,52.7544,35.9907,25.1409,12.8509,2.37388,2.37534,2.37753,2.38044,2.38409
21.16,0.0,0.9999999999999997,9.957765107138844e-34,4,196.78,0.0432513,0.166736,180.44,180.43,178.868,178.868,0.592292,872.509,0.0612929,15054.0,0.0,3.69264,9.16062,16.5729,40.2062,136.397,150.214,155.613,159.777,162.51,165.077,167.5,121.449,105.173,91.2195,73.0796,52.367,35.7233,24.9527,12.7538,-1.0,-1.0,-1.0,-1.0,-1.0
21.182,0.12,0.9999999999999998,6.472547319640249e-34,4,197.441,0.0270765,0.167788,181.046,181.039,179.446,179.446,0.580034,873.711,0.0612614,15102.6,0.0,3.80352,9.43496,17.0676,41.3936,135.609,149.142,154.479,158.604,161.315,163.863,166.269,120.562,104.4,90.5443,72.5343,51.9727,35.4524,24.7625,12.6559,-1.0,-1.0,-1.0,-1.0,-1.0
21.204,0.1625,0.9999999999999998,4.207155757766162e-34,4,198.085,0.157108,0.16875,181.787,181.209,180.038,180.038,0.568037,874.918,0.0581011,15152.7,0.0,3.89827,9.59512,17.1912,40.4787,132.559,146.762,152.219,156.416,159.168,161.752,164.19,166.499,107.328,92.6381,73.752,52.4722,35.5886,24.7635,12.5951,-1.0,-1.0,-1.0,-1.0,-1.0
21.226,0.1625,0.9999999999999998,2.734651242548005e-34,4,198.696,-0.476298,0.169467,182.806,181.13,180.741,180.741,0.556903,876.129,0.0490214,15212.3,0.0,3.95853,9.53426,16.6441,36.3758,122.591,141.654,147.672,152.194,155.126,157.862,160.432,162.858,118.834,100.964,78.7939,54.8336,36.548,25.1445,12.6081,-1.0,-1.0,-1.0,-1.0,-1.0
21.248,0.1625,0.9999999999999998,1.7775233076562033e-34,4,199.283,-1.5897,0.169302,183.741,181.256,181.543,181.543,0.547007,877.343,0.0364587,15280.0,0.0,3.99194,9.34369,15.7911,31.7484,81.5023,133.97,141.264,146.417,149.678,152.68,155.474,158.094,161.514,116.016,87.507,58.7593,38.1306,25.7966,12.6733,-1.0,-1.0,-1.0,-1.0,-1.0
21.27,0.04250000000000001,0.9999999999999998,1.1553901499765323e-34,4,199.851,-2.77238,0.169638,184.416,181.547,182.35,182.35,0.538587,878.562,0.0225191,15347.8,0.0,4.00645,9.101,14.8976,27.827,58.5594,121.649,133.033,139.393,143.194,146.604,149.723,152.612,156.345,160.25,100.124,64.0243,40.1573,26.621,12.771,-1.0,-1.0,-1.0,-1.0,-1.0
21.292,0.0,0.9999999999999998,7.51003597484746e-35,4,200.44,-3.92121,0.171412,185.013,182.468,182.99,182.99,0.531675,879.785,0.0105697,15400.4,0.0,4.01654,8.90474,14.2232,25.2303,47.4583,85.0018,123.322,132.189,136.775,140.706,144.207,147.395,151.458,155.661,114.452,69.4358,42.1101,27.3885,12.8615,-1.0,-1.0,-1.0,-1.0,-1.0
21.314,0.0,0.9999999999999998,4.88152338365085e-35,4,201.08,-4.18984,0.173796,185.089,183.652,183.34,183.34,0.525949,881.012,0.00424302,15429.1,0.0,4.03963,8.84552,13.9591,24.1746,43.4092,72.2271,111.871,127.215,132.472,136.78,140.532,143.904,148.162,152.533,159.702,72.6183,43.175,27.7801,12.8935,-1.0,-1.0,-1.0,-1.0,-1.0
21.336,0.0,0.9999999999999998,3.1729901993730524e-35,4,201.743,-3.63422,0.174975,185.259,184.689,183.637,183.637,0.521353,882.243,0.00202656,15454.3,0.0,4.06971,8.87338,13.946,23.9608,42.3989,69.0444,103.901,124.666,130.175,134.604,138.431,141.856,146.166,150.581,157.81,73.6849,43.4893,27.8735,12.883,-1.0,-1.0,-1.0,-1.0,-1.0
21.358,0.0,0.9999999999999998,2.0624436295924842e-35,4,202.406,-2.8244,0.175997,185.643,185.533,184.009,184.009,0.517714,883.478,0.00178373,15485.9,0.0,4.09965,8.9345,14.0358,24.0945,42.569,69.1659,103.78,123.496,128.935,133.324,137.122,140.524,144.81,149.205,156.406,73.6519,43.4344,27.8263,12.8553,-1.0,-1.0,-1.0,-1.0,-1.0
21.38,0.0,0.9999999999999998,1.3405883592351147e-35,4,203.065,-2.04669,0.176648,186.156,186.245,184.465,184.465,0.514872,884.717,0.00233769,15524.6,0.0,4.1261,9.00172,14.1557,24.348,43.1709,70.5063,106.506,122.855,128.103,132.389,136.12,139.471,143.703,148.051,155.193,73.1885,43.2413,27.7299,12.8242,-1.0,-1.0,-1.0,-1.0,-1.0
21.402,0.0,0.9999999999999998,8.713824335028246e-36,4,203.718,-1.41416,0.176274,186.734,186.881,184.979,184.979,0.512593,885.96,0.00308371,15568.0,0.0,4.1486,9.06379,14.2729,24.6148,43.8579,72.14,109.69,122.289,127.34,131.517,135.173,138.469,142.643,146.941,154.015,72.6455,43.027,27.6288,12.7954,-1.0,-1.0,-1.0,-1.0,-1.0
21.424,0.0,0.9999999999999998,5.66398581776836e-36,4,204.368,-0.944195,0.175663,187.338,187.48,185.521,185.521,0.510721,887.207,0.00376451,15613.7,0.0,4.16739,9.11681,14.3745,24.8508,44.4795,73.653,110.65,121.63,126.513,130.593,134.182,137.428,141.548,145.799,152.81,72.1654,42.8386,27.5407,12.7709,-1.0,-1.0,-1.0,-1.0,-1.0
21.446,0.0,0.9999999999999998,3.681590781549435e-36,4,205.016,-0.614122,0.175321,187.949,188.064,186.076,186.076,0.509117,888.458,0.00430155,15660.5,0.0,4.18331,9.16117,14.4588,25.0453,44.9906,74.9029,110.75,120.846,125.591,129.589,133.12,136.322,140.395,144.604,151.56,71.7843,42.6872,27.4691,12.7506,-1.0,-1.0,-1.0,-1.0,-1.0
21.468,0.12,0.9999999999999998,2.3930340080071327e-36,4,205.661,-0.391035,0.175166,188.558,188.643,186.639,186.639,0.507682,889.713,0.00469363,15707.8,0.0,4.1972,9.19858,14.5285,25.202,45.3934,75.8779,110.441,119.95,124.582,128.51,131.992,135.155,139.186,143.36,150.266,71.4956,42.5697,27.4122,12.7335,-1.0,-1.0,-1.0,-1.0,-1.0
21.49,0.1625,0.9999999999999998,1.5554721052046364e-36,4,206.287,-0.11975,0.17522,189.278,188.764,187.22,187.22,0.506671,890.972,0.00178134,15757.0,0.0,4.19351,9.139,14.357,24.6457,43.5422,70.7456,105.379,117.035,121.937,126.012,129.589,132.823,136.925,141.16,148.151,73.1174,43.1188,27.6241,12.7618,-1.0,-1.0,-1.0,-1.0,-1.0
21.512,0.04250000000000001,0.9999999999999998,1.0110568683830137e-36,4,206.878,-0.710817,0.175532,190.29,188.644,187.907,187.907,0.506681,892.235,-0.0072329,15815.3,0.0,4.156,8.90471,13.7682,22.937,38.4555,58.2153,80.225,108.924,115.699,120.567,124.617,128.176,132.605,137.11,144.461,78.8238,45.0133,28.3637,12.8781,-1.0,-1.0,-1.0,-1.0,-1.0
21.534,0.0,0.9999999999999998,6.571869644489589e-37,4,207.478,-1.92982,0.175486,191.253,189.23,188.577,188.577,0.507795,893.501,-0.0171455,15870.8,0.0,4.1067,8.64198,13.1459,21.2664,34.0042,48.6198,63.1046,85.3735,106.638,113.756,118.715,122.809,127.723,132.6,140.41,86.2957,47.3377,29.2483,13.0192,-1.0,-1.0,-1.0,-1.0,-1.0
21.556,0.0,0.9999999999999998,4.2717152689182325e-37,4,208.111,-2.44188,0.176794,191.43,190.267,189.048,189.048,0.509681,894.771,-0.022379,15910.1,0.0,4.07043,8.48683,12.805,20.423,31.9559,44.5986,56.5469,73.877,94.5933,108.822,114.645,119.14,124.374,129.475,137.544,90.9186,48.7069,29.7642,13.1066,-1.0,-1.0,-1.0,-1.0,-1.0
21.578,0.0,0.9999999999999998,2.7766149247968513e-37,4,208.753,-2.1816,0.178066,191.656,191.219,189.491,189.491,0.512255,896.045,-0.0241169,15947.4,0.0,4.04235,8.40277,12.6447,20.0761,31.2017,43.2281,54.4342,70.4186,89.1194,106.186,112.377,117.007,122.335,127.496,135.628,92.6825,49.2421,29.978,13.1529,-1.0,-1.0,-1.0,-1.0,-1.0
21.6,0.0,0.9999999999999998,1.8047997011179535e-37,4,209.395,-1.69441,0.179296,192.073,191.985,189.97,189.97,0.515472,897.323,-0.0243511,15987.9,0.0,4.01479,8.3421,12.5489,19.9121,30.919,42.7953,53.841,69.5624,87.9049,104.798,110.963,115.573,120.878,126.019,134.124,93.1013,49.4086,30.064,13.1841,-1.0,-1.0,-1.0,-1.0,-1.0
21.622,0.0,0.9999999999999998,1.1731198057266697e-37,4,210.035,-1.21746,0.180606,192.595,192.645,190.484,190.484,0.519176,898.604,-0.0240284,16031.3,0.0,3.98533,8.28551,12.4699,19.8031,30.7879,42.6703,53.7502,69.5673,88.092,103.87,109.857,114.388,119.628,124.72,132.766,93.023,49.4441,30.1068,13.2119,-1.0,-1.0,-1.0,-1.0,-1.0
21.644,0.0,0.9999999999999998,7.625278737223354e-38,4,210.671,-0.831648,0.18184,193.163,193.252,191.02,191.02,0.523263,899.89,-0.0235769,16076.4,0.0,3.95316,8.2251,12.3874,19.6952,30.6734,42.5915,53.7449,69.7348,88.5639,103.008,108.803,113.247,118.414,123.452,131.432,92.8474,49.4581,30.145,13.2411,-1.0,-1.0,-1.0,-1.0,-1.0
21.666,0.0,0.9999999999999998,4.956431179195181e-38,4,211.305,-0.547714,0.182554,193.748,193.835,191.568,191.568,0.527602,901.179,-0.0231642,16122.5,0.0,3.91872,8.15931,12.2961,19.571,30.5287,42.4642,53.6712,69.8017,88.893,102.079,107.707,112.073,117.173,122.159,130.078,92.725,49.4904,30.1917,13.2731,-1.0,-1.0,-1.0,-1.0,-1.0
21.688,0.0,0.9999999999999998,3.2216802664768675e-38,4,211.938,-0.350262,0.182764,194.339,194.409,192.12,192.12,0.532119,902.472,-0.0228388,16169.0,0.0,3.88245,8.08839,12.1952,19.427,30.3426,42.2637,53.4871,69.6922,88.9501,101.054,106.547,110.846,115.887,120.828,128.69,92.7016,49.5512,30.2501,13.3078,-1.0,-1.0,-1.0,-1.0,-1.0
21.71,0.0,0.9999999999999998,2.094092173209964e-38,4,212.569,-0.218311,0.18276,194.929,194.981,192.672,192.672,0.53675,903.769,-0.0226017,16215.5,0.0,3.84489,8.01347,12.0866,19.266,30.1192,41.9949,53.1977,69.4106,88.736,99.9458,105.329,109.57,114.559,119.459,127.271,93.0087,49.6386,30.319,13.3448,-1.0,-1.0,-1.0,-1.0,-1.0
21.732,0.0,0.9999999999999998,1.3611599125864766e-38,4,213.198,-0.13282,0.182731,195.516,195.552,193.223,193.223,0.541468,905.07,-0.0224376,16261.8,0.0,3.80633,7.93538,11.9719,19.0913,29.8653,41.6704,52.8216,68.9863,88.2947,98.771,104.062,108.253,113.196,118.059,125.824,94.3183,49.7478,30.3964,13.3834,-1.0,-1.0,-1.0,-1.0,-1.0
21.754,0.0,0.9999999999999998,8.847539431812098e-39,4,213.827,-0.0790326,0.182782,196.1,196.124,193.772,193.772,0.546233,906.374,-0.022329,16308.0,0.0,3.76717,7.85521,11.8529,18.907,29.5897,41.3051,52.3817,68.4556,87.6826,97.5477,102.76,106.906,111.806,116.635,124.356,136.783,49.873,30.48,13.4233,-1.0,-1.0,-1.0,-1.0,-1.0
21.776,0.0,0.9999999999999998,5.7509006306778636e-39,4,214.454,-0.0460705,0.183017,196.681,196.696,194.319,194.319,0.551033,907.683,-0.0222598,16354.1,0.0,3.72757,7.77359,11.731,18.7159,29.2986,40.9111,51.8966,67.8494,86.9439,96.2899,101.431,105.535,110.395,115.192,122.87,135.253,50.0095,30.568,13.464,-1.0,-1.0,-1.0,-1.0,-1.0
21.798,0.0,0.9999999999999998,3.738085409940612e-39,4,215.079,-0.0264188,0.183491,197.26,197.269,194.865,194.865,0.555865,908.995,-0.0222176,16400.0,0.0,3.6876,7.6908,11.6068,18.5198,28.9966,40.4966,51.3798,67.1905,86.0624,95.0076,100.083,104.147,108.969,113.734,121.371,133.71,50.1541,30.6592,13.5053,-1.0,-1.0,-1.0,-1.0,-1.0
21.82,0.0,0.9999999999999998,2.429755516461398e-39,4,215.704,-0.0149519,0.184182,197.836,197.841,195.41,195.41,0.560713,910.311,-0.0221926,16445.8,0.0,3.64743,7.60737,11.4813,18.3208,28.6878,40.0698,50.8435,66.4991,85.089,93.7091,98.7211,102.747,107.532,112.265,119.861,132.156,50.3037,30.7523,13.547,-1.0,-1.0,-1.0,-1.0,-1.0
21.842,0.0,0.9999999999999998,1.579341085699909e-39,4,216.327,-0.00839362,0.184996,198.41,198.413,195.953,195.953,0.565589,911.631,-0.0221783,16491.6,0.0,3.60699,7.52321,11.3545,18.1192,28.3738,39.6336,50.2929,65.7846,84.0591,92.3985,97.3493,101.338,106.085,110.786,118.342,130.594,50.4571,30.847,13.5892,-1.0,-1.0,-1.0,-1.0,-1.0
21.864,0.0,0.9999999999999998,1.0265717057049409e-39,4,216.949,-0.00471526,0.185861,198.983,198.984,196.496,196.496,0.570478,912.955,-0.0221703,16537.2,0.0,3.56643,7.4387,11.2271,17.9163,28.0569,39.1923,49.7346,65.0573,82.9944,91.0799,95.97,99.9209,104.63,109.301,116.816,129.023,50.6125,30.9426,13.6315,-1.0,-1.0,-1.0,-1.0,-1.0
21.886,0.0,0.9999999999999998,6.672716087082116e-40,4,217.569,-0.00262902,0.186701,199.554,199.555,197.038,197.038,0.575377,914.283,-0.0221658,16582.9,0.0,3.52576,7.35395,11.0993,17.7125,27.7382,38.7479,49.1716,64.3226,81.9052,89.7552,94.5848,98.4979,103.17,107.808,115.282,127.444,50.7692,31.0387,13.6739,-1.0,-1.0,-1.0,-1.0,-1.0
21.908,0.0,0.9999999999999998,4.3372654566033754e-40,4,218.188,-0.00142514,0.17688,200.119,200.12,197.581,197.581,0.580298,915.614,-0.0221632,16628.5,0.0,3.48491,7.26878,10.9708,17.5076,27.4175,38.3004,48.6042,63.5814,80.7966,88.4253,93.1943,97.0694,101.703,106.31,113.742,125.858,50.9271,31.1354,13.7166,-1.0,-1.0,-1.0,-1.0,-1.0
21.93,0.0,0.9999999999999998,2.8192225467921943e-40,4,218.806,-0.00080516,0.162064,200.687,200.687,198.125,198.125,0.585229,916.949,-0.0221618,16674.3,0.0,3.44398,7.18341,10.842,17.3021,27.0958,37.8512,48.0345,62.8366,79.6725,87.0907,91.799,95.6357,100.231,104.805,112.195,124.264,51.0856,31.2324,13.7594,-1.0,-1.0,-1.0,-1.0,-1.0
21.952,0.0,0.9999999999999998,1.8324946554149263e-40,4,219.417,-0.000361506,0.136703,201.254,201.254,198.746,198.746,0.590178,918.288,-0.0221605,16726.8,0.0,3.40289,7.09772,10.7127,17.0957,26.7729,37.4003,47.4625,62.0888,78.5356,85.7522,90.3995,94.1973,98.7537,103.295,110.641,122.663,51.2448,31.3298,13.8023,-1.0,-1.0,-1.0,-1.0,-1.0
21.974,0.0,0.9999999999999998,1.191121526019702e-40,4,220.033,-0.000122956,0.109968,201.818,201.818,199.28,199.28,0.595134,919.63,-0.0221599,16771.3,0.0,3.36174,7.0119,10.5831,16.8891,26.4493,36.9483,46.889,61.3389,77.3871,84.4097,88.9956,92.7542,97.2711,101.779,109.082,121.055,51.4043,31.4274,13.8453,-1.0,-1.0,-1.0,-1.0,-1.0
21.996,0.0,0.9999999999999998,7.742289919128064e-41,4,220.649,-8.42983e-05,0.0921445,202.385,202.385,199.792,199.792,0.60011,920.977,-0.0221599,16814.4,0.0,3.32042,6.92572,10.4531,16.6815,26.1242,36.4942,46.3128,60.585,76.2271,83.063,87.587,91.3061,95.7832,100.258,107.515,119.439,51.5647,31.5254,13.8885,-1.0,-1.0,-1.0,-1.0,-1.0
22.018,0.0,0.9999999999999998,5.032488447433242e-41,4,221.263,-5.40202e-05,0.0834606,202.951,202.951,200.295,200.295,0.605096,922.327,-0.0221599,16856.8,0.0,3.27902,6.83937,10.3227,16.4735,25.7985,36.0393,45.7354,59.8297,75.0578,81.7125,86.1744,89.8533,94.29,98.7302,105.943,117.815,51.7253,31.6236,13.9318,-1.0,-1.0,-1.0,-1.0,-1.0
22.04,0.0,0.9999999999999998,3.271117490831607e-41,4,221.875,-2.97955e-05,0.0609671,203.508,203.508,200.801,200.801,0.610097,923.681,-0.0221599,16899.4,0.0,3.23749,6.75275,10.192,16.2649,25.4718,35.5828,45.1561,59.0719,73.8791,80.3583,84.7575,88.3958,92.7915,97.197,104.363,116.184,51.8865,31.7222,13.9752,-1.0,-1.0,-1.0,-1.0,-1.0
22.062,0.0,0.9999999999999998,2.1262263690405448e-41,4,222.485,4.3756e-06,0.0405391,204.068,204.068,201.317,201.317,0.615109,925.038,-0.0221599,16942.9,0.0,3.19588,6.66595,10.061,16.0558,25.1444,35.1254,44.5757,58.3126,72.6923,79.0005,83.3364,86.9337,91.2879,95.658,102.778,114.546,52.048,31.8209,14.0187,-1.0,-1.0,-1.0,-1.0,-1.0
22.084,0.0,0.9999999999999998,1.382047139876354e-41,4,223.082,4.45931e-05,-0.00184268,204.625,204.625,201.983,201.983,0.620137,926.4,-0.0221596,16998.9,0.0,3.15413,6.57888,9.92959,15.8461,24.816,34.6668,43.9937,57.5514,71.4974,77.6391,81.9115,85.4672,89.7792,94.1134,101.185,112.899,52.2099,31.9199,14.0624,-1.0,-1.0,-1.0,-1.0,-1.0
22.106,0.0,0.9999999999999998,8.983306409196302e-42,4,223.689,3.7246e-05,-0.0371122,205.181,205.181,202.479,202.479,0.625179,927.765,-0.0221596,17040.5,0.0,3.11226,6.49155,9.79777,15.6358,24.4866,34.2066,43.4097,56.7874,70.2944,76.2738,80.4821,83.9957,88.2649,92.5628,99.5865,111.245,52.3725,32.0193,14.1061,-1.0,-1.0,-1.0,-1.0,-1.0
22.128,0.0,0.9999999999999998,5.839149165977597e-42,4,224.294,3.53769e-05,-0.0583659,205.74,205.74,202.969,202.969,0.630235,929.133,-0.0221596,17081.7,0.0,3.07029,6.404,9.66563,15.4249,24.1563,33.7452,42.8242,56.0215,69.0839,74.9048,79.0486,82.5197,86.7455,91.0064,97.9809,109.583,52.5354,32.1189,14.15,-1.0,-1.0,-1.0,-1.0,-1.0
22.15,0.0,0.9999999999999998,3.7954469578854385e-42,4,224.898,1.17739e-05,-0.0696785,206.295,206.295,203.453,203.453,0.635305,930.506,-0.0221596,17122.4,0.0,3.02818,6.31618,9.53309,15.2134,23.8251,33.2825,42.237,55.2533,67.866,73.5322,77.6109,81.0388,85.2207,89.4441,96.3685,107.913,52.6988,32.2188,14.194,2.19174,2.18989,2.18871,2.18819,2.18835
22.172,0.0,0.9999999999999998,2.467040522625535e-42,4,225.499,1.87199e-05,-0.0867382,206.845,206.845,203.943,203.943,0.640388,931.882,-0.0221596,17163.7,0.0,2.98598,6.22815,9.40022,15.0013,23.493,32.8186,41.6483,54.4832,66.6413,72.1558,76.169,79.5534,83.6905,87.8758,94.7491,106.235,52.8626,32.3189,14.2381,-1.0,-1.0,-1.0,-1.0,-1.0
22.194,0.0,0.9999999999999998,1.603576339706598e-42,4,226.097,1.61377e-05,-0.0950508,207.397,207.397,204.445,204.445,0.645482,933.261,-0.0221596,17206.1,0.0,2.94369,6.13993,9.26707,14.7889,23.1603,32.3538,41.0584,53.7115,65.4103,70.7759,74.7232,78.0632,82.155,86.3017,93.1229,104.549,53.0267,32.4193,14.2823,-1.0,-1.0,-1.0,-1.0,-1.0
22.216,0.0,0.9999999999999998,1.0423246208092887e-42,4,226.687,-6.48053e-06,-0.121486,207.943,207.943,205.044,205.044,0.650594,934.645,-0.0221596,17256.4,0.0,2.90123,6.05138,9.13343,14.5756,22.8262,31.8872,40.4662,52.9369,64.1722,69.3921,73.2729,76.5682,80.614,84.7214,91.4896,102.854,53.1915,32.52,14.3267,-1.0,-1.0,-1.0,-1.0,-1.0
22.238,0.0,0.9999999999999998,6.7751100352603765e-43,4,227.282,-1.63032e-06,-0.139277,208.49,208.49,205.548,205.548,0.655719,936.032,-0.0221596,17298.7,0.0,2.85868,5.96263,8.99947,14.3618,22.4915,31.4195,39.8728,52.1605,62.9281,68.0047,71.8187,75.0686,79.0677,83.1349,89.8492,101.151,53.3566,32.621,14.3712,-1.0,-1.0,-1.0,-1.0,-1.0
22.26,0.0,0.9999999999999998,4.403821522919245e-43,4,227.874,-4.22993e-07,-0.14964,209.036,209.036,206.041,206.041,0.660853,937.422,-0.0221596,17340.2,0.0,2.81605,5.87371,8.86526,14.1476,22.1561,30.951,39.2781,51.3826,61.678,66.6139,70.3604,73.5643,77.5161,81.5425,88.2017,99.4391,53.5221,32.7221,14.4158,-1.0,-1.0,-1.0,-1.0,-1.0
22.282,0.0,0.9999999999999998,2.8624839898975096e-43,4,228.466,1.8791e-06,-0.158486,209.578,209.579,206.531,206.531,0.666006,938.816,-0.0221596,17381.4,0.0,2.77326,5.78446,8.73056,13.9327,21.8194,30.4807,38.6813,50.6019,60.4216,65.2192,68.8977,72.0552,75.9587,79.9438,86.5468,97.7183,53.6881,32.8237,14.4605,-1.0,-1.0,-1.0,-1.0,-1.0
22.304,0.0,0.9999999999999998,1.860614593433381e-43,4,229.055,5.86546e-06,-0.167089,210.12,210.12,207.025,207.025,0.671169,940.214,-0.0221596,17423.0,0.0,2.7304,5.69506,8.59562,13.7173,21.4822,30.0096,38.0835,49.8198,59.1597,63.8211,67.4312,70.5413,74.3959,78.3388,84.8847,95.9887,53.8545,32.9254,14.5053,-1.0,-1.0,-1.0,-1.0,-1.0
22.326,0.0,0.9999999999999998,1.2093994857316979e-43,4,229.639,-4.01075e-06,-0.175361,210.661,210.661,207.558,207.558,0.676345,941.616,-0.0221596,17468.1,0.0,2.68741,5.6054,8.4603,13.5014,21.144,29.5371,37.4839,49.0355,57.8919,62.4194,65.9605,69.0227,72.8276,76.7275,83.215,94.25,54.024,33.0273,14.5502,-1.0,-1.0,-1.0,-1.0,-1.0
22.348,0.0,0.9999999999999998,7.861096657256036e-44,4,230.222,-1.24377e-05,-0.1889,211.197,211.197,208.08,208.08,0.681536,943.021,-0.0221596,17511.9,0.0,2.64432,5.51551,8.32462,13.2848,20.8049,29.0634,36.8828,48.2491,56.6186,61.0141,64.4856,67.4993,71.2537,75.1098,81.5379,92.502,54.3373,33.1296,14.5953,-1.0,-1.0,-1.0,-1.0,-1.0
22.37,0.0,0.7499999999999998,5.109712827216424e-44,4,230.804,-1.42389e-05,-0.198752,211.733,211.733,208.579,208.579,0.686737,944.429,-0.0221596,17553.8,0.0,2.60113,5.42543,8.18866,13.0679,20.4651,28.5888,36.2804,47.4611,55.34,59.6052,63.0068,65.9712,69.6742,73.4857,79.8531,90.7447,54.9644,33.2321,14.6404,-1.0,-1.0,-1.0,-1.0,-1.0
22.392,0.0,0.5624999999999998,3.3213133376906756e-44,4,231.184,-1.73346e-05,-0.202741,212.197,212.197,207.19,207.19,0.691951,945.841,-0.0221596,17435.7,0.0,2.55784,5.33513,8.05238,12.8504,20.1245,28.113,35.6766,46.6712,54.0563,58.1933,61.5243,64.4388,68.0896,71.8555,78.161,88.9783,56.1936,33.3348,14.6857,-1.0,-1.0,-1.0,-1.0,-1.0
22.414,0.0,0.42187499999999983,2.1588536694989392e-44,4,231.297,-1.66283e-05,-0.204065,212.421,212.421,206.128,206.128,0.697162,947.254,-0.0221596,17345.8,0.0,2.51456,5.24487,7.91615,12.633,19.784,27.6373,35.073,45.8816,52.7698,56.7804,60.0403,62.9042,66.5017,70.2215,76.4638,87.205,60.3905,33.4375,14.7309,-1.0,-1.0,-1.0,-1.0,-1.0
22.436,0.0,0.3164062499999999,1.4032548851743107e-44,4,231.22,-2.90769e-05,-0.204877,212.436,212.436,205.244,205.244,0.702374,948.667,-0.0221596,17270.9,0.0,2.47129,5.15462,7.77993,12.4156,19.4436,27.1618,34.4695,45.0921,51.4813,55.3674,58.5559,61.3686,64.9122,68.5847,74.7627,85.4262,100.207,33.5402,14.7762,-1.0,-1.0,-1.0,-1.0,-1.0
22.458,0.0,0.23730468749999992,9.12115675363302e-45,4,231.002,-3.92163e-05,-0.208052,212.296,212.296,204.441,204.441,0.70759,950.079,-0.0221596,17202.8,0.0,2.42798,5.06427,7.64356,12.198,19.1028,26.6857,33.8653,44.3017,50.191,53.9551,57.0718,59.8326,63.3216,66.9462,73.0585,83.6427,98.3728,33.6429,14.8214,-1.0,-1.0,-1.0,-1.0,-1.0
22.48,0.0,0.17797851562499994,5.928751889861463e-45,4,230.681,-1.28241e-05,-0.205697,212.044,212.044,203.682,203.708,0.712803,951.489,-0.0221595,17139.7,0.0,2.3847,4.974,7.50731,11.9805,18.7623,26.21,33.2617,43.4737,48.9006,52.5444,55.589,58.2976,61.731,65.3068,71.3524,81.8553,96.5328,33.7456,14.8667,-1.0,-1.0,-1.0,-1.0,-1.0
22.502,0.0,0.13348388671874994,0.35,4,230.284,0.00176425,-0.197363,211.707,211.71,202.968,203.025,0.718002,952.897,-0.0221491,17080.8,0.0,2.34155,4.88409,7.37174,11.7645,18.4247,25.7396,32.6661,42.5785,47.6154,51.1398,54.1115,56.767,60.1438,63.6697,69.6469,80.0665,94.6889,33.847,14.9116,-1.0,-1.0,-1.0,-1.0,-1.0
22.524,0.0,0.10011291503906246,0.5774999999999999,4,229.137,0.00845564,-0.185441,204.917,204.925,199.938,200.115,0.723191,954.301,-0.0221092,16826.9,0.0,2.29855,4.79473,7.2373,11.5512,18.0935,25.2813,32.0897,41.6516,46.3448,49.7495,52.6471,55.2481,58.5668,62.0415,67.9485,78.2822,92.8467,33.945,14.9561,-1.0,-1.0,-1.0,-1.0,-1.0
22.546,0.0,0.07508468627929685,0.7253749999999999,4,227.158,0.0223488,-0.173562,198.08,198.095,196.625,196.92,0.728336,955.694,-0.0220226,16550.2,0.0,2.25601,4.70672,7.1054,11.3432,17.7739,24.844,31.5459,40.7179,45.1003,48.385,51.2067,53.7521,57.011,60.433,66.2675,76.5126,91.0162,34.0371,14.9994,-1.0,-1.0,-1.0,-1.0,-1.0
22.568,0.0,0.056313514709472635,0.8214937499999999,4,224.647,0.0419305,-0.158195,191.119,191.143,193.095,193.509,0.733419,957.074,-0.0218904,16256.4,0.0,2.21408,4.62031,6.97636,11.1411,17.4664,24.4283,31.035,39.782,43.8829,47.0483,49.7935,52.2819,55.4798,58.8479,64.6084,74.7622,89.2021,34.1231,15.0414,-1.0,-1.0,-1.0,-1.0,-1.0
22.59,0.0,0.04223513603210448,0.8839709374999999,4,221.793,0.0647999,-0.131328,184.042,184.078,189.465,190.003,0.738419,958.437,-0.0217209,15954.7,0.0,2.17291,4.53574,6.85045,10.945,17.1705,24.0322,30.5533,38.8449,42.6905,45.7387,48.4071,50.8381,53.9741,57.2873,62.9724,73.0332,87.4068,34.2034,15.0821,-1.0,-1.0,-1.0,-1.0,-1.0
22.612,0.0,0.031676352024078355,0.9245811093749999,4,218.723,0.0890229,-0.0983161,176.767,176.817,185.815,186.472,0.743337,959.782,-0.0215232,15652.0,0.0,2.13246,4.45285,6.72731,10.7539,16.884,23.6518,30.0945,37.9042,41.5193,44.4534,47.0455,49.419,52.4927,55.7505,61.3591,71.3254,85.6309,34.279,15.1216,-1.0,-1.0,-1.0,-1.0,-1.0
22.634,0.0,0.023757264018058766,0.95097772109375,4,215.524,0.112788,-0.0608663,169.158,169.225,182.239,183.005,0.748172,961.108,-0.0213075,15355.5,0.0,2.09272,4.37152,6.60663,10.567,16.605,23.2833,29.6524,36.9593,40.3657,43.1895,45.7064,48.0227,51.0339,54.2361,59.7677,69.6383,83.8743,34.3509,15.1602,-1.0,-1.0,-1.0,-1.0,-1.0
22.656,0.0,0.017817948013544076,0.9681355187109375,4,212.251,0.13456,-0.0154011,161.236,161.316,178.764,179.628,0.752921,962.414,-0.0210834,15067.1,0.0,2.0537,4.29169,6.48823,10.3839,16.332,22.9232,29.2216,36.0098,39.2266,41.9446,44.3875,46.6471,49.5962,52.7426,58.1969,67.9712,82.1365,34.434,15.1978,-1.0,-1.0,-1.0,-1.0,-1.0
22.678,0.0,0.013363461010158057,0.9792880871621094,4,208.953,0.153063,0.0293907,152.773,152.874,175.383,176.331,0.757551,963.7,-0.0208611,14786.3,0.0,2.01564,4.21382,6.37269,10.205,16.0651,22.571,28.8,35.0573,38.1008,40.7168,43.0874,45.2909,48.1779,51.2687,56.6452,66.3226,80.4163,34.6005,15.2344,-1.0,-1.0,-1.0,-1.0,-1.0
22.7,0.0,0.010022595757618543,0.6365372566553711,4,205.658,0.167425,0.0758456,143.644,143.766,172.161,173.173,0.762095,964.965,-0.0206487,14518.8,0.0,1.97826,4.13722,6.2589,10.0285,15.8009,22.221,28.3794,34.0997,36.9847,39.5032,41.8031,43.9512,46.7768,49.812,55.111,64.6912,78.7126,34.8766,15.2704,-1.0,-1.0,-1.0,-1.0,-1.0
22.722,-0.12,0.007516946818213907,0.4137492168259912,4,202.56,0.176019,0.121416,146.851,147.0,172.689,173.537,0.766549,966.211,-0.0204415,14561.9,0.0,1.94161,4.06205,6.14717,9.85498,15.5406,21.8754,27.9631,33.1419,35.8805,38.305,40.5359,42.6293,45.3938,48.3736,53.5947,63.0772,77.0255,35.2854,15.3057,-1.0,-1.0,-1.0,-1.0,-1.0
22.744,-0.1625,0.005637710113660431,0.26893699093689427,4,199.9,0.111665,0.150774,156.71,156.933,172.443,173.345,0.770775,967.44,-0.0189286,14542.3,0.0,1.90925,4.00503,6.07519,9.77966,15.5187,21.9982,28.152,32.6074,35.1577,37.4608,39.6019,41.6252,44.3118,47.2216,52.3447,61.703,75.5484,35.6453,15.3182,-1.0,-1.0,-1.0,-1.0,-1.0
22.766,-0.1625,0.0042282825852453226,0.1748090441089813,4,197.718,0.369769,0.164974,167.718,168.374,171.174,172.858,0.774401,968.654,-0.0134492,14468.8,0.0,1.88904,4.0017,6.12354,10.0113,16.2758,23.7259,29.4928,33.1618,35.4484,37.5729,39.5794,41.4974,44.066,46.8704,51.8452,61.0094,74.6702,35.4488,15.2629,-1.0,-1.0,-1.0,-1.0,-1.0
22.788,-0.1625,0.003171211938933992,0.11362587867083784,4,196.136,1.11361,0.165251,174.081,175.965,169.712,172.444,0.77698,969.856,-0.0029999,14391.4,0.0,1.88674,4.07463,6.34647,10.7181,18.3937,27.5664,31.6716,34.7391,36.7661,38.6955,40.55,42.3433,44.7685,47.4416,52.226,61.1299,74.5184,34.4617,15.1236,-1.0,-1.0,-1.0,-1.0,-1.0
22.81,-0.1625,0.002378408954200494,0.07385682113604461,4,195.074,2.31947,0.15466,175.122,178.137,168.56,172.193,0.778081,971.051,0.0116794,14333.8,0.0,1.90543,4.23371,6.77706,12.0751,22.9172,30.9246,34.2263,36.8979,38.719,40.4838,42.1996,43.8744,46.1602,48.698,53.2805,61.8934,74.9532,32.9219,14.9143,-1.0,-1.0,-1.0,-1.0,-1.0
22.832,-0.1625,0.0017838067156503705,0.048006933738429,4,194.219,3.7003,0.129516,174.942,178.467,167.753,171.837,0.777404,972.241,0.0284053,14285.4,0.0,1.94481,4.47304,7.41792,14.2643,27.7639,33.7969,36.6878,39.1049,40.7794,42.4176,44.0245,45.6021,47.7675,50.1873,54.5841,62.9139,75.6365,31.2836,14.671,-1.0,-1.0,-1.0,-1.0,-1.0
22.854,-0.1625,0.001337855036737778,0.03120450692997885,4,193.455,4.93655,0.113372,174.666,178.293,167.189,171.327,0.774754,973.425,0.0453247,14240.5,0.0,2.00414,4.78581,8.27204,17.6036,30.9046,36.1709,38.8147,41.0584,42.6283,44.1728,45.6944,47.1951,49.2635,51.5834,55.8201,63.8965,76.3019,29.7945,14.4207,-1.0,-1.0,-1.0,-1.0,-1.0
22.876,-0.1625,0.0010033912775533334,0.3702829295044862,4,192.747,5.88634,0.0942553,174.418,177.91,166.71,170.69,0.769967,974.605,0.0613896,14193.7,0.0,2.08365,5.17031,9.35664,22.185,33.2355,38.0614,40.5358,42.6556,44.1458,45.618,47.0737,48.5126,50.501,52.739,56.8393,64.6927,76.814,28.5168,14.1757,-1.0,-1.0,-1.0,-1.0,-1.0
22.898,-0.1625,0.000752543458165,0.5906839041779159,4,191.574,6.61076,0.0643064,165.37,168.974,163.354,167.22,0.763002,975.78,0.0761921,13901.8,0.0,2.18354,5.62825,10.7035,25.2499,34.9967,39.523,41.8729,43.8962,45.3246,46.7391,48.1399,49.5281,51.4509,53.6185,57.6022,65.2613,77.1312,27.4352,13.939,-1.0,-1.0,-1.0,-1.0,-1.0
22.92,-0.1625,0.00056440759362375,0.3839445377156454,4,189.73,7.20917,0.0229276,154.804,158.813,159.663,163.394,0.75409,976.944,0.0893089,13582.3,0.0,2.30101,6.14929,12.3117,27.2654,36.2624,40.567,42.8185,44.7658,46.1432,47.5098,48.8661,50.2122,52.0786,54.1874,58.0706,65.5616,77.2149,26.5465,13.7153,-1.0,-1.0,-1.0,-1.0,-1.0
22.942,-0.1625,0.00042330569521781253,0.24956394951516953,4,187.704,7.53878,0.0122471,155.459,159.654,159.33,162.729,0.743465,978.096,0.100953,13545.2,0.0,2.43452,6.73261,14.2158,28.6861,37.157,41.2843,43.456,45.3384,46.6729,47.9995,49.3174,50.6265,52.4448,54.5023,58.298,65.6407,77.1057,25.806,13.5018,-1.0,-1.0,-1.0,-1.0,-1.0
22.964,-0.1625,0.0003174792714133594,0.16221656718486022,4,185.95,7.68227,0.0309257,159.629,163.401,159.0,162.303,0.73101,979.235,0.112934,13514.5,0.0,2.59094,7.43956,16.6333,29.9578,38.0164,41.9915,44.0916,45.9164,47.2127,48.5021,49.7844,51.0598,52.8337,54.8424,58.5555,65.7558,77.036,25.0628,13.2765,-1.0,-1.0,-1.0,-1.0,-1.0
22.986,-0.1625,0.00023810945356001956,0.10544076867015914,4,184.576,7.92767,0.0756205,162.536,165.989,158.415,162.022,0.716502,980.365,0.126749,13479.3,0.0,2.77917,8.36139,18.9171,31.3535,39.0725,42.913,44.9482,46.7202,47.9798,49.234,50.483,51.7264,53.4562,55.4177,59.048,66.1032,77.1855,24.2151,13.0232,-1.0,-1.0,-1.0,-1.0,-1.0
23.008,-0.1625,0.00017858209017001468,0.06853649963560345,4,183.498,8.32916,0.153034,163.574,167.05,157.833,161.734,0.699743,981.485,0.142201,13442.8,0.0,3.00378,9.56835,21.0112,32.8464,40.2857,44.0064,45.9831,47.7055,48.9314,50.1535,51.3705,52.5825,54.2706,56.1865,59.7352,66.6433,77.5188,23.2945,12.7452,-1.0,-1.0,-1.0,-1.0,-1.0
23.03,-0.1625,0.000133936567627511,0.04454872476314224,4,182.597,8.83802,0.218426,163.76,167.318,157.229,161.317,0.680632,982.599,0.158478,13400.1,0.0,3.26633,11.1232,22.9398,34.3316,41.5332,45.1486,47.0716,48.7496,49.9445,51.1356,52.3229,53.5062,55.1549,57.0265,60.4973,67.2612,77.9279,22.3653,12.4516,-1.0,-1.0,-1.0,-1.0,-1.0
23.052,-0.1625,0.00010045242572063325,0.02895667109604246,4,181.801,9.33342,0.261502,163.667,167.208,156.707,160.81,0.659154,983.706,0.174717,13357.1,0.0,3.56642,12.9265,24.6693,35.7043,42.7009,46.2209,48.0962,49.7329,50.8989,52.0622,53.2224,54.3785,55.9898,57.8209,61.2174,67.8449,78.3067,21.4791,12.1512,-1.0,-1.0,-1.0,-1.0,-1.0
23.074,-0.1625,7.533931929047494e-05,0.018821836212427598,4,181.078,9.69866,0.276939,163.497,166.892,156.273,160.223,0.635308,984.807,0.190159,13314.3,0.0,3.90249,14.5433,26.1605,36.8853,43.6971,47.1315,48.962,50.561,51.7012,52.8385,53.9728,55.1039,56.6816,58.4743,61.8024,68.3036,35.0543,20.6677,11.8498,-1.0,-1.0,-1.0,-1.0,-1.0
23.096,-0.1625,5.6504489467856206e-05,0.012234193538077939,4,180.408,9.85353,0.282049,163.292,166.454,155.889,159.592,0.609123,985.902,0.204425,13271.7,0.0,4.27314,15.95,27.4048,37.8447,44.4872,47.8419,49.6315,51.1962,52.3115,53.4247,54.5356,55.6439,57.1896,58.9468,62.2114,68.5977,31.7513,19.9372,11.5497,-1.0,-1.0,-1.0,-1.0,-1.0
23.118,-0.1625,4.237836710089216e-05,0.007952225799750662,4,179.778,9.82893,0.273202,163.057,165.976,155.513,158.975,0.580623,986.99,0.217622,13230.1,0.0,4.67917,17.1744,28.4429,38.6156,45.1001,48.3797,50.1315,51.6629,52.7553,53.8464,54.9355,56.0218,57.5376,59.2621,62.4668,68.7476,29.731,19.2712,11.2487,-1.0,-1.0,-1.0,-1.0,-1.0
23.14,-0.1625,3.178377532566912e-05,0.00516894676983793,4,179.179,9.65423,0.257639,162.761,165.46,155.136,158.39,0.549825,988.073,0.229888,13189.8,0.0,5.12167,18.2449,29.3102,39.2295,45.5636,48.7732,50.4882,51.9886,53.0598,54.1296,55.1975,56.2632,57.7512,59.4446,62.5933,68.7741,28.204,18.6558,10.9447,-1.0,-1.0,-1.0,-1.0,-1.0
23.162,-0.1625,2.383783149425184e-05,0.0033598154003946544,4,178.603,9.29344,0.273504,162.445,164.931,154.829,157.832,0.516784,989.149,0.2412,13153.5,0.0,5.59999,19.1714,30.019,39.6938,45.8846,49.0268,50.7071,52.1785,53.2289,54.2782,55.3262,56.3726,57.8341,59.4976,62.594,68.6798,26.9781,18.0863,10.6378,2.9621,2.97341,2.98572,2.99906,3.01343
23.184,-0.1625,1.7878373620688882e-05,0.0021838800102565257,4,178.05,8.82324,0.284489,162.105,164.406,154.476,157.29,0.481507,990.22,0.25176,13115.8,0.0,6.10289,19.9815,30.6044,40.0428,46.0961,49.1728,50.8203,52.2632,53.2935,54.3234,55.3525,56.3805,57.8161,59.4512,62.4982,68.4929,25.9343,17.5501,10.3336,-1.0,-1.0,-1.0,-1.0,-1.0
23.206,-0.1625,1.3408780215516662e-05,0.0014195220066667417,4,177.512,8.33854,0.287245,161.711,163.911,154.065,156.803,0.444018,991.284,0.262053,13078.0,0.0,6.59506,20.7184,31.1237,40.3384,46.2594,49.2738,50.8893,52.3044,53.3156,54.3269,55.3378,56.3473,57.7581,59.3659,62.3653,68.2707,24.966,17.0263,10.0315,-1.0,-1.0,-1.0,-1.0,-1.0
23.228,-0.1625,1.0056585161637497e-05,0.0009226893043333821,4,176.984,7.90082,0.286456,161.281,163.464,153.623,156.366,0.404392,992.341,0.272444,13041.1,0.0,7.07718,21.4127,31.6163,40.6221,46.4176,49.3725,50.9566,52.3453,53.3383,54.3315,55.3241,56.316,57.7027,59.2843,62.2376,68.0533,24.0171,16.5016,9.72958,-1.0,-1.0,-1.0,-1.0,-1.0
23.25,-0.1625,7.542438871228123e-06,0.0005997480478166984,4,176.46,7.53063,0.298733,160.799,163.024,153.153,155.952,0.362665,993.393,0.283177,13003.9,0.0,7.55254,22.0863,32.1079,40.9201,46.5971,49.495,51.0492,52.4128,53.3878,54.3631,55.3383,56.3131,57.6767,59.2329,62.1411,67.8662,23.0605,15.9684,9.42666,-1.0,-1.0,-1.0,-1.0,-1.0
23.272,-0.1625,5.656829153421092e-06,0.00038983623108085395,4,175.936,7.27232,0.329974,160.27,162.622,152.641,155.575,0.318843,994.438,0.29446,12966.5,0.0,8.02602,22.7661,32.6315,41.2683,46.8349,49.6779,51.204,52.5432,53.5007,54.4589,55.4172,56.3756,57.7169,59.2485,62.1112,67.7449,22.067,15.4167,9.12082,-1.0,-1.0,-1.0,-1.0,-1.0
23.294,-0.1625,4.242621865065819e-06,0.00025339355020255504,4,175.416,7.13852,0.355405,159.768,162.245,152.137,155.195,0.274134,995.454,0.293251,12929.3,0.0,8.49724,23.4469,33.176,41.6534,47.1159,49.9073,51.4065,52.7217,53.6625,54.6043,55.5467,56.4894,57.8093,59.3172,62.1336,67.6757,21.0603,14.8529,8.81321,-1.0,-1.0,-1.0,-1.0,-1.0
23.316,-0.1625,0.2500031819663988,0.00016470580763166078,4,174.897,7.04428,0.402845,159.269,161.822,151.684,154.797,0.229666,996.472,0.292307,12893.6,0.0,8.96317,24.1103,33.7131,42.0406,47.4046,50.1471,51.6198,52.9123,53.8372,54.7634,55.6905,56.6182,57.9177,59.4019,62.1723,67.6225,20.076,14.2886,8.50597,-1.0,-1.0,-1.0,-1.0,-1.0
23.338,-0.1625,0.4375023864747991,0.0001070587749605795,4,174.447,6.89163,0.453705,158.827,161.325,154.533,154.533,0.185413,997.49,0.290867,13006.2,0.0,9.41404,24.7079,34.1771,42.3555,47.6232,50.3174,51.7645,53.0352,53.945,54.8562,55.7686,56.6819,57.9613,59.4211,62.1473,67.5069,19.1708,13.7458,8.2029,-1.0,-1.0,-1.0,-1.0,-1.0
23.36,-0.1625,0.5781267898560993,6.958820372437668e-05,4,174.32,6.60831,0.501684,158.602,160.937,156.059,156.059,0.141352,998.51,0.288439,13133.3,0.0,9.84194,25.2106,34.529,42.5547,47.7257,50.3717,51.794,53.0435,53.9385,54.8352,55.7333,56.6325,57.8909,59.3272,62.0097,67.283,18.3644,13.2351,7.90601,-1.0,-1.0,-1.0,-1.0,-1.0
23.382,-0.1625,0.6835950923920745,4.523233242084484e-05,4,174.38,6.30282,0.544228,158.571,160.802,157.227,157.227,0.097463,999.533,0.285458,13231.7,0.0,10.2531,25.6539,34.8154,42.6888,47.7641,50.3632,51.7612,52.9902,53.8708,54.7534,55.6374,56.5218,57.7596,59.1732,61.8122,67.0016,17.6081,12.7405,7.61237,-1.0,-1.0,-1.0,-1.0,-1.0
23.404,-0.1625,0.7626963192940559,2.9401016073549147e-05,4,174.578,6.02217,0.570016,158.686,160.847,158.23,158.23,0.0538152,1000.56,0.281861,13316.2,0.0,10.6487,26.0474,35.0494,42.7712,47.7525,50.3057,51.6803,52.8892,53.7557,54.6242,55.4935,56.3633,57.5812,58.9723,61.5684,66.6759,16.8883,12.2582,7.32153,-1.0,-1.0,-1.0,-1.0,-1.0
23.426,-0.1625,0.8220222394705419,1.9110660447806946e-05,4,174.892,5.72402,0.607554,158.926,161.007,158.964,158.964,0.0104726,1001.59,0.277733,13377.7,0.0,11.0259,26.3843,35.222,42.7923,47.6803,50.1888,51.5403,52.7295,53.582,54.4358,55.2906,56.1461,57.3446,58.7127,61.2674,66.2941,16.2086,11.7905,7.03435,-1.0,-1.0,-1.0,-1.0,-1.0
23.448,-0.1625,0.8665166796029065,1.2421929291074515e-05,4,175.283,5.38947,0.637373,159.275,161.243,159.664,159.664,-0.0325203,1002.63,0.272895,13437.1,0.0,11.381,26.6558,35.3214,42.7387,47.5333,49.9975,51.3261,52.4956,53.3333,54.1727,55.0133,55.8549,57.0337,58.3791,60.8932,65.8414,15.5745,11.3405,6.75176,-1.0,-1.0,-1.0,-1.0,-1.0
23.47,-0.1625,0.8998875097021799,8.074254039198434e-06,4,175.728,5.05287,0.665366,159.688,161.576,160.38,160.38,-0.0750656,1003.68,0.267639,13497.7,0.0,11.7178,26.8822,35.3735,42.6389,47.3414,49.7618,51.068,52.217,53.0403,53.8654,54.6921,55.5198,56.6787,58.002,60.4757,65.3472,14.9666,10.9015,6.47296,-1.0,-1.0,-1.0,-1.0,-1.0
23.492,-0.1625,0.924915632276635,5.2482651254789825e-06,4,176.209,4.79638,0.683002,160.118,162.006,161.112,161.112,-0.117106,1004.74,0.262354,13559.7,0.0,12.0436,27.0939,35.418,42.5366,47.1502,49.5284,50.8119,51.9407,52.7499,53.5611,54.3741,55.1876,56.3268,57.6285,60.0618,64.8571,14.3585,10.4628,6.19624,-1.0,-1.0,-1.0,-1.0,-1.0
23.514,-0.1625,0.9436867242074762,3.4113723315613387e-06,4,176.721,4.65318,0.691,160.551,162.504,161.829,161.829,-0.158566,1005.8,0.257217,13619.7,0.0,12.362,27.3052,35.4732,42.4521,46.981,49.3184,50.5792,51.6885,52.484,53.2817,54.0805,54.88,56.0001,57.2806,59.6733,64.3924,13.7398,10.0205,5.92097,-1.0,-1.0,-1.0,-1.0,-1.0
23.536,-0.1625,0.9577650431556072,2.2173920155148703e-06,4,177.264,4.58256,0.720424,161.003,163.034,162.378,162.378,-0.199388,1006.87,0.252365,13666.0,0.0,12.6724,27.5138,35.5344,42.3808,46.8292,49.1262,50.365,51.4555,52.2377,53.0214,53.8063,54.5922,55.6937,56.9526,59.3055,22.4383,13.1157,9.57681,5.64784,-1.0,-1.0,-1.0,-1.0,-1.0
23.558,-0.1625,0.9683237823667054,1.4413048100846658e-06,4,177.814,4.56616,0.749638,161.477,163.575,163.026,163.026,-0.239536,1007.94,0.247678,13720.9,0.0,12.973,27.7129,35.5923,42.3118,46.6831,48.9398,50.1574,51.2296,51.9979,52.7679,53.5393,54.3121,55.3952,56.6322,58.9462,20.4766,12.4942,9.13529,5.37787,-1.0,-1.0,-1.0,-1.0,-1.0
23.58,-0.1625,0.976242836775029,9.368481265550328e-07,4,178.369,4.61592,0.789316,161.953,164.141,163.712,163.712,-0.279012,1009.03,0.243363,13778.8,0.0,13.2676,27.9139,35.6613,42.2611,46.5585,48.7762,49.9734,51.0267,51.7815,52.5383,53.2969,54.0567,55.1208,56.3366,58.6119,18.8646,11.8684,8.69285,5.11048,-1.0,-1.0,-1.0,-1.0,-1.0
23.602,-0.04250000000000001,0.9821821275812718,6.089512822607713e-07,4,178.928,4.75802,0.815665,162.416,164.705,164.412,164.412,-0.317774,1010.12,0.239209,13837.7,0.0,13.5562,28.1169,35.7418,42.2287,46.4546,48.6352,49.8116,50.8465,51.5885,52.3326,53.0784,53.8248,54.8704,56.0656,58.3018,17.4274,11.2408,8.25058,4.846,-1.0,-1.0,-1.0,-1.0,-1.0
23.624,-0.02803776,0.9866365956859539,3.9581833346950136e-07,4,179.526,5.0242,0.843883,163.413,165.485,164.906,164.906,-0.355628,1011.23,0.233648,13877.7,0.0,13.8097,28.2274,35.7125,42.0791,46.2291,48.3711,49.5261,50.5428,51.272,52.0033,52.7356,53.4688,54.4963,55.6716,57.8694,16.352,10.6774,7.83848,4.59101,-1.0,-1.0,-1.0,-1.0,-1.0
23.646,-0.02695116,0.9899774467644654,2.5728191675517593e-07,4,180.182,4.81369,0.880345,164.396,165.814,165.186,165.186,-0.392323,1012.34,0.224593,13901.5,0.0,13.9913,28.1332,35.4321,41.652,45.7141,47.8128,48.9452,49.9425,50.6582,51.3757,52.0945,52.8145,53.8241,54.9793,57.1406,15.8188,10.2483,7.48932,4.35317,-1.0,-1.0,-1.0,-1.0,-1.0
23.668,-0.025565759999999996,0.992483085073349,1.6723324589086438e-07,4,180.854,4.23715,0.918708,165.274,166.177,165.512,165.512,-0.42775,1013.46,0.213048,13929.2,0.0,14.1179,27.8983,34.982,41.0377,45.0034,47.0556,48.1641,49.1412,49.8427,50.546,51.2511,51.9576,52.9491,54.0841,56.2099,15.6658,9.9124,7.18504,4.12959,-1.0,-1.0,-1.0,-1.0,-1.0
23.69,-0.02400132,0.9943623138050117,1.0870160982906185e-07,4,181.529,3.55634,0.950484,166.052,166.656,165.911,165.911,-0.461726,1014.59,0.200011,13963.0,0.0,14.2073,27.5864,34.443,40.3263,44.1913,46.1954,47.2794,48.2356,48.9223,49.6112,50.3023,50.9952,51.9682,53.0828,55.1731,15.843,9.63536,6.91036,3.91798,-1.0,-1.0,-1.0,-1.0,-1.0
23.712,-0.022315799999999997,0.9957717353537587,7.06560463888902e-08,4,182.205,2.91395,0.97112,166.763,167.211,166.371,166.371,-0.494053,1015.73,0.185965,14001.5,0.0,14.2692,27.232,33.8586,39.5665,43.3291,45.2842,46.3431,47.278,47.9497,48.624,49.3008,49.9799,50.9341,52.028,54.0823,16.5242,9.40263,6.6583,3.7176,-1.0,-1.0,-1.0,-1.0,-1.0
23.734,-0.02057232,0.996828801515319,4.592643015277864e-08,4,182.889,2.35358,1.00206,167.444,167.806,166.779,166.779,-0.524483,1016.88,0.171436,14036.3,0.0,14.3076,26.85,33.248,38.7802,42.4396,44.3453,45.3789,46.2923,46.9488,47.6083,48.2707,48.9357,49.8708,50.9438,52.9616,56.9939,9.21389,6.42857,3.52942,-1.0,-1.0,-1.0,-1.0,-1.0
23.756,-0.01879212,0.9976216011364893,2.9852179599306114e-08,4,183.565,1.89226,1.03047,168.101,168.421,167.321,167.321,-0.552849,1018.04,0.156601,14082.3,0.0,14.325,26.4489,32.622,37.9798,41.536,43.3922,44.4003,45.2919,45.9332,46.5778,47.2256,47.8764,48.7922,49.844,51.8247,55.7942,9.07282,6.22228,3.35454,-1.0,-1.0,-1.0,-1.0,-1.0
23.778,-0.13879212,0.998216200852367,1.9403916739548975e-08,4,184.238,1.54312,1.05682,168.737,169.046,167.917,167.917,-0.578965,1019.21,0.141613,14132.5,0.0,14.3229,26.0347,31.9883,37.1743,40.6281,42.4349,43.4176,44.2874,44.9134,45.5431,46.1763,46.8127,47.7091,48.7394,50.6826,54.588,8.98698,6.04217,3.19452,-1.0,-1.0,-1.0,-1.0,-1.0
23.8,-0.1625,0.9986621506392752,1.2612545880706834e-08,4,184.889,1.15394,1.07365,168.912,169.638,168.563,168.563,-0.602884,1020.39,0.128603,14187.3,0.0,14.3365,25.7114,31.4805,36.5187,39.8818,41.6441,42.6038,43.4534,44.0652,44.6809,45.3004,45.9235,46.8015,47.8111,49.7178,53.5584,8.85824,5.85288,3.04285,-1.0,-1.0,-1.0,-1.0,-1.0
23.822,-0.1625,0.9989966129794564,8.198154822459442e-09,4,185.511,1.41442,1.09489,168.985,170.566,169.253,169.253,-0.624891,1021.58,0.12006,14245.4,0.0,14.3953,25.5592,31.2018,36.1329,39.4263,41.1533,42.0941,42.9268,43.5267,44.1306,44.7385,45.3502,46.212,47.203,49.0763,52.8535,8.58154,5.62005,2.89268,-1.0,-1.0,-1.0,-1.0,-1.0
23.844,-0.1625,0.9992474597345923,5.3288006345986376e-09,4,186.112,2.07419,1.11648,169.222,171.45,170.035,170.035,-0.645109,1022.77,0.114155,14311.6,0.0,14.4738,25.4945,31.0442,35.8918,39.1276,40.8252,41.7491,42.5672,43.1567,43.7505,44.3482,44.9495,45.7962,46.7703,48.613,52.3287,8.23382,5.37261,2.74865,-1.0,-1.0,-1.0,-1.0,-1.0
23.866,-0.1625,0.9994355948009442,3.4637204124891143e-09,4,186.699,2.86471,1.13687,169.568,172.159,170.85,170.85,-0.663653,1023.97,0.109529,14380.1,0.0,14.5542,25.4605,30.9337,35.7085,38.8925,40.5626,41.4713,42.2762,42.8563,43.4407,44.0287,44.6198,45.4524,46.4108,48.2238,51.8923,7.87662,5.13137,2.61415,-1.0,-1.0,-1.0,-1.0,-1.0
23.888,-0.1625,0.7495766961007082,2.2514182681179247e-09,4,187.275,3.65429,1.1504,169.976,172.736,171.635,171.635,-0.680592,1025.18,0.105042,14446.0,0.0,14.626,25.4253,30.8276,35.5326,38.6681,40.3111,41.2055,41.9979,42.569,43.1437,43.7219,44.3034,45.1227,46.0662,47.8496,51.4986,7.54452,4.90801,2.49074,-1.0,-1.0,-1.0,-1.0,-1.0
23.91,-0.1625,0.5621825220755312,1.4634218742766511e-09,4,187.701,4.29337,1.16569,170.407,173.184,170.046,170.046,-0.695978,1026.4,0.100258,14308.9,0.0,14.6807,25.3628,30.691,35.3243,38.41,40.0264,40.9067,41.6864,42.2478,42.813,43.3817,43.9538,44.7602,45.6885,47.4425,51.0977,7.26233,4.71115,2.37927,-1.0,-1.0,-1.0,-1.0,-1.0
23.932,-0.1625,0.4216368915566484,9.512242182798233e-10,4,187.877,4.64712,1.18008,170.755,173.38,168.708,168.708,-0.709913,1027.62,0.0944637,14196.4,0.0,14.7094,25.2458,30.4883,35.0424,38.0742,39.6631,40.5283,41.2941,41.8458,42.4012,42.9604,43.5231,44.3162,45.2284,46.9533,50.6305,7.05511,4.54855,2.28052,-1.0,-1.0,-1.0,-1.0,-1.0
23.954,-0.1625,0.3162276686674863,6.182957418818852e-10,4,187.866,4.78099,1.18743,170.943,173.385,167.682,167.682,-0.722439,1028.84,0.0877678,14109.8,0.0,14.7145,25.0809,30.228,34.6964,37.6711,39.2311,40.0801,40.8318,41.3736,41.9194,42.4688,43.0218,43.8006,44.6969,46.3929,50.1022,6.9195,4.41804,2.19423,-1.0,-1.0,-1.0,-1.0,-1.0
23.976,-0.1625,0.23717075150061473,4.018922322232254e-10,4,187.721,4.80679,1.18969,170.959,173.281,166.804,166.804,-0.733537,1030.07,0.0803092,14035.6,0.0,14.702,24.8868,29.934,34.3137,37.2303,38.7604,39.5932,40.3309,40.8629,41.3989,41.9386,42.4813,43.2459,44.1264,45.7963,49.5461,6.8427,4.31461,2.11974,-1.0,-1.0,-1.0,-1.0,-1.0
23.998,-0.1625,0.17787806362546105,2.6122995094509647e-10,4,187.478,4.82395,1.19343,170.815,173.124,165.021,167.004,-0.74317,1031.29,0.0728865,13968.8,0.0,14.6794,24.6852,29.633,33.9254,36.7856,38.2858,39.1029,39.8271,40.3495,40.8758,41.4053,41.938,42.6889,43.554,45.2117,49.0066,6.80838,4.23311,2.05602,-1.0,-1.0,-1.0,-1.0,-1.0
24.02,-0.1625,0.13340854771909577,1.6979946811431272e-10,4,187.156,4.9489,1.19904,170.521,172.95,164.114,166.522,-0.751348,1032.52,0.0662342,13910.2,0.0,14.6548,24.4975,29.3536,33.5648,36.3716,37.8439,38.6463,39.3578,39.8708,40.3873,40.9072,41.4305,42.1684,43.0189,44.6835,48.5362,6.79627,4.1673,2.002,-1.0,-1.0,-1.0,-1.0,-1.0
24.042,-0.1625,0.10005641078932183,1.1036965427430327e-10,4,186.775,5.18318,1.20141,170.141,172.719,163.31,166.022,-0.758121,1033.75,0.0603467,13855.1,0.0,14.6283,24.3225,29.0944,33.2299,35.9862,37.4325,38.2212,38.9201,39.4238,39.9312,40.4421,40.9564,41.682,42.5238,44.2138,48.1378,6.81021,4.11754,1.95778,-1.0,-1.0,-1.0,-1.0,-1.0
24.064,-0.1625,0.07504230809199137,7.174027527829712e-11,4,186.35,5.48573,1.20422,169.714,172.419,162.578,165.523,-0.763508,1034.97,0.0547425,13803.3,0.0,14.5978,24.1543,28.8472,32.9112,35.619,37.0409,37.8159,38.5025,38.9975,39.4963,39.9987,40.5046,41.2206,42.0731,43.7942,47.8021,6.85937,4.08611,1.92395,-1.0,-1.0,-1.0,-1.0,-1.0
24.086,-0.1625,0.056281731068993535,4.663117893089313e-11,4,185.89,5.82591,1.20377,169.263,172.059,161.896,165.014,-0.76749,1036.19,0.0494617,13753.0,0.0,14.5612,23.9868,28.6037,32.5989,35.2603,36.6583,37.4198,38.0947,38.5814,39.072,39.5663,40.066,40.7907,41.6594,43.4157,47.5187,6.95465,4.07632,1.90065,-1.0,-1.0,-1.0,-1.0,-1.0
24.108,-0.1625,0.04221129830174515,3.0310266305080535e-11,4,185.403,6.17779,1.20083,168.794,171.652,161.254,164.498,-0.770121,1037.42,0.0444784,13704.2,0.0,14.5173,23.8147,28.357,32.2853,34.9024,36.2763,37.0249,37.6886,38.1674,38.6502,39.1424,39.6502,40.3891,41.2757,43.0709,47.2792,7.10874,4.09065,1.88785,-1.0,-1.0,-1.0,-1.0,-1.0
24.13,-0.1625,0.03165847372630887,1.9701673098302348e-11,4,184.897,6.51191,1.19141,168.324,171.202,160.66,163.968,-0.771453,1038.63,0.0395814,13656.9,0.0,14.464,23.6309,28.0987,31.9603,34.5333,35.8835,36.6197,37.2726,37.745,38.2308,38.7323,39.2502,40.0041,40.9096,42.7461,47.0674,7.34608,4.13212,1.88589,-1.0,-1.0,-1.0,-1.0,-1.0
24.152,-0.1625,0.02374385529473165,1.2806087513896527e-11,4,184.377,6.79628,1.18165,167.854,170.717,160.107,163.433,-0.771506,1039.85,0.0343126,13611.1,0.0,14.3998,23.4312,27.8232,31.6175,34.1457,35.4728,36.1967,36.8438,37.3231,37.818,38.3291,38.8572,39.6266,40.5517,42.4312,46.8708,7.69646,4.20355,1.89535,-1.0,-1.0,-1.0,-1.0,-1.0
24.174,-0.1625,0.017807891471048738,8.323956884032742e-12,4,183.848,7.03342,1.16512,167.379,170.212,159.562,162.892,-0.770248,1041.06,0.0287997,13565.4,0.0,14.325,23.2149,27.5296,31.2558,33.7385,35.0428,35.7605,36.4177,36.9056,37.4097,37.9305,38.4691,39.2545,40.1998,42.1237,46.6868,8.20291,4.3083,1.91624,10.6217,10.6221,10.6252,10.6311,10.6398
24.196,-0.1625,0.013355918603286554,5.4105719746212825e-12,4,183.31,7.24088,1.14444,166.893,169.707,159.028,162.369,-0.767719,1042.27,0.0232711,13520.9,0.0,14.2407,22.9852,27.2211,30.8792,33.3167,34.6036,35.3319,36.0006,36.4974,37.011,37.542,38.0915,38.8935,39.8599,41.8304,46.5245,8.94259,4.44774,1.94825,-1.0,-1.0,-1.0,-1.0,-1.0
24.218,-0.1625,0.010016938952464916,3.516871783503834e-12,4,182.768,7.40545,1.11958,166.412,169.192,158.519,161.84,-0.76395,1043.48,0.0176162,13477.3,0.0,14.1461,22.7382,26.8936,30.4827,32.8755,34.1659,34.9061,35.5865,36.0922,36.6154,37.1569,37.7175,38.5364,39.5244,41.543,46.3736,10.196,4.62614,1.9918,-1.0,-1.0,-1.0,-1.0,-1.0
24.24,-0.1625,0.2575127042143487,2.285966659277492e-12,4,182.225,7.50236,1.09806,165.936,168.66,158.042,161.312,-0.758956,1044.68,0.0114566,13435.0,0.0,14.0403,22.4715,26.5442,30.0626,32.4167,33.7252,34.4772,35.1689,35.6836,36.2164,36.7681,37.3399,38.1758,39.1855,41.2528,46.2234,58.2702,4.84898,2.04764,-1.0,-1.0,-1.0,-1.0,-1.0
24.262,-0.1625,0.4431345281607615,1.4858783285303699e-12,4,181.74,7.49921,1.07319,165.482,168.097,160.983,160.983,-0.752701,1045.88,0.00453973,13549.3,0.0,13.9195,22.1765,26.1615,29.6059,31.9386,33.2636,34.026,34.7281,35.2509,35.7924,36.3536,36.9355,37.7872,38.8172,40.9305,46.0359,58.5558,5.12822,2.1166,-1.0,-1.0,-1.0,-1.0,-1.0
24.284,-0.1625,0.5823508961205711,9.658209135447406e-13,4,181.577,7.35203,1.04634,165.213,167.665,162.6,162.6,-0.745174,1047.08,-0.00325346,13683.8,0.0,13.7807,21.8454,25.7358,29.1011,31.4254,32.7628,33.5334,34.2437,34.773,35.3216,35.8905,36.481,37.3459,38.3931,40.5461,45.7721,58.7369,5.48141,2.19993,-1.0,-1.0,-1.0,-1.0,-1.0
24.306,-0.1625,0.6867631720904284,6.277835938040814e-13,4,181.611,7.11023,1.02273,165.161,167.459,163.785,163.785,-0.736345,1048.27,-0.011816,13783.4,0.0,13.6254,21.4825,25.2722,28.5545,30.8807,32.2269,33.0036,33.7201,34.2544,34.8086,35.3838,35.981,36.8567,37.9183,40.1052,45.4378,58.8205,5.92754,2.29834,-1.0,-1.0,-1.0,-1.0,-1.0
24.328,-0.1625,0.7650723790678213,4.080593359726529e-13,4,181.792,6.78381,1.00377,165.279,167.421,164.736,164.736,-0.726149,1049.46,-0.0211719,13863.4,0.0,13.4537,21.0876,24.7709,27.9726,30.3021,31.6531,32.4335,33.154,33.6917,34.2497,34.8293,35.4316,36.3154,37.388,39.6018,45.0246,58.7882,6.50642,2.41333,-1.0,-1.0,-1.0,-1.0,-1.0
24.35,-0.1625,0.8238042843008659,2.652385683822244e-13,4,182.083,6.39074,0.989245,165.524,167.521,165.521,165.521,-0.714534,1050.66,-0.0312446,13930.0,0.0,13.2657,20.6641,24.2364,27.3661,29.6925,31.0444,31.8262,32.5486,33.0882,33.6485,34.2307,34.8362,35.7254,36.8059,39.04,44.5365,58.6429,7.27497,2.54616,-1.0,-1.0,-1.0,-1.0,-1.0
24.372,-0.1625,0.8678532132256495,1.7240506944844586e-13,4,182.452,5.98989,0.964238,165.854,167.742,166.27,166.27,-0.701405,1051.85,-0.0417739,13992.9,0.0,13.0637,20.2197,23.6782,26.7449,29.0636,30.4138,31.1955,31.9185,32.4588,33.0202,33.604,34.2115,35.1044,36.1905,38.4406,44.0002,58.4289,8.35995,2.69845,-1.0,-1.0,-1.0,-1.0,-1.0
24.394,-0.1625,0.9008899099192371,1.1206329514148981e-13,4,182.883,5.61335,0.939161,166.239,168.065,166.919,166.919,-0.686687,1053.04,-0.0525147,14047.6,0.0,12.85,19.7607,23.1045,26.1181,28.4269,29.7739,30.5547,31.2774,31.8179,32.38,32.9647,33.5736,34.4694,35.5602,37.8241,43.4433,58.1947,10.1259,2.87299,-1.0,-1.0,-1.0,-1.0,-1.0
24.416,-0.1625,0.9256674324394278,7.284114184196838e-14,4,183.357,5.28418,0.919271,166.663,168.473,167.533,167.533,-0.670242,1054.24,-0.0640769,14099.5,0.0,12.6262,19.2922,22.5219,25.4939,27.7922,29.1358,29.9157,30.6381,31.1788,31.7413,32.327,32.9374,33.836,34.9316,37.21,42.8914,57.9894,117.145,3.07126,-1.0,-1.0,-1.0,-1.0,-1.0
24.438,-0.1625,0.9442505743295708,4.734674219727945e-14,4,183.859,5.03423,0.902632,167.107,168.948,168.171,168.171,-0.651897,1055.44,-0.0755451,14153.5,0.0,12.3935,18.8189,21.9371,24.8815,27.1707,28.5121,29.2917,30.0145,30.5559,31.1196,31.7069,32.3194,33.222,34.3238,36.6201,42.3752,57.874,121.635,3.29447,-1.0,-1.0,-1.0,-1.0,-1.0
24.46,-0.1625,0.9581879307471781,3.077538242823164e-14,4,184.38,4.89047,0.891106,167.554,169.477,168.803,168.803,-0.631609,1056.63,-0.0865179,14206.7,0.0,12.1529,18.3446,21.3619,24.2894,26.5733,27.9149,28.6957,29.4204,29.9637,30.5297,31.1201,31.7361,32.645,33.756,36.0769,41.9264,57.9176,127.599,3.5455,-1.0,-1.0,-1.0,-1.0,-1.0
24.482,-0.1625,0.9686409480603836,2.0003998578350567e-14,4,184.915,4.85374,0.886208,168.0,170.033,169.427,169.427,-0.609356,1057.83,-0.097177,14259.3,0.0,11.9044,17.8697,20.8048,23.7203,26.0035,27.3483,28.1322,28.8606,29.4072,29.9772,30.5722,31.1936,32.1116,33.2354,35.5892,41.5594,58.1616,135.69,3.82587,-1.0,-1.0,-1.0,-1.0,-1.0
24.504,-0.1625,0.9764807110452877,1.3002599075927869e-14,4,185.46,4.90523,0.885982,168.451,170.592,170.046,170.046,-0.58499,1059.03,-0.108148,14311.5,0.0,11.6474,17.392,20.2637,23.1715,25.4582,26.809,27.5979,28.3318,28.8831,29.4586,30.0598,30.6885,31.6182,32.7585,35.1538,41.2722,58.6197,145.17,4.13788,-1.0,-1.0,-1.0,-1.0,-1.0
24.526,-0.1625,0.9823605332839658,8.451689399353115e-15,4,186.012,5.01509,0.889526,168.912,171.14,170.638,170.638,-0.558459,1060.22,-0.118719,14361.2,0.0,11.3805,16.908,19.735,22.638,24.9314,26.2906,27.0858,27.8267,28.3839,28.9661,29.575,30.2123,31.1564,32.3163,34.7608,41.054,59.2906,153.539,4.4869,-1.0,-1.0,-1.0,-1.0,-1.0
24.548,-0.1625,0.9867703999629743,5.493598109579525e-15,4,186.567,5.15337,0.900757,169.386,171.678,171.228,171.228,-0.529781,1061.42,-0.128989,14410.9,0.0,11.1022,16.4152,19.2157,22.116,24.4185,25.7878,26.5906,27.3397,27.9037,28.4937,29.1115,29.759,30.7194,31.9019,34.4029,40.897,60.1818,161.199,4.87645,-1.0,-1.0,-1.0,-1.0,-1.0
24.57,-0.1625,0.9900777999722308,3.570838771226691e-15,4,187.125,5.3097,0.910649,169.867,172.202,171.815,171.815,-0.498913,1062.61,-0.13983,14460.3,0.0,10.8115,15.9193,18.7028,21.6014,23.9144,25.2951,26.1063,26.8645,27.4362,28.0349,28.6626,29.3212,30.2999,31.5076,34.0715,40.792,61.3012,168.339,5.31211,-1.0,-1.0,-1.0,-1.0,-1.0
24.592,-0.1625,0.992558349979173,2.321045201297349e-15,4,187.688,5.45846,0.92031,170.36,172.709,172.356,172.356,-0.465721,1063.81,-0.151029,14505.6,0.0,10.5078,15.4273,18.1927,21.0889,23.4125,24.8051,25.6252,26.3929,26.9727,27.5806,28.2187,28.8893,29.8875,31.1222,33.7542,40.7235,62.6446,175.004,5.80313,-1.0,-1.0,-1.0,-1.0,-1.0
24.614,-0.1625,0.9944187624843798,1.508679380843277e-15,4,188.253,5.56883,0.936504,170.873,173.207,172.881,172.881,-0.430197,1065.0,-0.162278,14550.0,0.0,10.1906,14.9371,17.6818,20.5734,22.9065,24.3105,25.1394,25.9167,26.5045,27.1217,27.7705,28.4534,29.4716,30.7343,33.4377,40.6745,64.206,181.204,6.3578,-1.0,-1.0,-1.0,-1.0,-1.0
24.636,-0.1625,0.9958140718632849,9.806415975481302e-16,4,188.815,5.65555,0.955877,171.388,173.711,173.416,173.416,-0.392368,1066.18,-0.173528,14595.0,0.0,9.86013,14.4502,17.1725,20.0581,22.4003,23.8158,24.6536,25.4408,26.037,26.6639,27.3239,28.0195,29.059,30.3514,33.1314,40.6611,66.0679,187.085,6.9896,-1.0,-1.0,-1.0,-1.0,-1.0
24.658,-0.1625,0.9968605538974636,6.374170384062846e-16,4,189.378,5.73482,0.966624,171.9,174.212,173.967,173.967,-0.352123,1067.36,-0.186021,14641.4,0.0,9.51594,13.9669,16.6648,19.543,21.8937,23.3207,24.1676,24.9649,25.5699,26.2069,26.8785,27.5876,28.6495,29.9735,32.8357,40.6871,68.2999,192.694,7.71414,-1.0,-1.0,-1.0,-1.0,-1.0
24.68,-0.1625,0.9976454154230977,4.14321074964085e-16,4,189.947,5.78616,0.981276,172.418,174.709,174.422,174.422,-0.309348,1068.54,-0.198535,14679.3,0.0,9.15785,13.4859,16.1567,19.0251,21.3828,22.8208,23.6767,24.4841,25.0978,25.745,26.4286,27.1516,28.2366,29.5934,32.5425,40.7439,70.9551,198.014,8.47408,-1.0,-1.0,-1.0,-1.0,-1.0
24.702,-0.1625,0.9982340615673233,2.6930869872665526e-16,4,190.513,5.79256,1.00582,172.953,175.211,174.916,174.916,-0.264069,1069.71,-0.211084,14721.2,0.0,8.78608,13.0072,15.648,18.5037,20.8667,22.315,23.1796,23.997,24.6194,25.2769,25.9725,26.7095,27.8183,29.2094,32.2499,40.8317,74.1352,200.0,9.18372,-1.0,-1.0,-1.0,-1.0,-1.0
24.724,-0.1625,0.9986755461754925,1.7505065417232594e-16,4,191.075,5.80509,1.02614,173.473,175.727,175.438,175.438,-0.216302,1070.87,-0.223982,14765.1,0.0,8.40202,12.5346,15.1443,17.9869,20.3556,21.8149,22.6889,23.517,24.1488,24.8175,25.5262,26.2786,27.4134,28.8421,31.9841,40.9977,78.1496,200.0,9.84269,-1.0,-1.0,-1.0,-1.0,-1.0
24.746,-0.1625,0.9990066596316194,1.1378292521201185e-16,4,191.638,5.8309,1.0369,173.985,176.24,175.953,175.953,-0.165848,1072.03,-0.237622,14808.0,0.0,8.01802,12.0675,14.6449,17.4736,19.8482,21.3193,22.2032,23.0429,23.6848,24.3655,25.0884,25.8575,27.0207,28.4906,31.745,41.2504,83.2883,200.0,10.4546,-1.0,-1.0,-1.0,-1.0,-1.0
24.768,-0.1625,0.9992549947237146,7.395890138780771e-17,4,192.209,5.82573,1.05807,174.509,176.744,176.355,176.355,-0.112682,1073.18,-0.251227,14842.0,0.0,7.64193,11.6038,14.1462,16.9582,19.3371,20.8193,21.7131,22.5644,23.2166,23.9096,24.6471,25.4336,26.6265,28.14,31.5152,41.5688,89.8476,111.552,11.0252,-1.0,-1.0,-1.0,-1.0,-1.0
24.79,-0.1625,0.999441246042786,4.8073285902075015e-17,4,192.772,5.79095,1.08304,175.042,177.254,176.844,176.844,-0.0568352,1074.32,-0.264762,14883.4,0.0,7.27407,11.1444,13.6492,16.4422,18.8241,20.3171,21.2207,22.0837,22.7466,23.4523,24.2051,25.0098,26.2341,27.7942,31.3005,41.9731,98.5081,98.0318,11.5566,-1.0,-1.0,-1.0,-1.0,-1.0
24.812,-0.1625,0.9995809345320894,3.1247635836348763e-17,4,193.331,5.77607,1.10007,175.559,177.774,177.372,177.372,0.000812292,1075.45,-0.263589,14927.9,0.0,6.91544,10.6927,13.1592,15.9332,18.3191,19.8243,20.739,21.6152,22.2898,23.0097,23.7796,24.6046,25.8643,27.477,31.1329,42.5351,110.768,88.345,12.0471,-1.0,-1.0,-1.0,-1.0,-1.0
24.834,-0.1625,0.999685700899067,2.0310963293626697e-17,4,193.892,5.78573,1.11273,176.066,178.296,177.868,177.868,0.0570052,1076.59,-0.253221,14969.0,0.0,6.56602,10.2488,12.6766,15.432,17.8235,19.3426,20.2698,21.1607,21.8487,22.5846,23.3737,24.2219,25.5217,27.1944,31.0228,43.2987,127.25,80.9845,12.4988,-1.0,-1.0,-1.0,-1.0,-1.0
24.856,-0.1625,0.9997642756743003,1.3202126140857354e-17,4,194.457,5.78192,1.13387,176.582,178.81,178.298,178.298,0.111365,1077.73,-0.242895,15005.5,0.0,6.2257,9.81155,12.1991,14.9345,17.3315,18.8654,19.8059,20.7127,21.415,22.1684,22.9785,23.852,25.1961,26.9357,30.9594,44.2734,138.471,75.261,12.9158,-1.0,-1.0,-1.0,-1.0,-1.0
24.878,-0.1625,0.9998232067557252,8.58138199155728e-18,4,195.018,5.76636,1.15095,177.103,179.317,178.776,178.776,0.163891,1078.88,-0.232659,15045.8,0.0,5.89439,9.38043,11.7256,14.4392,16.8412,18.3902,19.3446,20.2683,20.986,21.7581,22.5909,23.4919,24.8846,26.6983,30.9428,45.498,147.127,70.687,13.3011,-1.0,-1.0,-1.0,-1.0,-1.0
24.9,-0.1625,0.999867405066794,5.577898294512232e-18,4,195.577,5.74843,1.16274,177.623,179.824,179.271,179.271,0.214578,1080.03,-0.222472,15087.6,0.0,5.57237,8.95638,11.2576,13.9481,16.3549,17.92,18.8895,19.8314,20.5658,21.3583,22.2162,23.1477,24.5945,26.4917,30.99,47.0638,154.586,66.9041,13.6556,-1.0,-1.0,-1.0,-1.0,-1.0
24.922,-0.1625,0.9999005538000955,3.625633891432951e-18,4,196.133,5.7335,1.17782,178.141,180.341,179.775,179.775,0.263398,1081.19,-0.212249,15130.0,0.0,5.26021,8.54124,10.7979,13.4653,15.8787,17.462,18.4484,19.4109,20.1642,20.98,21.8663,22.8326,24.3417,26.3358,31.134,49.1319,161.378,63.6577,13.9787,-1.0,-1.0,-1.0,-1.0,-1.0
24.944,-0.1625,0.9999254153500716,2.356662029431418e-18,4,196.687,5.74803,1.19349,178.643,180.869,180.281,180.281,0.310342,1082.36,-0.201857,15172.6,0.0,4.9585,8.13718,10.3501,12.9965,15.4205,17.0264,18.0331,19.0201,19.7959,20.6393,21.5595,22.5673,24.151,26.262,31.429,51.9846,167.819,60.7615,14.2691,-1.0,-1.0,-1.0,-1.0,-1.0
24.966,-0.1625,0.9999440615125537,1.5318303191304219e-18,4,197.241,5.78647,1.20656,179.138,181.389,180.766,180.766,0.355389,1083.54,-0.191355,15213.1,0.0,4.66724,7.7438,9.91328,12.5404,14.9788,16.6114,17.642,18.6579,19.46,20.3359,21.296,22.353,24.0256,26.2776,31.9002,55.9504,173.963,58.1719,14.5294,-1.0,-1.0,-1.0,-1.0,-1.0
24.988,-0.1625,0.9999580461344153,9.956897074347743e-19,4,197.798,5.80637,1.22998,179.644,181.896,181.175,181.175,0.398518,1084.71,-0.180907,15247.6,0.0,4.38616,7.35946,9.48438,12.0917,14.546,16.2082,17.2654,18.3135,19.1454,20.0581,21.0639,22.1776,23.9538,26.3725,32.552,61.4802,179.756,55.8901,14.7641,-1.0,-1.0,-1.0,-1.0,-1.0
25.01,-0.1625,0.9999685346008115,6.471983098326033e-19,4,198.352,5.80154,1.25035,180.159,182.39,181.639,181.639,0.439711,1085.9,-0.170598,15286.7,0.0,4.11529,6.98377,9.06237,11.6482,14.1189,15.8128,16.8989,17.9825,18.8475,19.8015,20.8589,22.0374,23.9335,26.549,33.4121,69.4487,185.196,53.8815,14.9763,-1.0,-1.0,-1.0,-1.0,-1.0
25.032,-0.1625,0.9999764009506086,4.2067890139119214e-19,4,198.903,5.78388,1.26529,180.674,182.884,182.124,182.124,0.478946,1087.09,-0.160389,15327.6,0.0,3.8551,6.61808,8.64926,11.2128,13.7014,15.4302,16.5486,17.6722,18.5747,19.5759,20.6929,21.9468,23.9847,26.8375,34.5632,81.8259,190.361,52.0793,15.166,-1.0,-1.0,-1.0,-1.0,-1.0
25.054,-0.1625,0.9999823007129565,2.734412859042749e-19,4,199.452,5.76396,1.2802,181.188,183.387,182.621,182.621,0.516226,1088.29,-0.150193,15369.5,0.0,3.60599,6.26407,8.24778,10.7901,13.3005,15.0697,16.2254,17.3955,18.342,19.399,20.5869,21.9316,24.1423,27.2912,36.1506,103.606,195.349,50.4215,15.3324,-1.0,-1.0,-1.0,-1.0,-1.0
25.076,-0.1625,0.9999867255347173,1.777368358377787e-19,4,199.998,5.76825,1.29509,181.687,183.904,183.123,183.123,0.551538,1089.49,-0.139862,15411.7,0.0,3.36861,5.92419,7.86219,10.3872,12.9276,14.7466,15.948,17.1751,18.1757,19.3016,20.578,22.0368,24.4685,28.0054,38.4442,123.712,200.0,48.8474,15.4734,-1.0,-1.0,-1.0,-1.0,-1.0
25.098,-0.1625,0.999990044151038,1.1552894329455617e-19,4,200.544,5.79866,1.30568,182.177,184.417,183.615,183.615,0.584856,1090.7,-0.12942,15452.8,0.0,3.14324,5.59904,7.49331,10.0056,12.5853,14.4657,15.7231,17.0204,18.088,19.3002,20.6881,22.293,25.0126,29.0711,41.8129,134.492,200.0,47.3521,15.5904,-1.0,-1.0,-1.0,-1.0,-1.0
25.12,-0.1625,0.9999925331132785,7.509381314146152e-20,4,201.093,5.81939,1.32475,182.675,184.919,184.031,184.031,0.61617,1091.91,-0.118996,15488.0,0.0,2.92981,5.28796,7.13963,9.64243,12.2702,14.2235,15.5481,16.9304,18.0802,19.3992,20.9274,22.7189,25.8162,30.5875,46.8438,143.107,107.456,45.9535,15.6869,-1.0,-1.0,-1.0,-1.0,-1.0
25.142,-0.1625,0.9999943998349589,4.881097854194999e-20,4,201.639,5.82175,1.3411,183.18,185.411,184.493,184.493,0.645451,1093.13,-0.108673,15526.9,0.0,2.7286,4.99133,6.80138,9.29758,11.9821,14.0214,15.4261,16.9112,18.1618,19.6138,21.3199,23.353,26.9551,32.7308,54.7569,150.546,98.1418,44.6531,15.765,-1.0,-1.0,-1.0,-1.0,-1.0
25.164,-0.1625,0.9999957998762191,3.172713605226749e-20,4,202.183,5.81362,1.35308,183.685,185.9,184.971,184.971,0.672695,1094.36,-0.0984273,15567.2,0.0,2.53997,4.71047,6.48071,8.97481,11.728,13.8705,15.3727,16.985,18.3623,19.9843,21.9225,24.2791,28.5845,35.8581,68.6408,157.245,90.592,43.432,15.825,-1.0,-1.0,-1.0,-1.0,-1.0
25.186,-0.1625,0.9999968499071643,2.062263843397387e-20,4,202.724,5.80241,1.36574,184.189,186.397,185.457,185.457,0.697892,1095.58,-0.0881905,15608.1,0.0,2.36442,4.44734,6.18114,8.68064,11.5201,13.7905,15.4152,17.1901,18.7324,20.5805,22.835,25.6465,30.9926,40.6948,98.6407,163.466,84.2263,42.2667,15.8662,1.82647,1.82281,1.81972,1.8172,1.81523
25.208,-0.1625,0.9999976374303732,1.3404714982083016e-20,4,203.263,5.81031,1.37794,184.682,186.903,185.946,185.946,0.72103,1096.82,-0.0778505,15649.2,0.0,2.20252,4.20435,5.90717,8.42419,11.3767,13.8121,15.5974,17.5896,19.3575,21.5222,24.2341,27.7304,34.7546,48.9271,119.493,169.407,78.6998,41.1324,15.8871,-1.0,-1.0,-1.0,-1.0,-1.0
25.23,-0.1625,0.9999982280727799,8.713064738353961e-21,4,203.802,5.83605,1.38782,185.169,187.406,186.418,186.418,0.742091,1098.06,-0.0674337,15688.6,0.0,2.05465,3.98275,5.66109,8.2105,11.3105,13.9613,15.9611,18.2515,20.338,22.9652,26.3741,30.9741,40.9877,65.0241,130.146,175.112,73.8544,40.0302,15.8889,-1.0,-1.0,-1.0,-1.0,-1.0
25.252,-0.1625,0.999998671054585,5.663492079930075e-21,4,204.343,5.85082,1.40371,185.661,187.9,186.844,186.844,0.761056,1099.3,-0.0570468,15724.6,0.0,1.9211,3.78328,5.44409,8.04247,11.3315,14.2639,16.5534,19.2616,21.8128,25.1451,29.6817,36.2191,52.3757,102.898,138.688,180.554,69.6053,38.9716,15.8739,-1.0,-1.0,-1.0,-1.0,-1.0
25.274,-0.1625,0.9999990032909387,3.681269851954549e-21,4,204.881,5.8511,1.41708,186.159,188.385,187.303,187.303,0.777914,1100.55,-0.0467416,15763.4,0.0,1.80222,3.60732,5.25878,7.92632,11.4584,14.7644,17.4555,20.7716,24.0353,28.5185,35.0608,45.5029,78.0609,118.902,146.094,185.735,65.8564,37.958,15.8437,-1.0,-1.0,-1.0,-1.0,-1.0
25.296,-0.1625,0.999999252468204,2.392825403770457e-21,4,205.417,5.84419,1.42674,186.657,188.87,187.775,187.775,0.792655,1101.8,-0.0364929,15803.0,0.0,1.69854,3.45721,5.10995,7.87383,11.7248,15.543,18.8167,23.0725,27.5212,34.0983,44.8109,65.3451,111.12,128.892,152.784,190.739,62.5033,36.9805,15.7981,-1.0,-1.0,-1.0,-1.0,-1.0
25.318,-0.1625,0.999999439351153,1.555336512450797e-21,4,205.95,5.83678,1.43789,187.151,189.363,188.251,188.251,0.805266,1103.05,-0.0262339,15843.1,0.0,1.61067,3.33583,5.00391,7.90193,12.1836,16.7368,20.9108,26.7532,33.4274,44.5429,66.7415,105.205,122.821,137.117,159.01,196.059,59.4547,36.0267,15.7364,-1.0,-1.0,-1.0,-1.0,-1.0
25.34,-0.1625,0.9999995795133647,1.0109687330930181e-21,4,206.482,5.84673,1.44691,187.637,189.86,188.729,188.729,0.815742,1104.31,-0.0158939,15883.4,0.0,1.53921,3.24632,4.94805,8.03283,12.915,18.5831,24.2718,33.1588,44.908,69.5608,106.084,118.691,131.833,144.442,164.935,105.579,56.6418,35.0868,15.6579,-1.0,-1.0,-1.0,-1.0,-1.0
25.362,-0.1625,0.9999996846350235,6.571296765104618e-22,4,207.015,5.86693,1.45588,188.119,190.353,189.18,189.18,0.824067,1105.57,-0.0055058,15921.1,0.0,1.48469,3.19134,4.94902,8.2901,14.0283,21.4905,30.0148,45.9813,74.1708,107.014,118.881,128.268,139.609,151.164,170.601,94.1022,54.0403,34.1631,15.5637,-1.0,-1.0,-1.0,-1.0,-1.0
25.384,-0.1625,0.9999997634762676,4.271342897318001e-22,4,207.547,5.8773,1.46754,188.607,190.839,189.621,189.621,0.830223,1106.84,0.00484729,15958.3,0.0,1.44764,3.17358,5.01388,8.70227,15.691,26.2702,41.0406,80.8096,107.859,119.081,128.197,136.284,146.576,157.395,176.001,86.6863,51.6403,33.2619,15.4552,-1.0,-1.0,-1.0,-1.0,-1.0
25.406,-0.1625,0.9999998226072007,2.7763728832567007e-22,4,208.076,5.87843,1.47692,189.096,191.319,190.079,190.079,0.834197,1108.11,0.0151456,15996.9,0.0,1.42869,3.19661,5.15253,9.31276,18.2067,34.9258,68.4925,108.61,119.268,128.126,136.05,143.382,152.965,163.232,181.163,80.3958,49.4166,32.3824,15.3332,-1.0,-1.0,-1.0,-1.0,-1.0
25.428,-0.1625,0.9999998669554004,1.8046423741168554e-22,4,208.605,5.87556,1.48385,189.585,191.8,190.543,190.543,0.835963,1109.39,0.0254114,16036.0,0.0,1.42866,3.26508,5.37852,10.1875,22.1736,54.0164,104.391,119.468,128.074,135.838,143.053,149.874,158.935,168.766,186.327,74.9122,47.3394,31.5198,15.1974,-1.0,-1.0,-1.0,-1.0,-1.0
25.45,-0.1625,0.9999999002165503,1.173017543175956e-22,4,209.131,5.87487,1.49207,190.07,192.287,191.01,191.01,0.835549,1110.66,0.0357029,16075.3,0.0,1.44803,3.38366,5.70801,11.4252,28.9326,96.9519,116.076,128.093,135.693,142.787,149.515,155.96,164.613,174.087,191.974,70.0498,45.3792,30.6682,15.0476,-1.0,-1.0,-1.0,-1.0,-1.0
25.472,-0.1625,0.9999999251624128,7.624614030643713e-23,4,209.656,5.88646,1.49764,190.549,192.774,191.476,191.476,0.832924,1111.94,0.0460435,16114.4,0.0,1.48774,3.55856,6.16252,13.1805,42.1777,110.846,125.053,135.631,142.602,149.232,155.597,161.749,170.07,179.246,97.6125,65.6866,43.518,29.8244,14.8836,-1.0,-1.0,-1.0,-1.0,-1.0
25.494,-0.1625,0.9999999438718096,4.955999119918414e-23,4,210.181,5.90031,1.50497,191.028,193.258,191.915,191.915,0.828067,1113.23,0.0564017,16151.3,0.0,1.54866,3.79612,6.76718,15.6959,76.9211,120.489,132.777,142.469,149.0,155.283,161.365,167.279,175.324,184.623,87.2694,61.7496,41.7492,28.99,14.706,-1.0,-1.0,-1.0,-1.0,-1.0
25.516,-0.1625,0.9999999579038572,3.221399427946969e-23,4,210.705,5.9073,1.51233,191.509,193.736,192.362,192.362,0.820983,1114.51,0.0667301,16189.0,0.0,1.63143,4.10283,7.55212,19.3831,102.398,128.527,139.703,148.782,154.982,160.993,166.847,172.564,180.525,190.485,80.267,58.1841,40.0697,28.1674,14.5159,-1.0,-1.0,-1.0,-1.0,-1.0
25.538,-0.1625,0.9999999684278928,2.09390962816553e-23,4,211.227,5.90953,1.51804,191.991,194.212,192.816,192.816,0.811653,1115.8,0.0770296,16227.2,0.0,1.73699,4.48727,8.55971,25.0416,113.148,135.651,146.075,154.696,160.636,166.427,172.09,177.708,186.158,92.0514,74.2909,54.9297,38.4685,27.3551,14.3134,-1.0,-1.0,-1.0,-1.0,-1.0
25.56,-0.1625,0.9999999763209196,1.3610412583075943e-23,4,211.747,5.91012,1.52274,192.471,194.689,193.272,193.272,0.800073,1117.09,0.0873182,16265.6,0.0,1.8663,4.95949,9.84715,34.4229,121.695,142.174,152.045,160.304,166.032,171.638,177.248,183.223,97.406,82.7939,69.0187,51.9346,36.9345,26.5508,14.0984,-1.0,-1.0,-1.0,-1.0,-1.0
25.582,-0.1625,0.9999999822406898,8.846768178999363e-24,4,212.266,5.91446,1.52675,192.948,195.168,193.728,193.728,0.786224,1118.38,0.0976259,16303.9,0.0,2.02051,5.5321,11.4953,52.258,129.156,148.276,157.716,165.68,171.229,176.842,182.843,103.754,84.9386,76.123,64.3075,49.1546,35.4571,25.7518,13.8707,-1.0,-1.0,-1.0,-1.0,-1.0
25.604,-0.04250000000000001,0.9999999866805174,5.750399316349586e-24,4,212.784,5.92371,1.52971,193.422,195.645,194.18,194.18,0.770113,1119.68,0.107954,16341.9,0.0,2.20057,6.21882,13.6147,86.2126,135.933,154.054,163.145,170.861,176.492,182.521,98.4036,85.9447,77.4154,70.3321,60.0606,46.5612,34.0306,24.9577,13.6306,-1.0,-1.0,-1.0,-1.0,-1.0
25.626,0.0,0.999999990010388,3.7377595556272315e-24,4,213.33,5.97933,1.53346,194.501,196.421,194.541,194.541,0.751864,1120.98,0.116712,16371.6,0.0,2.40149,6.98154,16.0788,98.3385,141.124,158.549,167.379,175.136,181.119,98.2888,85.1945,78.643,72.0634,65.8353,56.6808,44.4223,32.8065,24.2497,13.3962,-1.0,-1.0,-1.0,-1.0,-1.0
25.648,0.0,0.9999999925077909,2.4295437111577007e-24,4,213.944,5.48708,1.53642,195.659,196.689,194.728,194.728,0.73185,1122.28,0.12108,16386.9,0.0,2.60964,7.6988,18.2323,102.725,143.074,160.11,168.789,176.714,182.864,89.2354,80.7326,75.2485,69.1909,63.3722,54.7662,43.1415,32.0185,23.7571,13.1978,-1.0,-1.0,-1.0,-1.0,-1.0
25.67,0.0,0.9999999943808432,1.5792034122525055e-24,4,214.586,4.39792,1.53902,196.632,196.917,194.911,194.911,0.710342,1123.58,0.121967,16402.7,0.0,2.82215,8.35097,19.8938,103.414,142.648,159.462,168.061,175.98,182.128,87.2128,79.1538,73.8442,67.935,62.253,53.8389,42.454,31.5393,23.4194,13.0248,-1.0,-1.0,-1.0,-1.0,-1.0
25.692,0.0,0.9999999957856324,1.0264822179641287e-24,4,215.225,3.21435,1.54087,197.422,197.324,195.214,195.214,0.687555,1124.89,0.121254,16428.7,0.0,3.04139,8.97786,21.2859,102.66,141.186,157.843,166.369,174.186,180.252,87.1717,78.6738,73.2366,67.3439,61.6866,53.3173,42.0085,31.1837,23.1412,12.8585,-1.0,-1.0,-1.0,-1.0,-1.0
25.714,0.0,0.9999999968392242,6.672134416766836e-25,4,215.856,2.19976,1.54226,198.08,197.849,195.632,195.632,0.663786,1126.2,0.120059,16464.2,0.0,3.26778,9.60708,22.5997,101.541,139.443,155.952,164.413,172.1,178.063,87.8928,78.5295,72.8571,66.9213,61.2578,52.8932,41.6171,30.8519,22.8715,12.6892,-1.0,-1.0,-1.0,-1.0,-1.0
25.736,0.0,0.9999999976294182,4.336887370898444e-25,4,216.48,1.4361,1.54312,198.663,198.43,196.122,196.122,0.639323,1127.51,0.118926,16505.6,0.0,3.50049,10.252,23.9414,100.526,137.771,154.124,162.519,170.084,175.95,88.81,78.3456,72.4303,66.4364,60.7741,52.4246,41.1942,30.4994,22.588,12.5138,-1.0,-1.0,-1.0,-1.0,-1.0
25.758,0.0,0.9999999982220636,2.818976791083989e-25,4,217.099,0.905198,1.54467,199.215,199.026,196.638,196.638,0.614359,1128.83,0.118037,16549.1,0.0,3.73855,10.9167,25.3502,99.7433,136.28,152.463,160.787,168.248,174.029,89.65,77.9706,71.8553,65.8157,60.1749,51.8677,40.7141,30.1135,22.285,12.3319,-1.0,-1.0,-1.0,-1.0,-1.0
25.78,0.0,0.9999999986665478,1.832334914204593e-25,4,217.716,0.554701,1.54761,199.759,199.621,197.167,197.167,0.589065,1130.15,0.117403,16593.7,0.0,3.98056,11.5987,26.8272,99.1717,134.965,150.967,159.215,166.588,172.296,90.3108,77.3793,71.1238,65.0618,59.4633,51.226,40.1803,29.6972,21.9647,12.1447,-1.0,-1.0,-1.0,-1.0,-1.0
25.802,0.0,0.9999999989999109,1.1910176942329856e-25,4,218.331,0.331591,1.55,200.303,200.209,197.703,197.703,0.563531,1131.47,0.116975,16638.7,0.0,4.2256,12.2953,28.3626,98.7521,133.788,149.601,157.77,165.065,170.711,90.7916,76.5995,70.2614,64.2019,58.6624,50.517,39.604,29.2569,21.6309,11.9536,-1.0,-1.0,-1.0,-1.0,-1.0
25.824,0.0,0.9999999992499331,7.741615012514407e-26,4,218.944,0.193347,1.55105,200.851,200.79,198.238,198.238,0.537817,1132.8,0.116696,16683.8,0.0,4.47297,13.003,29.9436,98.4239,132.706,148.325,156.413,163.638,169.229,91.194,75.6774,69.3028,63.2654,57.7971,49.7596,38.9973,28.7995,21.2875,11.7596,-1.0,-1.0,-1.0,-1.0,-1.0
25.846,0.0,0.9999999994374498,5.0320497581343645e-26,4,219.556,0.109749,1.55246,201.403,201.364,198.777,198.777,0.511983,1134.13,0.11652,16729.2,0.0,4.72194,13.7188,31.5576,98.1435,131.687,147.111,155.115,162.275,167.815,92.3224,74.6549,68.2771,62.2769,56.888,48.9693,38.3699,28.3304,20.9376,11.5637,-1.0,-1.0,-1.0,-1.0,-1.0
25.868,0.0,0.9999999995780873,3.270832342787337e-26,4,220.165,0.0604635,1.55142,201.957,201.933,199.321,199.321,0.486044,1135.47,0.116412,16774.9,0.0,4.97223,14.4408,33.1966,97.8814,130.706,145.935,153.856,160.952,166.445,172.339,73.5635,67.207,61.2532,55.9493,48.1567,37.7283,27.8532,20.583,11.3662,-1.0,-1.0,-1.0,-1.0,-1.0
25.89,0.0,0.9999999996835655,2.1260410228117692e-26,4,220.775,0.0322323,1.55165,202.512,202.499,199.846,199.846,0.460012,1136.8,0.116349,16819.0,0.0,5.22366,15.1679,34.8545,97.6184,129.749,144.781,152.618,159.655,165.101,170.946,72.4262,66.1069,60.206,54.9907,47.3289,37.077,27.3704,20.2251,11.1677,-1.0,-1.0,-1.0,-1.0,-1.0
25.912,0.0,0.9999999997626741,1.38192666482765e-26,4,221.382,0.016446,1.5536,203.068,203.061,200.366,200.366,0.433896,1138.15,0.116314,16862.8,0.0,5.47606,15.8989,36.5263,97.344,128.802,143.641,151.394,158.371,163.773,169.57,71.2603,64.988,59.1433,54.0189,46.4911,36.4191,26.8836,19.8648,10.9682,-1.0,-1.0,-1.0,-1.0,-1.0
25.934,0.0,0.9999999998220055,8.982523321379725e-27,4,221.988,0.00791234,1.55151,203.622,203.618,200.885,200.885,0.407703,1139.49,0.116295,16906.5,0.0,5.72929,16.6331,38.2086,97.0513,127.86,142.506,150.175,157.094,162.452,168.201,70.076,63.8573,58.0705,53.0384,45.6465,35.7566,26.394,19.5027,10.768,-1.0,-1.0,-1.0,-1.0,-1.0
25.956,0.0,0.9999999998665041,5.8386401588968216e-27,4,222.591,0.00340623,1.55147,204.177,204.175,201.405,201.405,0.381436,1140.84,0.116285,16950.3,0.0,5.9833,17.3699,39.899,96.736,126.918,141.373,148.958,155.819,161.134,166.836,68.8811,62.7195,56.9923,52.0518,44.797,35.0908,25.9023,19.1391,10.5672,-1.0,-1.0,-1.0,-1.0,-1.0
25.978,0.0,0.9999999998998781,3.7951161032829346e-27,4,223.191,0.000929675,1.54763,204.73,204.729,201.952,201.952,0.355096,1142.19,0.11628,16996.3,0.0,6.23805,18.1092,41.5956,96.3979,125.973,140.238,147.74,154.544,159.814,165.47,67.6797,61.5778,55.9117,51.061,43.9441,34.4225,25.4088,18.7744,10.3658,-1.0,-1.0,-1.0,-1.0,-1.0
26.0,0.0,0.9999999999249085,2.4668254671339076e-27,4,223.79,-0.00035076,1.54391,205.281,205.28,202.474,202.474,0.328682,1143.55,0.116278,17040.1,0.0,6.49353,18.8507,43.2983,96.0362,125.023,139.101,146.52,153.267,158.494,164.103,66.4736,60.4327,54.829,50.0664,43.088,33.7518,24.9137,18.4085,10.1637,-1.0,-1.0,-1.0,-1.0,-1.0
26.022,0.0,0.9999999999436814,1.6034365536370401e-27,4,224.389,-0.000969702,1.5429,205.831,205.831,202.986,202.986,0.3022,1144.91,0.116277,17083.2,0.0,6.74967,19.5942,45.0059,95.6518,124.07,137.961,145.297,151.987,157.171,162.733,65.2642,59.2856,53.7451,49.0688,42.2294,33.0792,24.4172,18.0417,9.96115,-1.0,-1.0,-1.0,-1.0,-1.0
26.044,0.0,0.999999999957761,1.042233759864076e-27,4,224.985,-0.00121684,1.53263,206.376,206.376,203.495,203.495,0.275642,1146.28,0.116277,17126.0,0.0,7.00656,20.34,46.719,95.2462,123.111,136.818,144.072,150.705,155.844,161.36,64.0516,58.1364,52.6602,48.0679,41.368,32.4045,23.9192,17.6737,9.75799,-1.0,-1.0,-1.0,-1.0,-1.0
26.066,0.0,0.9999999999683208,6.774519439116494e-28,4,225.58,-0.00118575,1.51687,206.922,206.922,204.007,204.007,0.249019,1147.64,0.116279,17169.2,0.0,7.2641,21.0877,48.437,94.8194,122.147,135.671,142.843,149.42,154.516,159.984,62.837,56.9859,51.5745,47.0643,40.5044,31.728,23.4199,17.3048,9.55433,-1.0,-1.0,-1.0,-1.0,-1.0
26.088,0.0,0.9999999999762406,4.4034376354257215e-28,4,226.165,-0.00142042,1.48865,207.466,207.466,204.617,204.617,0.22232,1149.01,0.116279,17220.8,0.0,7.52235,21.8374,50.0767,94.3725,121.177,134.52,141.61,148.131,153.182,158.603,61.6212,55.8349,50.489,46.0583,39.6386,31.0498,22.9193,16.9349,9.3501,-1.0,-1.0,-1.0,-1.0,-1.0
26.11,0.0,0.9999999999821805,2.862234463026719e-28,4,226.757,-0.00160022,1.45856,208.008,208.008,205.122,205.122,0.195555,1150.39,0.116279,17262.9,0.0,7.78124,22.589,51.4308,93.9059,120.202,133.365,140.375,146.838,151.846,157.219,60.4037,54.6828,49.4029,45.0497,38.7706,30.3699,22.4174,16.5641,9.14536,-1.0,-1.0,-1.0,-1.0,-1.0
26.132,0.0,0.9999999999866354,1.8604524009673675e-28,4,227.347,-0.00148911,1.44079,208.552,208.553,205.607,205.607,0.168724,1151.77,0.11628,17303.7,0.0,8.04079,23.3426,52.5561,93.4216,119.222,132.207,139.137,145.543,150.506,155.833,59.1842,53.5294,48.3166,44.0383,37.9002,29.6882,21.9142,16.1923,8.9401,-1.0,-1.0,-1.0,-1.0,-1.0
26.154,0.0,0.9999999999899765,1.209294060628789e-28,4,227.936,-0.00134576,1.42317,209.091,209.09,206.086,206.086,0.141821,1153.15,0.116282,17344.0,0.0,8.30104,24.0982,53.5017,92.9194,118.237,131.045,137.895,144.244,149.163,154.442,57.9623,52.375,47.23,43.0241,37.0274,29.0046,21.4096,15.8195,8.7343,-1.0,-1.0,-1.0,-1.0,-1.0
26.176,0.0,0.9999999999924823,7.860411394087128e-29,4,228.523,-0.00110137,1.40037,209.628,209.629,206.57,206.57,0.114841,1154.53,0.116285,17384.7,0.0,8.56203,24.8561,54.3016,92.4018,117.247,129.88,136.651,142.943,147.818,153.049,56.7387,51.2192,46.1427,42.0069,36.152,28.3189,20.9036,15.4456,8.5279,-1.0,-1.0,-1.0,-1.0,-1.0
26.198,0.0,0.9999999999943617,5.109267406156633e-29,4,229.101,-0.000993628,1.37343,210.167,210.168,207.151,207.151,0.0877995,1155.92,0.116286,17434.5,0.0,8.82362,25.6156,54.9777,91.866,116.251,128.71,135.403,141.637,146.468,151.651,55.5143,50.0639,45.0566,40.9877,35.275,27.6319,20.3965,15.0709,8.32104,5.49138,5.50004,5.51042,5.52252,5.53636
26.22,0.0,0.9999999999957713,3.321023814001812e-29,4,229.681,-0.00134614,1.33616,210.699,210.7,207.679,207.679,0.0606787,1157.32,0.116285,17477.9,0.0,9.08595,26.3772,55.55,91.3155,115.25,127.536,134.151,140.328,145.114,150.25,54.2892,48.9079,43.9707,39.9658,34.3955,26.943,19.888,14.6952,8.11359,-1.0,-1.0,-1.0,-1.0,-1.0
26.242,0.0,0.9999999999968284,2.158665479101178e-29,4,230.263,-0.00126228,1.31489,211.236,211.236,208.151,208.151,0.0334933,1158.71,0.116287,17517.7,0.0,9.34893,27.1407,56.0321,90.7497,114.244,126.359,132.897,139.016,143.757,148.845,53.0622,47.7511,42.8847,38.9423,33.5137,26.2523,19.3782,14.3185,7.90563,-1.0,-1.0,-1.0,-1.0,-1.0
26.264,0.0,0.9999999999976213,1.4031325614157657e-29,4,230.843,-0.00113742,1.30152,211.769,211.768,208.617,208.617,0.00624315,1160.11,0.116288,17556.9,0.0,9.61254,27.9061,56.4351,90.1699,113.233,125.179,131.639,137.701,142.397,147.437,51.8339,46.594,41.7993,37.9199,32.6298,25.5599,18.8672,13.9409,7.69717,-1.0,-1.0,-1.0,-1.0,-1.0
26.286,0.0,0.999999999998216,9.120361649202478e-30,4,231.421,-0.000970527,1.28847,212.299,212.299,209.086,209.086,-0.0210768,1161.51,0.11629,17596.4,0.0,9.87682,28.6736,56.7675,89.5756,112.217,123.994,130.379,136.382,141.034,146.025,50.6043,45.4364,40.7145,36.8988,31.7435,24.8658,18.3548,13.5624,7.48817,-1.0,-1.0,-1.0,-1.0,-1.0
26.308,0.0,0.999999999998662,5.928235071981611e-30,4,231.994,-0.000809437,1.28169,212.83,212.83,209.593,209.593,-0.0484641,1162.92,0.116291,17639.7,0.0,10.1418,29.4428,57.0366,88.9681,111.195,122.806,129.116,135.06,139.667,144.61,49.3741,44.2791,39.6305,35.8794,30.8553,24.17,17.8412,13.1829,7.27867,-1.0,-1.0,-1.0,-1.0,-1.0
26.33,0.0,0.9999999999989965,3.853352796788047e-30,4,232.564,-0.00112417,1.26701,213.355,213.355,210.122,210.122,-0.0759133,1164.33,0.116291,17683.6,0.0,10.4073,30.2136,57.2479,88.3461,110.168,121.613,127.848,133.734,138.295,143.19,48.1447,43.123,38.5485,34.862,29.9652,23.4728,17.3266,12.8026,7.0687,-1.0,-1.0,-1.0,-1.0,-1.0
26.352,0.0,0.9999999999992474,2.504679317912231e-30,4,233.135,-0.00115173,1.25844,213.881,213.881,210.606,210.606,-0.103446,1165.74,0.116292,17724.3,0.0,10.6736,30.9869,57.4078,87.7127,109.137,120.417,126.578,132.406,136.922,141.767,46.9122,41.9657,37.4664,33.8458,29.0723,22.7733,16.8103,12.4212,6.85809,-1.0,-1.0,-1.0,-1.0,-1.0
26.374,0.12,0.9999999999994356,1.6280415566429502e-30,4,233.705,-0.00104176,1.2551,214.405,214.405,211.081,211.081,-0.131029,1167.16,0.116293,17764.3,0.0,10.9404,31.7465,57.5195,87.0662,108.1,119.218,125.304,131.074,135.544,140.342,45.6804,40.8093,36.3859,32.8321,28.1776,22.0726,16.293,12.039,6.64709,-1.0,-1.0,-1.0,-1.0,-1.0
26.396,0.1625,0.9999999999995767,1.0582270118179176e-30,4,234.252,0.0742973,1.25364,215.109,214.413,211.574,211.574,-0.158299,1168.58,0.112544,17806.0,0.0,11.1514,31.9081,56.5347,84.9983,105.51,116.415,122.37,127.92,132.215,136.82,47.6695,41.4711,36.4878,32.6709,27.8482,21.715,15.959,11.753,6.45769,-1.0,-1.0,-1.0,-1.0,-1.0
26.418,0.1625,0.9999999999996825,6.878475576816465e-31,4,234.757,-0.906607,1.25592,216.103,214.138,212.193,212.193,-0.184481,1170.01,0.101988,17858.8,0.0,11.255,31.1249,53.7854,80.53,100.233,110.819,116.621,121.792,125.71,129.9,134.39,48.8144,39.5797,34.4279,28.6435,22.0124,15.9687,11.6464,6.31024,-1.0,-1.0,-1.0,-1.0,-1.0
26.44,0.04250000000000001,0.9999999999997619,4.471009124930702e-31,4,235.229,-2.4318,1.25439,216.935,214.119,212.909,212.909,-0.209101,1171.44,0.0878341,17919.0,0.0,11.2938,29.9523,50.3898,75.0738,93.7583,103.935,109.545,114.544,118.161,121.885,125.86,130.112,52.7367,38.7373,30.5043,22.7633,16.2006,11.6521,6.19173,-1.0,-1.0,-1.0,-1.0,-1.0
26.462,0.0,0.9999999999998214,2.9061559312049565e-31,4,235.721,-3.95002,1.25686,217.508,214.908,213.456,213.456,-0.232065,1172.87,0.0754613,17963.8,0.0,11.3417,29.0517,47.6891,70.5316,88.2271,97.9907,103.404,108.245,111.757,115.311,118.922,122.743,128.543,48.5041,32.8066,23.4663,16.3936,11.6376,6.07541,-1.0,-1.0,-1.0,-1.0,-1.0
26.484,0.0,0.999999999999866,1.8890013552832217e-31,4,236.267,-4.22265,1.26448,217.41,216.088,213.737,213.737,-0.253716,1174.31,0.0696061,17986.9,0.0,11.4632,28.8372,46.4977,68.2024,85.221,94.6863,99.955,104.677,108.109,111.586,115.106,118.726,124.202,131.139,33.9656,23.4947,16.2566,11.4654,5.93408,-1.0,-1.0,-1.0,-1.0,-1.0
26.506,0.0,0.9999999999998995,1.2278508809340942e-31,4,236.832,-3.46492,1.27647,217.455,217.081,214.008,214.008,-0.274186,1175.75,0.0682415,18010.0,0.0,11.6321,29.0209,46.1932,67.2341,83.8166,93.0789,98.2467,102.884,106.259,109.681,113.149,116.696,122.049,128.826,33.8595,23.0329,15.8864,11.1869,5.77818,-1.0,-1.0,-1.0,-1.0,-1.0
26.528,0.0,0.9999999999999246,7.981030726071613e-32,4,237.398,-2.48942,1.28867,217.766,217.82,214.353,214.353,-0.293657,1177.19,0.0687032,18039.1,0.0,11.8161,29.3239,46.1893,66.7598,83.0115,92.1154,97.2018,101.772,105.1,108.477,111.901,115.411,120.716,127.432,33.1854,22.3945,15.4352,10.8749,5.62091,-1.0,-1.0,-1.0,-1.0,-1.0
26.55,0.0,0.9999999999999435,5.187669971946549e-32,4,237.958,-1.64168,1.30505,218.22,218.409,214.759,214.759,-0.312421,1178.64,0.069681,18073.7,0.0,12.0009,29.6238,46.2293,66.3906,82.347,91.3063,96.3188,100.827,104.112,107.447,110.831,114.316,119.59,126.271,32.401,21.7362,14.9739,10.5616,5.46694,-1.0,-1.0,-1.0,-1.0,-1.0
26.572,0.0,0.9999999999999576,3.3719854817652566e-32,4,238.512,-1.01906,1.31707,218.732,218.925,215.226,215.226,-0.330728,1180.09,0.0706122,18113.1,0.0,12.1814,29.8734,46.2138,65.9719,81.6373,90.4536,95.3933,99.8394,103.081,106.376,109.718,113.178,118.42,125.063,31.7102,21.1207,14.528,10.2579,5.31707,-1.0,-1.0,-1.0,-1.0,-1.0
26.594,0.0,0.9999999999999682,2.191790563147417e-32,4,239.062,-0.602543,1.32971,219.262,219.415,215.705,215.705,-0.348765,1181.55,0.0713263,18153.4,0.0,12.3567,30.0627,46.1198,65.4648,80.8341,89.5049,94.3696,98.7528,101.951,105.203,108.505,111.935,117.134,123.725,31.1705,20.563,14.1015,9.96475,5.17058,-1.0,-1.0,-1.0,-1.0,-1.0
26.616,0.0,0.9999999999999762,1.424663866045821e-32,4,239.61,-0.342073,1.35072,219.792,219.898,216.183,216.183,-0.366653,1183.0,0.07181,18193.6,0.0,12.5275,30.1956,45.952,64.8742,79.9404,88.4623,93.2503,97.5686,100.722,103.93,107.19,110.585,115.732,122.257,30.7926,20.0612,13.6912,9.68005,5.02644,-1.0,-1.0,-1.0,-1.0,-1.0
26.638,0.0,0.9999999999999822,9.260315129297836e-33,4,240.158,-0.187162,1.37249,220.313,220.381,216.627,216.627,-0.384466,1184.47,0.0721182,18230.5,0.0,12.6954,30.2807,45.7253,64.2196,78.9793,87.3494,92.0596,96.3117,99.4191,102.583,105.799,109.155,114.241,120.691,30.5677,19.608,13.293,9.40101,4.88377,-1.0,-1.0,-1.0,-1.0,-1.0
26.66,0.0,0.9999999999999867,6.019204834043594e-33,4,240.703,-0.0977212,1.40383,220.829,220.871,217.072,217.072,-0.40227,1185.93,0.0723085,18268.4,0.0,12.8614,30.3267,45.4545,63.5208,77.9725,86.1894,90.8208,95.0057,98.0671,101.185,104.358,107.67,112.692,119.059,30.4955,19.196,12.9145,9.12503,4.74173,-1.0,-1.0,-1.0,-1.0,-1.0
26.682,0.0,0.99999999999999,3.912483142128336e-33,4,241.244,-0.0484011,1.42792,221.335,221.36,217.557,217.557,-0.42009,1187.4,0.0724207,18309.3,0.0,13.0261,30.339,45.1486,62.7899,76.9349,84.9983,89.55,93.6676,96.6816,99.7539,102.883,106.149,111.102,117.383,30.5936,18.8225,12.5577,8.85066,4.59992,-1.0,-1.0,-1.0,-1.0,-1.0
26.704,0.0,0.9999999999999925,2.5431140423834186e-33,4,241.783,-0.0225772,1.4558,221.841,221.855,218.049,218.049,-0.437931,1188.87,0.0724829,18350.7,0.0,13.1799,30.3216,44.8138,62.0362,75.8761,83.7859,88.2579,92.3073,95.2741,98.3008,101.384,104.604,109.486,115.677,30.9055,18.4865,12.2222,8.57712,4.45816,-1.0,-1.0,-1.0,-1.0,-1.0
26.726,0.0,0.9999999999999943,1.653024127549222e-33,4,242.319,-0.0101018,1.48994,222.34,222.347,218.534,218.534,-0.455806,1190.35,0.0725141,18391.5,0.0,13.319,30.2775,44.4552,61.2651,74.8027,82.5598,86.9517,90.9333,93.8525,96.8327,99.8711,103.043,107.853,113.952,31.5187,18.1888,11.9076,8.31017,4.31627,-1.0,-1.0,-1.0,-1.0,-1.0
26.748,-0.12,0.9999999999999958,1.0744656829069944e-33,4,242.86,-0.0044186,1.52668,222.833,222.837,218.932,218.932,-0.473711,1191.83,0.0725297,18424.5,0.0,13.444,30.2093,44.0758,60.4803,73.7194,81.3244,85.6366,89.5502,92.4218,95.3553,98.3485,101.472,106.209,112.216,32.6366,17.9313,11.6147,8.05862,4.1742,-1.0,-1.0,-1.0,-1.0,-1.0
26.77,-0.1625,0.9999999999999969,6.9840269388954635e-34,4,243.374,-0.0600119,1.57443,222.783,223.537,219.39,219.39,-0.492065,1193.31,0.0765164,18463.7,0.0,13.6187,30.4513,44.2808,60.5856,73.7298,81.2805,85.5631,89.4498,92.3026,95.2174,98.2058,101.375,106.185,112.296,30.5739,17.2173,11.1629,7.74155,4.01482,-1.0,-1.0,-1.0,-1.0,-1.0
26.792,-0.1625,0.9999999999999977,4.539617510282051e-34,4,243.841,1.02241,1.60864,222.447,224.516,220.012,220.012,-0.511698,1194.79,0.0875495,18516.7,0.0,13.8994,31.279,45.5541,62.2873,75.6885,83.3547,87.6941,91.6266,94.5111,97.4897,100.664,104.061,109.236,115.84,25.357,15.7639,10.4338,7.30137,3.82408,-1.0,-1.0,-1.0,-1.0,-1.0
26.814,-0.04250000000000001,0.9999999999999982,2.9507513816833337e-34,4,244.271,2.63717,1.64863,222.386,225.32,220.722,220.722,-0.533123,1196.28,0.102193,18576.5,0.0,14.2444,32.4502,47.4389,64.875,78.7052,86.5676,91.0041,95.0278,98.0879,101.36,104.866,108.631,114.397,36.7447,21.0671,14.138,9.60847,6.81178,3.61938,-1.0,-1.0,-1.0,-1.0,-1.0
26.836,0.0,0.9999999999999987,1.917988398094167e-34,4,244.722,4.24032,1.68964,223.164,225.843,221.266,221.266,-0.556193,1197.78,0.111459,18620.9,0.0,14.5703,33.501,49.0886,67.0889,81.2486,89.258,93.7812,98.0771,101.404,104.973,108.811,112.95,119.318,25.1347,18.3348,12.8307,8.88733,6.3633,3.41942,-1.0,-1.0,-1.0,-1.0,-1.0
26.858,0.0,0.999999999999999,1.2466924587612087e-34,4,245.243,4.45866,1.75033,224.357,225.67,221.378,221.378,-0.579458,1199.29,0.111533,18629.4,0.0,14.7837,33.9183,49.5909,67.6181,81.7684,89.7651,94.3555,98.7825,102.217,105.908,109.884,114.18,32.5397,22.8428,17.083,12.0712,8.3949,6.02084,3.23938,-1.0,-1.0,-1.0,-1.0,-1.0
26.88,0.0,0.9999999999999992,8.103500981947857e-35,4,245.777,3.54012,1.81776,225.354,225.655,221.612,221.612,-0.602684,1200.8,0.106734,18649.8,0.0,14.9136,33.8749,49.2705,66.9552,80.8625,88.7378,93.2879,97.6837,101.096,104.762,108.714,112.985,119.577,22.369,16.5636,11.62,8.0373,5.74219,3.07193,-1.0,-1.0,-1.0,-1.0,-1.0
26.902,0.0,0.9999999999999994,5.267275638266107e-35,4,246.306,2.44124,1.86283,226.061,225.934,221.995,221.995,-0.625613,1202.32,0.100078,18682.6,0.0,15.0085,33.6593,48.6526,65.8647,79.4434,87.1556,91.6114,95.9141,99.2529,102.84,106.706,110.881,117.324,22.5762,16.3016,11.2738,7.72548,5.48583,2.91005,-1.0,-1.0,-1.0,-1.0,-1.0
26.924,0.0,0.9999999999999996,3.42372916487297e-35,4,246.829,1.54177,1.894,226.604,226.372,222.46,222.46,-0.647888,1203.85,0.0930374,18721.8,0.0,15.0904,33.4071,47.9847,64.7078,77.9451,85.4856,89.8382,94.0372,97.2944,100.793,104.562,108.631,114.907,23.1186,16.1086,10.951,7.4251,5.23689,2.75259,-1.0,-1.0,-1.0,-1.0,-1.0
26.946,0.0,0.9999999999999997,2.2254239571674305e-35,4,247.348,0.920616,1.92086,227.07,226.869,222.927,222.927,-0.66923,1205.38,0.0861847,18761.0,0.0,15.1666,33.1655,47.3527,63.6143,76.5228,83.8972,88.1537,92.2581,95.4406,98.8585,102.538,106.511,112.635,23.9364,15.9163,10.6256,7.12693,4.9925,2.60031,-1.0,-1.0,-1.0,-1.0,-1.0
26.968,0.0,0.9999999999999998,1.4465255721588297e-35,4,247.872,0.525378,1.95745,227.52,227.375,223.283,223.283,-0.689418,1206.91,0.0795984,18790.7,0.0,15.2365,32.9365,46.762,62.5913,75.1885,82.4042,86.5736,90.5931,93.7095,97.0556,100.657,104.545,110.536,25.3247,15.7282,10.3022,6.83509,4.75584,2.45503,-1.0,-1.0,-1.0,-1.0,-1.0
26.99,0.0,0.9999999999999998,9.402416219032393e-36,4,248.388,0.285662,2.00192,227.974,227.876,223.726,223.726,-0.708326,1208.45,0.0732237,18828.4,0.0,15.2984,32.7125,46.1982,61.6202,73.9209,80.9833,85.0729,89.0153,92.0718,95.3526,98.8841,102.695,108.567,116.181,15.5651,9.99004,6.55485,4.53003,2.31798,-1.0,-1.0,-1.0,-1.0,-1.0
27.012,0.0,0.9999999999999998,6.111570542371056e-36,4,248.899,0.14689,2.03,228.427,228.364,224.204,224.204,-0.725863,1209.99,0.0669968,18868.5,0.0,15.3505,32.4864,45.6483,60.6818,72.697,79.6115,83.6257,87.4966,90.4974,93.7183,97.1848,100.925,106.688,114.159,15.4551,9.69987,6.29146,4.3183,2.19023,-1.0,-1.0,-1.0,-1.0,-1.0
27.034,0.0,0.9999999999999998,3.9725208525411866e-36,4,249.407,0.0695799,2.05117,228.886,228.847,224.667,224.667,-0.741982,1211.53,0.0608642,18907.5,0.0,15.3919,32.2526,45.103,59.7625,71.5009,78.2706,82.213,86.016,88.9637,92.1279,95.5327,99.207,104.867,112.203,15.426,9.43945,6.04869,4.12243,2.07238,-1.0,-1.0,-1.0,-1.0,-1.0
27.056,0.0,0.9999999999999998,2.5821385541517716e-36,4,249.91,0.0294015,2.07128,229.342,229.321,225.113,225.113,-0.756633,1213.08,0.0547919,18944.9,0.0,15.4216,32.0082,44.5558,58.8529,70.3211,76.9487,80.8218,84.5592,87.4556,90.565,93.9104,97.5205,103.082,110.289,15.5152,9.2177,5.83046,3.94454,1.96516,-1.0,-1.0,-1.0,-1.0,-1.0
27.078,0.0,0.9999999999999998,1.6783900601986517e-36,4,250.415,0.0105019,2.09598,229.799,229.787,225.482,225.482,-0.769803,1214.64,0.0487521,18975.7,0.0,15.4394,31.7508,44.0028,57.9461,69.1495,75.6373,79.4432,83.1161,85.9625,89.018,92.3057,95.8536,101.318,108.401,15.7711,9.04111,5.63906,3.78594,1.86885,-1.0,-1.0,-1.0,-1.0,-1.0
27.1,0.0,0.9999999999999998,1.0909535391291236e-36,4,250.911,0.0025864,2.12657,230.255,230.25,225.894,225.894,-0.781464,1216.2,0.0427234,19010.6,0.0,15.4449,31.4787,43.4406,57.0374,67.9805,74.33,78.0697,81.6788,84.4759,87.478,90.7089,94.1947,99.5642,106.523,16.2772,8.91842,5.47789,3.64816,1.78386,-1.0,-1.0,-1.0,-1.0,-1.0
27.122,0.0,0.9999999999999998,7.091198004339304e-37,4,251.401,-0.000229562,2.14838,230.706,230.704,226.324,226.324,-0.791618,1217.76,0.0366933,19046.8,0.0,15.4382,31.1919,42.8679,56.1247,66.8105,73.0237,76.6976,80.243,82.9907,85.9403,89.114,92.5387,97.8134,104.65,17.1907,8.85764,5.34934,3.53215,1.71037,-1.0,-1.0,-1.0,-1.0,-1.0
27.144,0.0,0.9999999999999998,4.609278702820548e-37,4,251.887,-0.000767765,2.16582,231.155,231.154,226.754,226.754,-0.800257,1219.32,0.0306548,19083.0,0.0,15.4192,30.8897,42.2837,55.2063,65.6381,71.7166,75.3248,78.8067,81.5051,84.402,87.5189,90.8821,96.0627,102.777,18.9573,8.86849,5.25609,3.43924,1.64866,-1.0,-1.0,-1.0,-1.0,-1.0
27.166,0.0,0.9999999999999998,2.996031156833356e-37,4,252.368,-0.000446939,2.17946,231.599,231.599,227.177,227.177,-0.80736,1220.89,0.0246058,19118.5,0.0,15.3881,30.5725,41.6881,54.2813,64.462,70.4076,73.9502,77.3684,80.0179,82.8616,85.9215,89.2235,94.3097,100.901,116.187,8.96458,5.20167,3.37085,1.59915,-1.0,-1.0,-1.0,-1.0,-1.0
27.188,0.0,0.9999999999999998,1.9474202519416816e-37,4,252.848,-2.74978e-05,2.19313,232.039,232.04,227.558,227.558,-0.812907,1222.47,0.0185447,19150.5,0.0,15.3448,30.2404,41.0809,53.3498,63.2821,69.0966,72.5728,75.9275,78.5277,81.3186,84.3217,87.5625,92.5534,99.0225,114.024,9.16176,5.18985,3.32856,1.56212,-1.0,-1.0,-1.0,-1.0,-1.0
27.21,0.0,0.9999999999999998,1.265823163762093e-37,4,253.322,0.000326575,2.20786,232.477,232.477,227.957,227.957,-0.8169,1224.04,0.0124704,19184.1,0.0,15.2895,29.8937,40.4624,52.4112,62.098,67.7827,71.1931,74.4841,77.0347,79.7725,82.7187,85.8975,90.794,97.14,111.857,9.48217,5.22432,3.31363,1.53784,10.904,10.9015,10.9022,10.9061,10.9131
27.232,0.0,0.9999999999999998,8.227850564453604e-38,4,253.791,0.000557834,2.21806,232.91,232.91,228.36,228.36,-0.819333,1225.62,0.0063836,19218.1,0.0,15.2223,29.5328,39.8326,51.4662,60.9097,66.4664,69.8106,73.0375,75.5387,78.2237,81.1126,84.2296,89.031,95.254,109.685,9.95651,5.30971,3.3277,1.52652,-1.0,-1.0,-1.0,-1.0,-1.0
27.254,0.0,0.9999999999999998,5.348102866894842e-38,4,254.255,0.00064167,2.22373,233.339,233.339,228.761,228.761,-0.820201,1227.2,0.000284076,19251.8,0.0,15.1435,29.1581,39.1921,50.5146,59.7174,65.1477,68.4252,71.5886,74.0403,76.6715,79.5033,82.5585,87.2645,93.3641,107.509,10.6307,5.45123,3.3724,1.52846,-1.0,-1.0,-1.0,-1.0,-1.0
27.276,-0.12,0.9999999999999998,3.476266863481648e-38,4,254.716,0.000710763,2.22589,233.764,233.764,229.156,229.156,-0.819476,1228.79,-0.00582612,19285.0,0.0,15.0529,28.7696,38.5407,49.5564,58.5209,63.8262,67.0376,70.1366,72.5383,75.1164,77.8906,80.8839,85.4948,91.4707,105.329,11.5808,5.65595,3.45013,1.54419,-1.0,-1.0,-1.0,-1.0,-1.0
27.298,-0.1625,0.9999999999999998,2.2595734612630712e-38,4,255.149,-0.0246031,2.22586,233.617,234.413,229.563,229.563,-0.817599,1230.38,-0.00775874,19319.4,0.0,15.0112,28.6257,38.3105,49.2272,58.116,63.4217,66.6654,69.8006,72.2336,74.8481,77.6651,80.7091,85.4057,91.5091,105.729,12.0747,5.77918,3.50769,1.56335,-1.0,-1.0,-1.0,-1.0,-1.0
27.32,-0.1625,0.9999999999999998,1.4687227498209962e-38,4,255.533,1.20504,2.2242,233.169,235.349,230.073,230.073,-0.815465,1231.97,-0.00231469,19362.7,0.0,15.0687,28.9293,38.8372,50.0191,59.1175,64.7238,68.1924,71.5594,74.1823,77.0111,80.0703,83.3895,88.5391,95.2806,111.216,11.36,5.68056,3.49046,1.57295,-1.0,-1.0,-1.0,-1.0,-1.0
27.342,-0.1625,0.9999999999999998,9.546697873836475e-39,4,255.878,2.98591,2.2234,233.022,236.056,230.632,230.632,-0.813611,1233.56,0.00669569,19409.7,0.0,15.1798,29.4711,39.7674,51.4058,60.9596,67.1045,70.9388,74.6844,77.619,80.8002,84.2598,88.036,93.9418,101.763,120.659,10.307,5.47822,3.4319,1.57446,-1.0,-1.0,-1.0,-1.0,-1.0
27.364,-0.1625,0.9999999999999998,6.205353617993708e-39,4,256.191,4.62468,2.21826,233.11,236.401,231.144,231.144,-0.812457,1235.16,0.0163282,19452.6,0.0,15.3087,30.0852,40.8197,52.967,63.2191,70.0351,74.3302,78.5586,81.8937,85.5312,89.5143,93.8938,100.812,110.103,133.186,9.38612,5.25828,3.35794,1.56927,-1.0,-1.0,-1.0,-1.0,-1.0
27.386,-0.1625,0.9999999999999998,4.033479851695911e-39,5,256.486,5.85632,2.21312,233.33,236.551,231.568,231.568,-0.812297,1236.75,0.0251969,19487.9,0.0,15.438,30.6861,41.8457,54.4832,65.6404,73.2145,78.0396,82.8295,86.6354,90.815,95.4263,100.539,108.707,119.856,20.8274,8.65499,5.04888,3.27766,1.55719,-1.0,-1.0,-1.0,-1.0,-1.0
27.408,-0.1625,0.9999999999999998,2.6217619036023423e-39,5,256.27,6.58616,2.19755,233.514,236.519,224.944,227.678,-0.813334,1238.35,0.032857,17457.2,0.0,15.5623,31.2411,42.7866,55.9443,68.1074,76.5059,81.9165,87.335,91.6749,96.4763,101.817,107.792,117.456,130.892,15.5216,8.06497,4.85033,3.19127,1.53731,-1.0,-1.0,-1.0,-1.0,-1.0
27.43,-0.1625,0.9999999999999998,1.7041452373415225e-39,5,255.634,7.02219,2.1802,233.216,236.049,224.19,226.998,-0.815715,1239.95,0.0399544,17414.5,0.0,15.6918,31.7927,43.7135,57.5088,70.7917,80.1316,86.2233,92.3832,97.3606,102.913,109.146,116.192,127.755,144.178,13.1931,7.52402,4.64163,3.09049,1.50761,-1.0,-1.0,-1.0,-1.0,-1.0
27.452,-0.04250000000000001,0.9999999999999998,1.1076944042719896e-39,5,254.951,7.40442,2.1699,232.66,235.468,222.883,225.974,-0.819516,1241.54,0.0472089,16964.0,0.0,15.8383,32.3946,44.7164,59.3424,73.9642,84.4604,91.4042,98.5065,104.305,110.838,118.254,126.743,140.925,161.622,11.4684,6.97764,4.40728,2.9687,1.4666,-1.0,-1.0,-1.0,-1.0,-1.0
27.474,0.0,0.9999999999999998,7.200013627767933e-40,5,254.749,7.75679,2.15104,232.696,235.065,229.719,229.719,-0.824595,1243.12,0.0522856,17371.1,0.0,15.9632,32.8638,45.4819,60.9237,76.8182,88.451,96.2524,104.32,110.975,118.545,127.235,137.31,154.453,16.6621,10.3522,6.53386,4.19245,2.84659,1.41866,-1.0,-1.0,-1.0,-1.0,-1.0
27.496,0.0,0.9999999999999998,4.680008858049156e-40,5,255.103,7.08283,2.14395,233.564,234.724,230.02,230.02,-0.83048,1244.71,0.0513029,17389.2,0.0,15.9975,32.8775,45.4587,61.1932,77.599,89.7229,97.9092,106.423,113.482,121.553,130.871,141.749,160.438,16.0476,10.042,6.33827,4.06338,2.75684,1.37225,-1.0,-1.0,-1.0,-1.0,-1.0
27.518,0.0,0.9999999999999998,3.0420057577319514e-40,5,255.512,5.47292,2.1162,234.399,234.603,230.011,230.011,-0.836817,1246.3,0.0457272,17388.8,0.0,15.9616,32.5446,44.8387,60.3896,76.6291,88.6427,96.7611,105.209,112.217,120.236,129.5,140.321,158.935,18.4376,10.2777,6.317,3.99593,2.69088,1.32759,-1.0,-1.0,-1.0,-1.0,-1.0
27.54,0.0,0.9999999999999998,1.9773037425257684e-40,5,255.925,3.73939,2.09338,235.017,234.752,230.063,230.063,-0.843178,1247.9,0.0381046,17393.2,0.0,15.8946,32.0685,43.9795,59.1356,74.912,86.5499,94.3984,102.552,109.306,117.021,125.92,136.293,154.085,181.141,10.8805,6.38766,3.95879,2.6369,1.28477,-1.0,-1.0,-1.0,-1.0,-1.0
27.562,0.0,0.9999999999999998,1.2852474326417496e-40,5,256.327,2.31282,2.0781,235.461,235.064,230.251,230.251,-0.849101,1249.49,0.0299875,17407.8,0.0,15.8181,31.5664,43.0874,57.812,73.0749,84.2923,91.8374,99.6589,106.125,113.497,121.979,131.844,148.697,174.173,11.8352,6.51291,3.93982,2.59206,1.24567,-1.0,-1.0,-1.0,-1.0,-1.0
27.584,0.0,0.9999999999999998,8.354108312171373e-41,5,256.719,1.31657,2.044,235.805,235.446,230.532,230.532,-0.854154,1251.09,0.0221175,17429.3,0.0,15.7402,31.0861,42.249,56.5829,71.3875,82.2337,89.5127,97.0445,103.26,110.336,118.462,127.89,143.949,168.102,13.3111,6.68685,3.93947,2.55904,1.21297,-1.0,-1.0,-1.0,-1.0,-1.0
27.606,-0.12,0.9999999999999998,5.430170402911392e-41,5,257.103,0.689918,2.0036,236.117,235.852,230.887,230.887,-0.858014,1252.69,0.0147161,17457.3,0.0,15.6614,30.636,41.482,55.4827,69.9065,80.4501,87.5149,94.8154,100.833,107.675,115.522,124.614,140.064,163.221,16.1446,6.92318,3.96524,2.54298,1.18935,-1.0,-1.0,-1.0,-1.0,-1.0
27.628,-0.1625,0.9999999999999998,3.5296107618924055e-41,5,257.456,0.313992,1.92955,235.869,236.418,231.333,231.333,-0.860883,1254.3,0.0117211,17490.0,0.0,15.6408,30.4766,41.2483,55.3601,69.9951,80.7569,87.9975,95.5056,101.714,108.794,116.944,126.423,142.627,167.142,18.4685,6.95492,3.9379,2.5124,1.16869,-1.0,-1.0,-1.0,-1.0,-1.0
27.65,-0.1625,0.9999999999999998,2.2942469952300636e-41,5,257.77,1.31959,1.88444,235.34,237.311,231.745,231.745,-0.863548,1255.9,0.0162688,17521.5,0.0,15.7302,30.8208,41.9594,57.0016,72.9787,84.9796,93.1785,101.788,108.991,117.301,126.993,138.442,158.464,189.882,13.9752,6.53102,3.77784,2.4318,1.14117,-1.0,-1.0,-1.0,-1.0,-1.0
27.672,-0.1625,0.9999999999999998,1.4912605468995416e-41,5,258.049,2.99392,1.85523,235.103,238.012,232.217,232.217,-0.866455,1257.51,0.0247382,17557.2,0.0,15.8823,31.4487,43.2847,59.8791,78.1586,92.3548,102.294,112.947,122.037,132.729,145.486,160.97,189.182,200.0,10.9895,5.93897,3.55474,2.32367,1.10773,-1.0,-1.0,-1.0,-1.0,-1.0
27.694,-0.1625,0.9999999999999998,9.693193554847021e-42,5,258.304,4.5787,1.8112,235.127,238.319,232.654,232.654,-0.870041,1259.12,0.0338952,17590.0,0.0,16.0543,32.159,44.8971,63.4484,84.7977,102.084,114.573,128.332,140.387,154.954,172.909,195.587,200.0,200.0,9.09119,5.37449,3.32139,2.20502,1.06863,-1.0,-1.0,-1.0,-1.0,-1.0
27.716,-0.1625,0.9999999999999998,6.300575810650564e-42,5,258.535,5.76942,1.76671,235.292,238.431,233.117,233.117,-0.87456,1260.73,0.042358,17625.9,0.0,16.2272,32.8763,46.6367,67.4393,92.5741,113.929,129.955,148.223,164.784,185.527,200.0,200.0,200.0,12.1092,7.77701,4.8736,3.09193,2.08051,1.02332,-1.0,-1.0,-1.0,-1.0,-1.0
27.738,-0.04250000000000001,0.9999999999999998,4.095374276922867e-42,5,258.757,6.62908,1.71706,235.493,238.497,233.487,233.487,-0.880208,1262.35,0.0500376,17652.4,0.0,16.4006,33.6305,48.4982,71.881,101.695,128.482,149.532,174.589,198.348,200.0,200.0,200.0,13.5536,9.62074,6.75374,4.41194,2.8601,1.94709,0.970337,-1.0,-1.0,-1.0,-1.0,-1.0
27.76,0.0,0.9999999999999998,2.6619932799998636e-42,5,259.031,7.12609,1.70601,236.436,238.797,233.601,233.601,-0.886889,1263.96,0.0546841,17660.2,0.0,16.5351,34.2235,50.0437,75.7915,110.26,142.916,169.785,200.0,200.0,200.0,200.0,200.0,10.7373,8.27901,6.03537,4.03434,2.6491,1.81617,0.912323,-1.0,-1.0,-1.0,-1.0,-1.0
27.782,0.0,0.9999999999999998,1.7302956319999112e-42,5,259.374,6.49929,1.68201,237.5,238.599,233.742,233.742,-0.894185,1265.58,0.0530609,17670.2,0.0,16.5701,34.3301,50.5111,77.2586,113.89,149.497,179.476,200.0,200.0,200.0,200.0,200.0,10.1059,7.81214,5.69426,3.80016,2.4906,1.70505,0.854645,-1.0,-1.0,-1.0,-1.0,-1.0
27.804,0.0,0.9999999999999998,1.1246921607999424e-42,5,259.771,4.96837,1.64891,238.342,238.49,233.663,233.663,-0.901675,1267.2,0.0470816,17661.6,0.0,16.5341,34.085,50.1683,76.7791,113.272,148.799,178.753,200.0,200.0,200.0,200.0,200.0,10.5341,7.84035,5.57753,3.65417,2.36594,1.60762,0.798416,-1.0,-1.0,-1.0,-1.0,-1.0
27.826,0.0,0.9999999999999998,7.310499045199625e-43,5,260.157,3.33272,1.53883,238.913,238.619,233.851,233.851,-0.908986,1268.82,0.0390755,17680.6,0.0,16.4646,33.6888,49.4675,75.4182,110.693,144.691,173.096,200.0,200.0,200.0,200.0,200.0,12.2249,8.20854,5.58466,3.55236,2.25858,1.51836,0.744492,-1.0,-1.0,-1.0,-1.0,-1.0
27.848,0.0,0.9999999999999998,4.751824379379757e-43,5,260.531,2.03674,1.45405,239.33,238.934,234.139,234.139,-0.915639,1270.45,0.0309303,17706.1,0.0,16.3893,33.3011,48.775,74.064,108.122,140.606,167.495,200.0,200.0,200.0,200.0,200.0,200.0,8.86544,5.65357,3.47118,2.16277,1.43724,0.695297,-1.0,-1.0,-1.0,-1.0,-1.0
27.87,0.0,0.9999999999999998,3.0886858465968422e-43,5,260.914,1.17539,1.48809,239.637,239.334,234.271,234.271,-0.92127,1272.07,0.0232484,17712.3,0.0,16.3149,32.9667,48.1952,72.967,106.103,137.469,163.257,195.354,200.0,200.0,200.0,200.0,200.0,10.0214,5.78893,3.41548,2.08376,1.3689,0.65361,-1.0,-1.0,-1.0,-1.0,-1.0
27.892,0.0,0.9999999999999998,2.0076458002879472e-43,5,261.269,0.638298,1.40157,239.936,239.715,234.751,234.751,-0.925608,1273.7,0.0159976,17748.8,0.0,16.2385,32.6767,47.7106,72.0886,104.549,135.118,160.138,191.137,200.0,200.0,200.0,200.0,200.0,13.563,6.04228,3.40353,2.03135,1.31919,0.621887,-1.0,-1.0,-1.0,-1.0,-1.0
27.914,0.0,0.9999999999999998,1.3049697701871658e-43,5,261.648,0.360007,1.29143,240.201,240.097,234.926,234.926,-0.928444,1275.34,0.00924349,17761.0,0.0,16.1591,32.432,47.3248,71.4378,103.475,133.575,158.158,188.552,200.0,200.0,200.0,200.0,200.0,200.0,6.47882,3.45297,2.01421,1.29305,0.602127,-1.0,-1.0,-1.0,-1.0,-1.0
27.936,0.0,0.9999999999999998,8.482303506216578e-44,5,261.986,0.192939,1.17489,240.523,240.458,235.573,235.573,-0.929759,1276.97,0.00261438,17812.0,0.0,16.0706,32.201,46.9678,70.8513,102.536,132.254,156.489,186.409,200.0,200.0,200.0,200.0,200.0,200.0,7.24967,3.58689,2.03967,1.29375,0.59494,-1.0,-1.0,-1.0,-1.0,-1.0
27.958,0.0,0.9999999999999998,5.513497279040775e-44,5,262.357,0.120552,1.09554,240.83,240.806,235.806,235.806,-0.929448,1278.61,-0.00376329,17824.6,0.0,15.9744,31.9919,46.6588,70.3758,101.83,131.322,155.366,185.04,200.0,200.0,200.0,200.0,200.0,200.0,8.63229,3.82432,2.11407,1.32425,0.60141,-1.0,-1.0,-1.0,-1.0,-1.0
27.98,0.0,0.9999999999999998,3.5837732313765043e-44,5,262.732,0.0854399,1.0297,241.164,241.167,235.922,235.922,-0.92749,1280.25,-0.0100954,17836.6,0.0,15.8727,31.7876,46.3602,69.924,101.173,130.471,154.356,183.832,200.0,200.0,200.0,200.0,200.0,200.0,11.4404,4.197,2.24527,1.38756,0.622131,-1.0,-1.0,-1.0,-1.0,-1.0
28.002,0.0,0.9999999999999998,2.329452600394728e-44,5,263.082,0.0647076,0.969966,241.49,241.494,236.359,236.359,-0.923866,1281.89,-0.0163943,17870.5,0.0,15.7717,31.5869,46.0693,69.4895,100.553,129.681,153.431,182.744,200.0,200.0,200.0,200.0,200.0,200.0,14.6251,4.7421,2.44009,1.48622,0.657481,-1.0,-1.0,-1.0,-1.0,-1.0
28.024,0.0,0.9999999999999998,1.5141441902565733e-44,5,263.454,0.0781297,0.888793,241.795,241.828,236.58,236.58,-0.918564,1283.54,-0.0225683,17871.6,0.0,15.6726,31.3966,45.8015,69.1086,100.045,129.079,152.769,182.031,200.0,200.0,200.0,200.0,200.0,200.0,17.7013,5.51033,2.70499,1.62199,0.707886,-1.0,-1.0,-1.0,-1.0,-1.0
28.046,0.0,0.9999999999999998,9.841937236667727e-45,5,263.796,0.0731398,0.683948,242.129,242.158,237.063,237.063,-0.91158,1285.18,-0.028847,17923.4,0.0,15.5722,31.1988,45.5168,68.6881,99.4538,128.337,151.911,181.038,200.0,200.0,200.0,200.0,200.0,200.0,20.8173,6.48457,3.05276,1.79881,0.773788,-1.0,-1.0,-1.0,-1.0,-1.0
28.068,0.0,0.9999999999999998,6.397259203834023e-45,5,264.147,0.0693963,0.554358,242.456,242.485,237.468,237.468,-0.902911,1286.83,-0.0351026,17953.7,0.0,15.4723,31.0033,45.237,68.2791,98.8866,127.635,151.109,180.125,200.0,200.0,200.0,200.0,200.0,200.0,23.8853,7.46051,3.48773,2.01894,0.855469,-1.0,-1.0,-1.0,-1.0,-1.0
28.09,0.0,0.9999999999999998,4.158218482492115e-45,5,264.518,0.080273,0.456255,242.786,242.819,237.603,237.603,-0.892558,1288.48,-0.0413103,17961.8,0.0,15.3733,30.8122,44.967,67.892,98.3653,127.01,150.414,179.364,200.0,200.0,200.0,200.0,200.0,200.0,26.8624,8.42611,3.94323,2.27781,0.953247,-1.0,-1.0,-1.0,-1.0,-1.0
28.112,0.0,0.9999999999999998,2.702842013619875e-45,5,264.884,0.0794429,0.302741,243.128,243.141,237.821,237.821,-0.880567,1290.12,-0.0458109,17980.1,0.0,15.2737,30.6176,44.6889,67.4865,97.8047,126.319,149.628,178.473,200.0,200.0,200.0,200.0,200.0,199.193,29.8582,9.39331,4.39901,2.54178,1.06323,-1.0,-1.0,-1.0,-1.0,-1.0
28.134,0.0,0.9999999999999998,1.7568473088529187e-45,5,265.225,0.0727244,0.201812,243.467,243.469,238.325,238.325,-0.868142,1291.73,-0.0457384,18020.8,0.0,15.1738,30.4209,44.406,67.0692,97.2192,125.586,148.782,177.497,200.0,200.0,200.0,200.0,200.0,197.893,32.8654,10.3608,4.85455,2.80553,1.17375,-1.0,-1.0,-1.0,-1.0,-1.0
28.156,0.0,0.9999999999999998,1.1419507507543972e-45,5,265.596,0.0541679,0.0788157,243.803,243.792,238.493,238.493,-0.855725,1293.36,-0.0457514,18030.7,0.0,15.0728,30.2177,44.1086,66.6184,96.5622,124.733,147.768,176.281,200.0,200.0,200.0,200.0,200.0,196.676,35.9796,11.3383,5.3121,3.06986,1.2843,-1.0,-1.0,-1.0,-1.0,-1.0
28.178,0.0,0.9999999999999998,7.422679879903583e-46,5,265.958,0.0266211,0.0198293,244.146,244.131,238.741,238.741,-0.843292,1294.98,-0.0458125,18049.7,0.0,14.9709,30.0106,43.8029,66.1482,95.8649,123.813,146.659,174.931,200.0,200.0,200.0,200.0,200.0,195.493,39.1796,12.3252,5.772,3.33509,1.39506,-1.0,-1.0,-1.0,-1.0,-1.0
28.2,-0.12,0.9999999999999998,4.8247419219373284e-46,5,266.319,0.0098652,-0.0462979,244.467,244.459,239.0,239.0,-0.830853,1296.6,-0.0458536,18069.3,0.0,14.8694,29.805,43.5004,65.6859,95.1842,122.921,145.59,173.638,200.0,200.0,200.0,200.0,200.0,194.273,42.3622,13.3107,6.23174,3.60034,1.50587,-1.0,-1.0,-1.0,-1.0,-1.0
28.222,-0.1625,0.9999999999999998,3.1360822492592636e-46,5,266.655,0.0087281,-0.168795,244.26,244.978,239.296,239.296,-0.818815,1298.23,-0.0418288,18091.9,0.0,14.8261,29.9129,43.8916,66.8405,97.9523,127.848,152.759,200.0,200.0,200.0,200.0,200.0,200.0,188.549,38.8522,13.5452,6.51639,3.80447,1.60597,10.9451,10.9321,10.9224,10.9161,10.9132
28.244,-0.1625,0.9999999999999998,2.0384534620185214e-46,5,266.907,1.32957,-0.410366,243.728,245.79,240.206,240.206,-0.808068,1299.86,-0.030518,18162.1,0.0,14.8944,30.6221,45.6465,71.3249,108.308,146.435,200.0,200.0,200.0,200.0,200.0,199.694,190.334,87.8083,29.3138,12.5821,6.47078,3.8831,1.68067,-1.0,-1.0,-1.0,-1.0,-1.0
28.266,-0.04250000000000001,0.9999999999999998,1.3249947503120389e-46,5,267.164,3.34693,-0.641389,243.414,246.455,240.588,240.588,-0.799169,1301.49,-0.0150788,18189.4,0.0,15.0414,31.7699,48.4871,78.8986,127.315,200.0,200.0,200.0,200.0,199.359,193.645,185.414,82.5827,42.2053,22.0262,11.2732,6.23895,3.87114,1.7304,-1.0,-1.0,-1.0,-1.0,-1.0
28.288,0.0,0.9999999999999998,8.612465877028253e-47,5,267.442,5.15278,-0.762838,244.036,246.829,240.757,240.757,-0.792326,1303.12,-0.00173548,18201.4,0.0,15.1821,32.8658,51.3049,87.012,150.431,200.0,200.0,200.0,194.964,188.371,174.867,79.2794,44.6107,29.7488,18.3174,10.371,6.04248,3.84668,1.76524,-1.0,-1.0,-1.0,-1.0,-1.0
28.31,0.0,0.9999999999999998,5.598102820068365e-47,5,267.784,5.26218,-0.872672,245.111,246.46,240.733,240.733,-0.787269,1304.76,0.00405815,18199.2,0.0,15.2274,33.3313,52.5821,91.0011,163.202,200.0,200.0,195.176,189.304,180.471,99.8393,59.3398,37.8499,26.7736,17.2943,10.1384,6.02412,3.87486,1.7978,-1.0,-1.0,-1.0,-1.0,-1.0
28.332,0.0,0.9999999999999998,3.6387668330444373e-47,5,268.156,4.01807,-0.969911,246.021,246.224,240.732,240.732,-0.783741,1306.4,0.00440624,18199.6,0.0,15.2027,33.2996,52.5661,91.0887,163.745,200.0,199.701,193.331,187.452,178.553,98.8046,59.3636,38.0848,27.0206,17.4988,10.2784,6.11422,3.9352,1.82699,-1.0,-1.0,-1.0,-1.0,-1.0
28.354,0.0,0.9999999999999998,2.3651984414788846e-47,5,268.496,2.65013,-1.15716,246.586,246.333,241.25,241.25,-0.781469,1308.04,0.00295815,18239.1,0.0,15.1612,33.1159,52.1362,89.8728,160.0,200.0,198.658,192.504,186.926,178.985,112.215,64.2421,40.1921,28.1524,18.0338,10.5059,6.21991,3.99308,1.84883,-1.0,-1.0,-1.0,-1.0,-1.0
28.376,0.0,0.9999999999999998,1.5373789869612749e-47,5,268.861,1.60618,-1.28439,246.948,246.65,241.391,241.391,-0.779999,1309.68,0.00149906,18249.7,0.0,15.1265,32.9476,51.7328,88.718,156.458,200.0,197.584,191.627,186.31,179.061,129.09,69.653,42.3559,29.2575,18.5259,10.7007,6.30443,4.0369,1.86398,-1.0,-1.0,-1.0,-1.0,-1.0
28.398,0.0,0.9999999999999998,9.992963415248287e-48,5,269.219,0.907267,-1.34408,247.253,247.018,241.584,241.584,-0.779043,1311.32,0.000388592,18264.4,0.0,15.1016,32.8236,51.4344,87.8658,153.877,200.0,196.332,190.521,185.388,178.569,145.444,74.3087,44.1109,30.1252,18.9002,10.844,6.36482,4.06749,1.87415,-1.0,-1.0,-1.0,-1.0,-1.0
28.42,0.0,0.9999999999999998,6.495426219911386e-48,5,269.573,0.481317,-1.42628,247.538,247.371,241.808,241.808,-0.778383,1312.97,-0.000380903,18281.5,0.0,15.0843,32.7382,51.2295,87.2845,152.136,200.0,194.916,189.21,184.204,177.66,159.329,77.89,45.4048,30.7525,19.1665,10.9449,6.407,4.08878,1.8812,-1.0,-1.0,-1.0,-1.0,-1.0
28.442,0.0,0.9999999999999998,4.222027042942401e-48,5,269.919,0.230752,-1.49734,247.835,247.722,242.1,242.1,-0.777883,1314.62,-0.000892401,18306.1,0.0,15.0724,32.6805,51.0924,86.8991,150.995,198.719,193.382,187.752,182.836,176.476,164.156,80.4766,46.3157,31.1905,19.352,11.0156,6.43697,4.1041,1.88641,-1.0,-1.0,-1.0,-1.0,-1.0
28.464,0.0,0.9999999999999998,2.7443175779125604e-48,5,270.251,0.097836,-1.64571,248.121,248.053,242.604,242.604,-0.777447,1316.27,-0.00119454,18341.6,0.0,15.0642,32.6439,51.0077,86.6661,150.317,197.05,191.754,186.179,181.327,175.089,163.788,82.1329,46.899,31.4741,19.4753,11.0646,6.45884,4.11579,1.89069,-1.0,-1.0,-1.0,-1.0,-1.0
28.486,0.0,0.9999999999999998,1.7838064256431644e-48,5,270.602,0.0331636,-1.72689,248.428,248.392,242.81,242.81,-0.777036,1317.92,-0.00135496,18357.3,0.0,15.0583,32.6212,50.9576,86.5341,149.944,195.328,190.063,184.53,179.725,173.573,162.786,83.1045,47.2518,31.6518,19.5569,11.0997,6.47567,4.12532,1.89448,-1.0,-1.0,-1.0,-1.0,-1.0
28.508,0.0,0.9999999999999998,1.1594741766680569e-48,5,270.949,0.00586234,-1.77435,248.739,248.722,243.047,243.047,-0.77663,1319.58,-0.00143126,18375.2,0.0,15.0537,32.6066,50.9278,86.4612,149.749,193.573,188.334,182.836,178.068,171.983,161.519,83.6517,47.4655,31.7666,19.6143,11.1269,6.4898,4.13374,1.89807,-1.0,-1.0,-1.0,-1.0,-1.0
28.53,0.0,0.9999999999999998,7.53658214834237e-49,5,271.295,-0.0034326,-1.83577,249.047,249.04,243.294,243.294,-0.776234,1321.23,-0.00146326,18393.9,0.0,15.0498,32.5963,50.9089,86.4196,149.649,191.799,186.583,181.116,176.382,170.352,160.127,83.9681,47.6036,31.8472,19.6583,11.1496,6.5023,4.14146,1.9015,-1.0,-1.0,-1.0,-1.0,-1.0
28.552,0.0,0.9999999999999998,4.8987783964225404e-49,5,271.626,-0.004981,-1.9089,249.36,249.358,243.714,243.714,-0.775837,1322.89,-0.00147301,18426.5,0.0,15.0463,32.5881,50.8952,86.3935,149.595,190.015,184.821,179.382,174.679,168.7,158.676,84.168,47.7047,31.911,19.6959,11.1702,6.51413,4.14892,1.90489,-1.0,-1.0,-1.0,-1.0,-1.0
28.574,0.0,0.9999999999999998,3.1842059576746515e-49,5,271.967,-0.00376828,-1.99607,249.667,249.667,243.997,243.997,-0.77543,1324.55,-0.00147304,18446.9,0.0,15.0429,32.5806,50.8835,86.3737,149.561,188.224,183.052,177.642,172.969,167.039,157.197,84.3217,47.7914,31.969,19.7318,11.1905,6.52598,4.15647,1.90836,-1.0,-1.0,-1.0,-1.0,-1.0
28.596,0.0,0.9999999999999998,2.0697338724885237e-49,5,272.308,-0.002253,-2.04303,249.982,249.983,244.241,244.241,-0.775031,1326.22,-0.0014708,18465.5,0.0,15.0395,32.5735,50.8726,86.3559,149.532,186.43,181.28,175.898,171.254,165.374,155.706,84.4592,47.8725,32.0241,19.7662,11.2102,6.5375,4.16382,1.91174,-1.0,-1.0,-1.0,-1.0,-1.0
28.618,0.0,0.9999999999999998,1.3453270171175404e-49,5,272.648,-0.00114303,-2.07868,250.293,250.294,244.492,244.492,-0.774625,1327.88,-0.00146875,18484.5,0.0,15.0361,32.5662,50.8614,86.3375,149.619,184.633,179.504,174.151,169.538,163.707,154.209,84.6012,47.9554,32.0803,19.8013,11.2303,6.54923,4.17131,1.91519,-1.0,-1.0,-1.0,-1.0,-1.0
28.64,0.0,0.9999999999999998,8.744625611264012e-50,5,272.986,-0.000531253,-2.10893,250.604,250.604,244.752,244.752,-0.774218,1329.55,-0.00146747,18504.2,0.0,15.0327,32.5589,50.8501,86.3186,190.629,182.833,177.727,172.403,167.82,162.039,152.708,84.7468,48.0397,32.1373,19.8366,11.2504,6.56101,4.17882,1.91864,-1.0,-1.0,-1.0,-1.0,-1.0
28.662,0.0,0.9999999999999998,5.684006647321608e-50,5,273.314,-0.000259602,-2.15591,250.91,250.91,245.123,245.123,-0.77381,1331.22,-0.00146693,18532.3,0.0,15.0292,32.5515,50.8385,86.2991,188.801,181.03,175.947,170.652,166.1,160.369,151.202,84.8972,48.1256,32.195,19.8723,11.2707,6.57285,4.18637,1.92211,-1.0,-1.0,-1.0,-1.0,-1.0
28.684,0.0,0.9999999999999998,3.6946043207590454e-50,5,273.649,-0.000183373,-2.19225,251.217,251.217,245.388,245.388,-0.773408,1332.89,-0.0014669,18552.2,0.0,15.0258,32.5441,50.827,86.2796,186.971,179.225,174.164,168.899,164.378,158.697,149.691,85.0483,48.2112,32.2522,19.9077,11.2907,6.58454,4.19381,1.92553,-1.0,-1.0,-1.0,-1.0,-1.0
28.706,0.0,0.9999999999999998,2.4014928084933797e-50,5,273.982,-0.000129462,-2.21157,251.525,251.525,245.655,245.655,-0.772998,1334.56,-0.0014669,18572.4,0.0,15.0224,32.5366,50.8153,86.2597,185.137,177.416,172.379,167.144,162.654,157.024,148.175,85.2022,48.2985,32.3105,19.9437,11.3112,6.59646,4.2014,1.92901,-1.0,-1.0,-1.0,-1.0,-1.0
28.728,0.0,0.9999999999999998,1.560970325520697e-50,5,274.313,-9.13695e-05,-2.2242,251.829,251.829,245.92,245.92,-0.77259,1336.24,-0.0014669,18592.5,0.0,15.0189,32.5291,50.8036,86.2398,183.299,175.605,170.591,165.386,160.928,155.349,146.654,85.3552,48.3852,32.3686,19.9795,11.3315,6.6083,4.20895,1.93247,-1.0,-1.0,-1.0,-1.0,-1.0
28.75,0.0,0.9999999999999998,1.0146307115884531e-50,5,274.643,-7.72962e-05,-2.22735,252.133,252.133,246.193,246.193,-0.772182,1337.92,-0.0014669,18613.3,0.0,15.0154,32.5216,50.7919,86.2199,181.458,173.79,168.8,163.626,159.199,153.671,145.127,85.5084,48.4721,32.4267,20.0154,11.3518,6.62017,4.2165,1.93594,-1.0,-1.0,-1.0,-1.0,-1.0
28.772,0.0,0.9999999999999998,6.595099625324945e-51,5,274.969,-7.7254e-05,-2.23303,252.435,252.435,246.49,246.49,-0.771772,1339.6,-0.0014669,18635.6,0.0,15.012,32.5141,50.7801,86.2,179.614,171.972,167.006,161.863,157.468,151.992,143.596,85.6622,48.5592,32.485,20.0513,11.3722,6.63207,4.22409,1.93943,-1.0,-1.0,-1.0,-1.0,-1.0
28.794,0.0,0.9999999999999998,4.2868147564612146e-51,5,275.296,-7.25158e-05,-2.2352,252.735,252.735,246.771,246.771,-0.771361,1341.28,-0.0014669,18656.8,0.0,15.0085,32.5065,50.7684,86.18,177.766,170.152,165.21,160.098,155.735,150.31,142.06,85.8164,48.6467,32.5435,20.0874,11.3927,6.64401,4.23169,1.94292,-1.0,-1.0,-1.0,-1.0,-1.0
28.816,0.0,0.9999999999999998,2.78642959169979e-51,5,275.62,-6.36468e-05,-2.23037,253.035,253.035,247.05,247.05,-0.770949,1342.96,-0.0014669,18677.9,0.0,15.005,32.499,50.7565,86.16,175.915,168.328,163.411,158.33,154.0,148.627,140.52,85.9711,48.7344,32.6022,20.1237,11.4132,6.65599,4.23932,1.94642,-1.0,-1.0,-1.0,-1.0,-1.0
28.838,0.0,0.9999999999999998,1.8111792346048636e-51,5,275.944,-5.76856e-05,-2.2103,253.334,253.334,247.328,247.328,-0.770532,1344.65,-0.0014669,18698.9,0.0,15.0015,32.4913,50.7446,86.1397,174.06,166.501,161.61,156.56,152.263,146.942,138.975,86.1277,48.8231,32.6616,20.1603,11.434,6.66812,4.24704,1.94997,-1.0,-1.0,-1.0,-1.0,-1.0
28.86,0.0,0.9999999999999998,1.1772665024931615e-51,5,276.268,-5.76124e-05,-2.18312,253.631,253.631,247.571,247.571,-0.77012,1346.33,-0.0014669,18717.2,0.0,14.998,32.4838,50.7328,86.1197,172.202,164.672,159.805,154.788,150.524,145.254,137.426,86.2822,48.9107,32.7201,20.1965,11.4545,6.68007,4.25466,1.95346,-1.0,-1.0,-1.0,-1.0,-1.0
28.882,0.0,0.9999999999999998,7.652232266205549e-52,5,276.589,-3.51846e-05,-2.14888,253.927,253.927,247.842,247.842,-0.769707,1348.02,-0.0014669,18737.9,0.0,14.9945,32.4762,50.721,86.0996,170.34,162.839,157.998,153.013,148.782,143.565,135.873,86.4371,48.9985,32.7789,20.2327,11.4751,6.69207,4.2623,1.95697,-1.0,-1.0,-1.0,-1.0,-1.0
28.904,0.0,0.9999999999999998,4.973950973033607e-52,5,276.907,-5.02623e-05,-2.124,254.22,254.22,248.133,248.133,-0.769293,1349.71,-0.0014669,18759.9,0.0,14.991,32.4686,50.7091,86.0794,168.474,161.003,156.188,151.236,147.038,141.874,134.315,86.5926,49.0867,32.8378,20.2691,11.4958,6.70411,4.26997,1.96049,-1.0,-1.0,-1.0,-1.0,-1.0
28.926,0.0,0.9999999999999998,3.2330681324718446e-52,5,277.223,-2.24755e-05,-2.082,254.515,254.515,248.429,248.429,-0.768878,1351.41,-0.0014669,18782.2,0.0,14.9875,32.461,50.6972,86.0592,166.605,159.164,154.376,149.456,145.292,140.18,132.754,86.7486,49.1751,32.897,20.3056,11.5165,6.71618,4.27765,1.96402,-1.0,-1.0,-1.0,-1.0,-1.0
28.948,0.0,0.9999999999999998,2.1014942861066993e-52,5,277.538,-3.10486e-05,-2.03881,254.805,254.805,248.716,248.716,-0.768468,1353.1,-0.0014669,18803.9,0.0,14.984,32.4534,50.6854,86.0393,164.732,157.322,152.56,147.673,143.544,138.485,131.189,86.9024,49.2623,32.9553,20.3417,11.5369,6.72809,4.28524,1.9675,-1.0,-1.0,-1.0,-1.0,-1.0
28.97,0.0,0.9999999999999998,1.3659712859693546e-52,5,277.86,-2.33045e-05,-1.96275,255.098,255.098,248.891,248.891,-0.768053,1354.8,-0.0014669,18817.0,0.0,14.9805,32.4458,50.6735,86.0191,162.856,155.477,150.742,145.889,141.794,136.788,129.62,87.0581,49.3506,33.0143,20.3781,11.5576,6.74014,4.29292,1.97103,-1.0,-1.0,-1.0,-1.0,-1.0
28.992,0.0,0.9999999999999998,8.878813358800805e-53,5,278.172,-1.71629e-05,-1.89536,255.386,255.386,249.176,249.176,-0.767637,1356.5,-0.0014669,18838.8,0.0,14.9769,32.4382,50.6616,85.9988,160.976,153.628,148.92,144.101,140.041,135.089,128.047,87.2142,49.439,33.0736,20.4146,11.5783,6.75223,4.30062,1.97456,-1.0,-1.0,-1.0,-1.0,-1.0
29.014,0.0,0.9999999999999998,5.771228683220524e-53,5,278.48,-1.33176e-05,-1.8522,255.671,255.671,249.488,249.488,-0.767213,1358.2,-0.0014669,18862.4,0.0,14.9733,32.4304,50.6494,85.9782,159.093,151.777,147.097,142.312,138.287,133.388,126.471,87.3735,49.5293,33.134,20.4519,11.5994,6.76456,4.30848,1.97817,-1.0,-1.0,-1.0,-1.0,-1.0
29.036,0.0,0.9999999999999998,3.7512986440933407e-53,5,278.786,-1.41167e-05,-1.77112,255.959,255.959,249.786,249.786,-0.766783,1359.9,-0.0014669,18884.8,0.0,14.9697,32.4225,50.6371,85.9573,157.205,149.923,145.27,140.52,136.53,131.686,124.892,87.5346,49.6207,33.195,20.4896,11.6208,6.77704,4.31642,1.98182,-1.0,-1.0,-1.0,-1.0,-1.0
29.058,0.0,0.9999999999999998,2.4383441186606716e-53,5,279.1,-1.85641e-05,-1.6889,256.239,256.239,249.949,249.949,-0.766365,1361.61,-0.0014669,18896.1,0.0,14.9662,32.4149,50.6252,85.937,155.315,148.065,143.441,138.726,134.771,129.981,123.309,87.6916,49.7097,33.2546,20.5264,11.6417,6.78919,4.32416,1.98537,-1.0,-1.0,-1.0,-1.0,-1.0
29.08,0.0,0.9999999999999998,1.5849236771294365e-53,5,279.406,-1.93684e-05,-1.56554,256.526,256.526,250.162,250.162,-0.765949,1363.31,-0.0014669,18913.2,0.0,14.9626,32.4072,50.6132,85.9167,153.42,146.205,141.609,136.929,133.01,128.274,121.723,87.8478,49.7982,33.3138,20.5629,11.6624,6.80128,4.33186,1.98891,-1.0,-1.0,-1.0,-1.0,-1.0
29.102,0.0,0.9999999999999998,1.0302003901341338e-53,5,279.704,-1.94528e-05,-1.47666,256.801,256.801,250.461,250.461,-0.765524,1365.02,-0.0014669,18936.0,0.0,14.959,32.3994,50.6011,85.8961,151.522,144.341,139.774,135.13,131.247,126.566,120.133,88.0071,49.8885,33.3742,20.6002,11.6835,6.81362,4.33972,1.99252,-1.0,-1.0,-1.0,-1.0,-1.0
29.124,0.0,0.9999999999999998,6.69630253587187e-54,5,279.996,-2.82455e-05,-1.39182,257.077,257.077,250.789,250.789,-0.765101,1366.73,-0.0014669,18960.7,0.0,14.9555,32.3917,50.5889,85.8755,149.62,142.474,137.937,133.329,129.482,124.856,118.54,88.1659,49.9785,33.4344,20.6374,11.7046,6.82591,4.34755,1.99611,-1.0,-1.0,-1.0,-1.0,-1.0
29.146,0.0,0.9999999999999998,4.3525966483167156e-54,5,280.288,-2.06075e-05,-1.29997,257.346,257.346,251.075,251.075,-0.764699,1368.44,-0.0014669,18982.2,0.0,14.952,32.3843,50.5774,85.8559,147.714,140.604,136.096,131.525,127.715,123.144,116.943,88.3171,50.0642,33.4918,20.6728,11.7247,6.83762,4.355,1.99953,-1.0,-1.0,-1.0,-1.0,-1.0
29.168,0.0,0.9999999999999998,2.829187821405865e-54,5,280.596,-2.0261e-05,-1.14279,257.621,257.622,251.113,251.113,-0.764278,1370.16,-0.0014669,18984.9,0.0,14.9485,32.3765,50.5653,85.8354,145.804,138.731,134.253,129.719,125.945,121.43,115.344,88.4749,50.1537,33.5516,20.7097,11.7456,6.84984,4.36279,2.00311,-1.0,-1.0,-1.0,-1.0,-1.0
29.19,0.0,0.9999999999999998,1.8389720839138123e-54,5,280.883,-1.4308e-05,-0.990606,257.89,257.89,251.387,251.387,-0.763855,1371.87,-0.0014669,19005.9,0.0,14.9449,32.3688,50.5532,85.8148,143.891,136.854,132.407,127.91,124.174,119.714,113.742,88.6336,50.2436,33.6118,20.7469,11.7667,6.86212,4.37061,2.0067,-1.0,-1.0,-1.0,-1.0,-1.0
29.212,0.0,0.9999999999999998,1.195331854543978e-54,5,281.163,-1.93956e-05,-0.904926,258.149,258.149,251.724,251.724,-0.76344,1373.59,-0.0014669,19031.5,0.0,14.9414,32.3612,50.5413,85.7947,141.974,134.975,130.559,126.099,122.401,117.996,112.137,88.7894,50.332,33.6709,20.7834,11.7874,6.87419,4.37829,2.01023,-1.0,-1.0,-1.0,-1.0,-1.0
29.234,0.0,0.9999999999999998,7.769657054535857e-55,5,281.441,-1.2697e-05,-0.764082,258.414,258.414,252.036,252.036,-0.763016,1375.31,-0.0014669,19054.9,0.0,14.9378,32.3534,50.5292,85.774,140.053,133.092,128.708,124.286,120.626,116.278,110.529,88.9487,50.4223,33.7313,20.8206,11.8085,6.88652,4.38615,2.01383,10.5851,10.58,10.5781,10.5794,10.584
29.256,0.0,0.9999999999999998,5.050277085448307e-55,5,281.732,-2.20651e-05,-0.629821,258.668,258.668,252.143,252.143,-0.762593,1377.03,-0.0014669,19060.8,0.0,14.9342,32.3456,50.517,85.7534,138.129,131.207,126.854,122.471,118.849,114.557,108.918,89.1075,50.5123,33.7915,20.8578,11.8296,6.89882,4.39398,2.01743,-1.0,-1.0,-1.0,-1.0,-1.0
29.278,0.0,0.9999999999999998,3.2826801055414e-55,5,282.016,-9.61262e-06,-0.408601,258.937,258.937,252.276,252.276,-0.762167,1378.75,-0.0014669,19073.0,0.0,14.9306,32.3378,50.5048,85.7327,136.2,129.318,124.997,120.653,117.07,112.834,107.304,89.2671,50.6028,33.8521,20.8952,11.8508,6.91117,4.40185,2.02104,-1.0,-1.0,-1.0,-1.0,-1.0
29.3,0.0,0.9999999999999998,2.1337420686019103e-55,5,282.287,-1.51209e-05,-0.25023,259.187,259.187,252.586,252.586,-0.76174,1380.48,-0.0014669,19096.8,0.0,14.927,32.33,50.4926,85.7119,134.267,127.426,123.137,118.833,115.289,111.11,105.688,89.4276,50.6938,33.9129,20.9327,11.8721,6.9236,4.40976,2.02468,-1.0,-1.0,-1.0,-1.0,-1.0
29.322,0.0,0.9999999999999998,1.3869323445912419e-55,5,282.551,-1.7579e-06,-0.148578,259.435,259.435,252.943,252.943,-0.761323,1382.2,-0.0014669,19123.6,0.0,14.9234,32.3223,50.4806,85.6916,132.331,125.53,121.275,117.011,113.505,109.384,104.068,89.5842,50.7825,33.9723,20.9694,11.8929,6.93572,4.41749,2.02822,-1.0,-1.0,-1.0,-1.0,-1.0
29.344,0.0,0.9999999999999998,9.015060239843072e-56,5,282.816,-2.30285e-05,-0.0684917,259.679,259.679,253.24,253.24,-0.760915,1383.93,-0.0014669,19145.9,0.0,14.92,32.3148,50.469,85.6718,130.39,123.631,119.41,115.186,111.72,107.656,102.446,89.7372,50.8692,34.0303,21.0052,11.9132,6.94756,4.42503,2.03168,-1.0,-1.0,-1.0,-1.0,-1.0
29.366,0.0,0.9999999999999998,5.859789155897997e-56,5,283.099,-1.3484e-05,0.071103,259.931,259.931,253.268,253.268,-0.760489,1385.66,-0.0014669,19147.9,0.0,14.9164,32.307,50.4568,85.6511,128.446,121.73,117.542,113.359,109.933,105.927,100.821,89.897,50.9599,34.091,21.0426,11.9344,6.95994,4.43291,2.0353,-1.0,-1.0,-1.0,-1.0,-1.0
29.388,0.0,0.9999999999999998,3.808862951333698e-56,5,283.361,-1.88633e-05,0.199097,260.177,260.177,253.538,253.538,-0.760077,1387.39,-0.0014669,19168.5,0.0,14.9129,32.2994,50.4449,85.631,126.498,119.825,115.672,111.53,108.145,104.196,99.1936,89.6684,51.0476,34.1496,21.0789,11.955,6.97192,4.44054,2.03881,-1.0,-1.0,-1.0,-1.0,-1.0
29.41,0.0,0.9999999999999998,2.475760918366904e-56,5,283.618,-1.7702e-05,0.253631,260.413,260.413,253.859,253.859,-0.759646,1389.12,-0.0014669,19192.8,0.0,14.9092,32.2915,50.4326,85.61,124.546,117.916,113.799,109.699,106.354,102.463,97.5643,88.8213,51.1393,34.211,21.1167,11.9765,6.98445,4.44852,2.04247,-1.0,-1.0,-1.0,-1.0,-1.0
29.432,0.0,0.9999999999999998,1.6092445969384877e-56,5,283.874,-8.32546e-06,0.289905,260.651,260.651,254.143,254.143,-0.759208,1390.86,-0.0014669,19214.1,0.0,14.9055,32.2835,50.42,85.5888,122.589,116.005,111.923,107.866,104.562,100.73,95.9327,87.7722,51.2324,34.2733,21.1552,11.9983,6.99717,4.45662,2.04619,-1.0,-1.0,-1.0,-1.0,-1.0
29.454,0.0,0.9999999999999998,1.046008988010017e-56,5,284.137,-1.54774e-05,0.316903,260.887,260.887,254.316,254.316,-0.758784,1392.59,-0.0014669,19226.3,0.0,14.9019,32.2757,50.4079,85.724,120.629,114.09,110.044,106.03,102.768,98.9938,94.298,86.6146,51.3227,34.3337,21.1924,12.0194,7.00949,4.46447,2.04979,-1.0,-1.0,-1.0,-1.0,-1.0
29.476,0.0,0.9999999999999998,6.799058422065112e-57,5,284.396,-2.60727e-06,0.376169,261.128,261.128,254.506,254.506,-0.758366,1394.33,-0.0014669,19241.5,0.0,14.8984,32.2681,50.3959,86.6699,118.664,112.172,108.163,104.192,100.971,97.2563,92.6608,85.387,51.4115,34.3931,21.2291,12.0402,7.02162,4.4722,2.05334,-1.0,-1.0,-1.0,-1.0,-1.0
29.498,0.0,0.9999999999999998,4.4193879743423224e-57,5,284.647,6.85181e-06,0.405341,261.361,261.361,254.765,254.765,-0.757956,1396.07,-0.0014669,19261.1,0.0,14.8949,32.2605,50.3841,127.063,116.695,110.251,106.279,102.351,99.173,95.5171,91.0208,84.1091,51.4989,34.4516,21.2652,12.0607,7.03357,4.4798,2.05683,-1.0,-1.0,-1.0,-1.0,-1.0
29.52,0.0,0.9999999999999998,2.8726021833225094e-57,5,284.897,-6.7441e-07,0.429684,261.593,261.593,255.012,255.012,-0.757519,1397.81,-0.0014669,19279.7,0.0,14.8912,32.2525,50.3716,125.044,114.723,108.326,104.392,100.509,97.3735,93.777,89.3795,82.7947,51.5918,34.5137,21.3036,12.0824,7.04625,4.48788,2.06054,-1.0,-1.0,-1.0,-1.0,-1.0
29.542,0.0,0.9999999999999998,1.867191419159631e-57,5,285.146,-1.73214e-06,0.462007,261.823,261.823,255.235,255.235,-0.757099,1399.55,-0.0014669,19296.5,0.0,14.8877,32.2448,50.3596,123.019,112.745,106.398,102.502,98.6645,95.5719,92.035,87.7353,81.4477,51.6812,34.5735,21.3405,12.1034,7.05847,4.49566,2.06412,-1.0,-1.0,-1.0,-1.0,-1.0
29.564,0.0,0.9999999999999998,1.2136744224537602e-57,5,285.4,1.0609e-05,0.529844,262.054,262.054,255.348,255.348,-0.756672,1401.3,-0.0014669,19305.0,0.0,14.884,32.237,50.3473,120.988,110.764,104.467,100.61,96.8178,93.7685,90.2916,86.089,80.0756,51.772,34.6343,21.378,12.1246,7.07087,4.50356,2.06774,-1.0,-1.0,-1.0,-1.0,-1.0
29.586,0.0,0.9999999999999998,7.888883745949441e-58,5,285.645,1.72479e-05,0.596517,262.282,262.282,255.567,255.567,-0.756252,1403.04,-0.0014669,19321.7,0.0,14.8805,32.2293,50.3353,118.95,108.777,102.532,98.7147,94.9686,91.9632,88.5464,84.4402,78.6814,51.8614,34.6941,21.4149,12.1456,7.08308,4.51134,2.07131,-1.0,-1.0,-1.0,-1.0,-1.0
29.608,0.0,0.9999999999999998,5.1277744348671366e-58,5,285.885,5.76101e-06,0.639411,262.504,262.504,255.81,255.81,-0.755825,1404.79,-0.0014669,19340.1,0.0,14.8769,32.2214,50.3231,116.907,106.787,100.594,96.8166,93.1174,90.1563,86.8,82.7893,77.2689,51.9522,34.7548,21.4524,12.1669,7.09547,4.51924,2.07494,-1.0,-1.0,-1.0,-1.0,-1.0
29.63,0.0,0.7499999999999998,3.333053382663639e-58,5,286.123,-9.20397e-06,0.696976,262.726,262.726,256.047,256.047,-0.755375,1406.54,-0.0014669,19357.9,0.0,14.8731,32.2132,50.3102,114.858,104.792,98.6527,94.9163,91.2646,88.3482,85.0528,81.1372,75.8415,52.0479,34.8188,21.4919,12.1893,7.10854,4.52756,2.07876,-1.0,-1.0,-1.0,-1.0,-1.0
29.652,0.0,0.5624999999999998,2.1664846987313653e-58,5,286.177,-8.89376e-06,0.75345,262.869,262.869,254.847,254.847,-0.754972,1408.28,-0.0014669,19265.9,0.0,14.8696,32.2058,50.2986,112.802,102.792,96.7077,93.0128,89.4091,86.5378,83.3033,79.4817,74.3971,52.1338,34.8763,21.5274,12.2094,7.12027,4.53503,2.08219,-1.0,-1.0,-1.0,-1.0,-1.0
29.674,0.0,0.42187499999999983,1.4082150541753875e-58,5,286.003,-2.0171e-05,0.83458,262.801,262.801,253.828,253.828,-0.754547,1410.03,-0.0014669,19188.7,0.0,14.866,32.198,50.2864,110.743,100.791,94.7616,91.1088,87.5538,84.728,81.5547,77.8265,72.9427,52.2241,34.9367,21.5647,12.2305,7.13261,4.54289,2.0858,-1.0,-1.0,-1.0,-1.0,-1.0
29.696,0.0,0.3164062499999999,9.15339785214002e-59,5,285.662,-1.05997e-05,0.879948,262.554,262.554,252.912,252.912,-0.754115,1411.78,-0.0014669,19119.1,0.0,14.8624,32.19,50.2741,108.681,98.7878,92.8154,89.2055,85.6998,82.92,79.8082,76.1726,71.4796,52.3161,34.9982,21.6026,12.2521,7.14516,4.55088,2.08947,-1.0,-1.0,-1.0,-1.0,-1.0
29.718,0.0,0.23730468749999992,5.949708603891013e-59,5,285.199,-4.35044e-06,0.923382,262.171,262.171,252.022,252.022,-0.753695,1413.52,-0.0014669,19051.4,0.0,14.8588,32.1823,50.262,106.617,96.7846,90.8699,87.3034,83.8475,81.114,78.0637,74.5198,70.0084,52.4054,35.058,21.6395,12.273,7.15737,4.55866,2.09304,-1.0,-1.0,-1.0,-1.0,-1.0
29.74,0.0,0.17797851562499994,3.8673105925291588e-59,4,284.644,-6.5935e-06,0.96633,261.695,261.695,251.157,251.164,-0.753281,1415.26,-0.00146693,18986.0,0.0,14.8553,32.1747,50.2502,104.551,94.7818,88.9257,85.4033,81.9979,79.311,76.3224,72.8692,68.5313,52.4935,35.117,21.6759,12.2936,7.16941,4.56632,2.09656,-1.0,-1.0,-1.0,-1.0,-1.0
29.762,0.0,0.13348388671874994,0.35,4,283.96,0.000924028,1.06177,261.091,261.092,250.478,250.479,-0.752863,1417.0,-0.00146279,19539.5,0.0,14.8518,32.1674,50.2391,102.484,92.7795,86.983,83.5052,80.1506,77.5106,74.5836,71.2201,67.0476,52.5748,35.1731,21.7113,12.314,7.18142,4.57401,2.1001,-1.0,-1.0,-1.0,-1.0,-1.0
29.784,0.0,0.10011291503906246,0.5774999999999999,4,282.641,0.00120888,1.12525,254.45,254.451,247.847,247.847,-0.752434,1418.73,-0.00146049,19486.9,0.0,14.8482,32.1598,50.2274,100.419,90.7807,85.045,81.6125,78.3093,75.7167,72.8514,69.5768,65.5635,52.6619,35.2322,21.7483,12.3352,7.19381,4.58192,2.10375,-1.0,-1.0,-1.0,-1.0,-1.0
29.806,0.0,0.07508468627929685,0.7253749999999999,4,280.491,0.00225212,1.15447,248.188,248.189,244.88,244.887,-0.751999,1420.45,-0.00145391,20599.0,0.0,14.8446,32.1524,50.2165,98.3609,88.7906,83.1162,79.7295,76.4781,73.9329,71.1292,67.9421,64.0805,52.7419,35.2885,21.7844,12.3562,7.2062,4.58987,2.10742,-1.0,-1.0,-1.0,-1.0,-1.0
29.828,0.0,0.056313514709472635,0.8214937499999999,4,277.802,0.00358251,1.20297,242.624,242.626,241.719,241.721,-0.751571,1422.16,-0.00144619,20330.8,0.0,14.8411,32.1453,50.206,96.315,86.8142,81.2019,77.8614,74.6621,72.1642,69.4217,66.3206,62.604,52.8185,35.3429,21.8195,12.3767,7.21838,4.59769,2.11104,-1.0,-1.0,-1.0,-1.0,-1.0
29.85,0.0,0.04223513603210448,0.8839709374999999,4,274.774,0.00324351,1.27113,237.061,237.063,238.585,238.585,-0.751152,1423.85,-0.00144398,20066.7,0.0,14.8376,32.1378,50.1945,94.2854,84.8556,79.3065,76.0124,72.8655,70.4151,67.7336,64.7174,61.1401,52.8267,35.4008,21.8557,12.3974,7.23049,4.60542,2.1146,-1.0,-1.0,-1.0,-1.0,-1.0
29.872,0.0,0.031676352024078355,0.9245811093749999,4,271.536,0.00234906,1.3594,231.565,231.567,235.29,235.29,-0.75075,1425.52,-0.00144443,19787.9,0.0,14.8342,32.1304,50.1829,92.2737,82.9162,77.4308,74.1836,71.0892,68.6862,66.0652,63.1324,59.6884,52.3084,35.4583,21.8911,12.4174,7.24218,4.61286,2.11802,-1.0,-1.0,-1.0,-1.0,-1.0
29.894,0.0,0.023757264018058766,0.95097772109375,4,268.16,0.00147071,1.41185,226.03,226.031,231.278,230.941,-0.750349,1427.16,-0.00144678,19425.1,0.0,14.8308,32.1228,50.1717,90.2811,80.9972,75.5761,72.3759,69.3342,66.9786,64.4178,61.5669,58.2506,51.535,35.5173,21.9271,12.4377,7.25391,4.62032,2.12143,-1.0,-1.0,-1.0,-1.0,-1.0
29.916,0.0,0.017817948013544076,0.9681355187109375,4,264.478,-0.018564,1.45881,220.834,220.828,227.195,226.469,-0.749949,1428.79,-0.00154862,19074.0,0.0,14.8259,32.106,50.2616,88.325,79.119,73.7654,70.6142,67.6272,65.3207,62.822,60.0552,56.8677,50.7085,35.6603,21.9949,12.4681,7.26905,4.6291,2.12505,-1.0,-1.0,-1.0,-1.0,-1.0
29.938,0.0,0.013363461010158057,0.9792880871621094,4,260.694,-0.0674264,1.50593,215.837,215.813,223.517,222.671,-0.74958,1430.39,-0.00179574,18759.8,0.0,14.8191,32.0763,50.5851,86.4134,77.2908,72.0081,68.9083,65.9785,63.7232,61.2891,58.6087,55.5514,49.8801,35.9237,22.1073,12.512,7.28831,4.63927,2.12871,-1.0,-1.0,-1.0,-1.0,-1.0
29.96,0.0,0.010022595757618543,0.9865372566553711,4,256.877,-0.121993,1.58571,210.443,210.398,220.203,219.327,-0.74915,1431.97,-0.00211644,18480.3,0.0,14.8107,32.0388,51.3271,84.5364,75.5,70.2902,67.2427,64.3711,62.1677,59.7984,57.2041,54.2734,49.0208,36.2632,22.25,12.5668,7.31195,4.6516,2.13305,-1.0,-1.0,-1.0,-1.0,-1.0
29.982,0.0,0.007516946818213907,0.9912492168259912,4,253.095,-0.168833,1.65003,204.634,204.562,216.621,215.714,-0.748727,1433.53,-0.00245288,18176.8,0.0,14.8022,32.0,53.1529,82.6835,73.7343,68.5973,65.6023,62.7883,60.636,58.3302,55.8191,53.0078,48.1108,36.6209,22.3986,12.6231,7.33601,4.66402,2.13737,-1.0,-1.0,-1.0,-1.0,-1.0
30.004,0.0,0.005637710113660431,0.9943119909368943,4,249.349,-0.202981,1.67076,198.335,198.232,213.05,212.102,-0.748229,1435.07,-0.00277036,17874.8,0.0,14.7933,31.9616,93.0096,80.85,71.988,66.9238,63.9805,61.2234,59.1211,56.8773,54.446,51.7467,47.156,36.9784,22.5491,12.6816,7.36167,4.67762,2.14229,-1.0,-1.0,-1.0,-1.0,-1.0
30.026,0.0,0.0042282825852453226,0.9963027941089813,4,245.62,-0.224843,1.67316,191.825,191.685,209.532,208.546,-0.747705,1436.58,-0.00305685,17577.3,0.0,14.7846,31.9257,91.1424,79.0334,70.2585,65.2662,62.3741,59.6728,57.6194,55.4354,53.0804,50.4861,46.1629,37.3169,22.6929,12.7385,7.3871,4.69129,2.14737,-1.0,-1.0,-1.0,-1.0,-1.0
30.048,0.0,0.003171211938933992,0.9975968161708378,4,241.906,-0.23677,1.67062,185.242,185.065,206.051,205.033,-0.747176,1438.07,-0.0033116,17283.2,0.0,14.7764,31.8927,89.2915,77.2335,68.5455,63.6245,60.783,58.1363,56.1307,54.0047,51.7229,49.2272,45.1411,37.6312,22.8274,12.7924,7.4116,4.70464,2.15242,-1.0,-1.0,-1.0,-1.0,-1.0
30.07,0.0,0.002378408954200494,0.9984379305110446,4,238.209,-0.240014,1.69465,178.149,177.934,202.921,201.915,-0.746606,1439.53,-0.00353557,17021.6,0.0,14.7683,31.8618,87.4568,75.4507,66.8497,61.9996,59.2079,56.6153,54.6564,52.5869,50.3756,47.9734,44.101,37.7163,22.9561,12.8453,7.43627,4.71835,2.15776,-1.0,-1.0,-1.0,-1.0,-1.0
30.092,0.0,0.0017838067156503705,0.998984654832179,4,234.576,-0.236556,1.71482,170.62,170.367,199.551,198.552,-0.745992,1440.98,-0.00372747,16737.0,0.0,14.7603,31.8331,85.6382,73.6848,65.1709,60.3913,57.6492,55.1099,53.1969,51.1823,49.0392,46.7257,43.0478,37.3826,23.0785,12.8972,7.46115,4.73245,2.16341,-1.0,-1.0,-1.0,-1.0,-1.0
30.114,0.0,0.001337855036737778,0.9993400256409164,4,230.998,-0.22963,1.7033,162.597,162.308,196.11,195.081,-0.745358,1442.4,-0.00389135,16446.3,0.0,14.7526,31.8065,83.8355,71.936,63.5094,58.8002,56.1071,53.6204,51.7526,49.7917,47.7144,45.4856,41.9865,36.8532,23.1935,12.9472,7.48565,4.74655,2.16917,-1.0,-1.0,-1.0,-1.0,-1.0
30.136,0.0,0.0010033912775533334,0.9995710166665956,4,227.456,-0.221466,1.6768,154.234,153.908,192.729,191.657,-0.744661,1443.8,-0.00403696,16160.2,0.0,14.7445,31.7806,82.0498,70.2058,61.8672,57.2285,54.5844,52.1499,50.3268,48.4188,46.4055,44.258,40.9246,36.2179,23.3085,12.9986,7.5114,4.76159,2.17543,-1.0,-1.0,-1.0,-1.0,-1.0
30.158,0.0,0.000752543458165,0.9997211608332872,4,223.913,-0.213687,1.66629,146.115,145.756,189.395,188.288,-0.743926,1445.17,-0.00417405,15878.3,0.0,14.7363,31.7547,80.2822,68.4956,60.2457,55.6777,53.0827,50.7002,48.9211,47.065,45.1144,43.0452,39.8667,35.5162,23.4243,13.0511,7.53798,4.77722,2.18199,-1.0,-1.0,-1.0,-1.0,-1.0
30.18,0.0,0.00056440759362375,0.6498187545416367,4,220.402,-0.207193,1.65948,137.702,137.311,186.139,185.001,-0.743186,1446.53,-0.00430837,15604.9,0.0,14.7281,31.7331,78.5334,66.8058,58.6456,54.1484,51.6024,49.2714,47.5362,45.7312,43.8416,41.8477,38.8146,34.7693,23.5401,13.1037,7.56465,4.79293,2.18859,-1.0,-1.0,-1.0,-1.0,-1.0
30.202,0.0,0.00042330569521781253,0.42238219045206393,4,217.084,-0.199738,1.70525,142.068,141.65,186.51,185.633,-0.74243,1447.87,-0.00445336,15650.9,0.0,14.7196,31.7761,76.8045,65.1379,57.0684,52.6426,50.1456,47.8662,46.1743,44.4197,42.5899,40.669,37.773,33.9952,23.6616,13.1583,7.5922,4.80908,2.19535,-1.0,-1.0,-1.0,-1.0,-1.0
30.224,0.0,0.0003174792714133594,0.2745484237938416,4,214.196,-0.193743,1.72855,154.272,153.831,185.802,185.138,-0.741642,1449.18,-0.00461569,15599.3,0.0,14.7106,31.9142,75.0935,63.4901,55.513,51.1592,48.7114,46.4835,44.8348,43.13,41.3589,39.5087,36.7427,33.2038,23.793,13.2167,7.62137,4.8261,2.20243,-1.0,-1.0,-1.0,-1.0,-1.0
30.246,0.12,0.00023810945356001956,0.17845647546599702,4,211.656,-0.184718,1.73338,170.352,169.905,184.57,183.984,-0.740826,1450.48,-0.00477257,15499.2,0.0,14.7014,32.1706,73.3943,61.8561,53.9725,49.6912,47.2928,45.1163,43.5104,41.8549,40.1412,38.3595,35.717,32.3927,23.9256,13.2761,7.65122,4.84358,2.20973,10.4532,10.4475,10.4451,10.4458,10.4497
30.268,0.1625,0.00017858209017001468,0.11599670905289808,4,209.596,-0.0410764,1.73146,184.466,183.874,183.577,182.416,-0.739738,1451.77,-0.00738624,15392.9,0.0,14.6543,32.2473,72.0051,60.5843,52.8325,48.6473,46.3127,44.2023,42.6503,41.0569,39.415,37.7179,35.2256,32.1527,24.9887,13.634,7.78136,4.90174,2.22489,-1.0,-1.0,-1.0,-1.0,-1.0
30.29,0.1625,0.000133936567627511,0.07539786088438374,4,208.315,-0.66054,1.736,189.509,187.554,183.412,180.687,-0.737606,1453.05,-0.0172868,15315.6,0.0,14.4957,31.4503,71.4965,60.3314,52.807,48.7738,46.5367,44.5241,43.0514,41.5463,40.0061,38.425,36.1335,33.3727,27.5383,15.0378,8.24394,5.09214,2.266,-1.0,-1.0,-1.0,-1.0,-1.0
30.312,0.1625,0.00010045242572063325,0.049008609574849434,4,207.39,-2.13906,1.72846,190.543,187.387,183.32,179.464,-0.733998,1454.32,-0.0327265,15261.3,0.0,14.2547,30.0562,71.6167,60.7909,53.5417,49.682,47.5523,45.6448,44.255,42.8416,41.4018,39.9339,37.8267,35.3312,30.3141,17.867,9.07884,5.42021,2.33475,-1.0,-1.0,-1.0,-1.0,-1.0
30.334,0.1625,7.533931929047494e-05,0.03185559622365213,4,206.572,-3.74261,1.74555,190.514,186.876,182.93,178.676,-0.728511,1455.58,-0.050124,15211.8,0.0,13.9838,28.5865,71.915,61.4382,54.4584,50.7621,48.7313,46.9177,45.6013,44.2658,42.9108,41.5357,39.573,37.2728,32.7598,22.3419,10.268,5.864,2.42838,-1.0,-1.0,-1.0,-1.0,-1.0
30.356,0.1625,5.6504489467856206e-05,0.020706137545373884,4,205.805,-5.11709,1.74934,190.116,186.439,182.297,178.054,-0.720936,1456.84,-0.067373,15159.0,0.0,13.7107,27.2601,72.147,61.9949,55.2592,51.7069,49.7604,48.0276,46.7718,45.5011,44.2153,42.9134,41.0634,38.9078,34.7351,25.7023,11.8257,6.41096,2.54505,-1.0,-1.0,-1.0,-1.0,-1.0
30.378,0.1625,4.237836710089216e-05,0.013458989404493025,4,205.071,-6.16019,1.73205,189.559,186.05,181.571,177.505,-0.711094,1458.09,-0.0836121,15105.5,0.0,13.4434,26.1126,72.2282,62.3662,55.8462,52.4193,50.5466,48.8813,47.6773,46.4609,45.2315,43.9898,42.23,40.1873,36.2656,28.0214,13.8127,7.06181,2.68507,-1.0,-1.0,-1.0,-1.0,-1.0
30.4,0.1625,3.178377532566912e-05,0.008748343112920467,4,204.36,-6.90037,1.69892,188.962,185.678,180.841,176.977,-0.698918,1459.34,-0.0987804,15052.7,0.0,13.1802,25.111,72.1644,62.5611,56.2342,52.9181,51.1087,49.5033,48.3435,47.173,45.9925,44.8015,43.1166,41.1673,37.4443,29.7488,16.3582,7.82933,2.8497,-1.0,-1.0,-1.0,-1.0,-1.0
30.422,0.1625,2.383783149425184e-05,0.005686423023398304,4,203.661,-7.44047,1.68575,188.347,185.206,180.169,176.396,-0.684361,1460.59,-0.113477,15000.0,0.0,12.9131,24.1887,72.0262,62.662,56.5123,53.2972,51.5464,49.9938,48.874,47.7452,46.607,45.4605,43.8417,41.9718,38.4155,31.1456,18.9851,8.75113,3.04235,-1.0,-1.0,-1.0,-1.0,-1.0
30.444,0.1625,1.7878373620688882e-05,0.0036961749652088976,4,202.968,-7.89637,1.67948,187.754,184.669,179.545,175.79,-0.667336,1461.83,-0.128066,14948.3,0.0,12.6373,23.3103,71.8562,62.7162,56.7342,53.6135,51.9159,50.4131,49.3294,48.2379,47.1392,46.033,44.4724,42.6739,39.2626,32.3422,21.0048,9.8741,3.26672,-1.0,-1.0,-1.0,-1.0,-1.0
30.466,0.1625,1.3408780215516662e-05,0.0024025137273857838,4,202.277,-8.2151,1.72463,187.139,184.11,178.943,175.259,-0.647806,1463.06,-0.142399,14900.8,0.0,12.3539,22.4794,71.6433,62.7109,56.8867,53.8537,52.2063,50.7484,49.6987,48.6419,47.5782,46.5087,45.0017,43.2663,39.9834,33.3612,22.6442,11.235,3.5243,-1.0,-1.0,-1.0,-1.0,-1.0
30.488,0.1625,1.0056585161637497e-05,0.0015616339228007596,4,201.599,-8.41427,1.76645,186.512,183.573,178.302,174.713,-0.625726,1464.29,-0.156266,14850.8,0.0,12.0642,21.7015,71.3705,62.6286,56.9514,54.0006,52.3995,50.984,49.9649,48.94,47.9095,46.8732,45.4146,43.7374,40.57,34.2078,23.9958,12.8452,3.81624,-1.0,-1.0,-1.0,-1.0,-1.0
30.51,0.1625,7.542438871228123e-06,0.0010150620498204938,4,200.927,-8.55209,1.78871,185.859,182.996,177.666,174.137,-0.601111,1465.51,-0.16981,14799.8,0.0,11.7666,20.9631,71.0541,62.4877,56.9504,54.077,52.5189,51.1429,50.1531,49.1575,48.1572,47.1525,45.7385,44.1144,41.0522,34.9233,25.1398,14.3423,4.14473,-1.0,-1.0,-1.0,-1.0,-1.0
30.532,0.1625,5.656829153421092e-06,0.000659790332383321,4,200.261,-8.6465,1.79694,185.237,182.433,177.054,173.571,-0.574003,1466.73,-0.183113,14750.3,0.0,11.4606,20.2566,70.7047,62.3004,56.8959,54.0953,52.5788,51.2394,50.2769,49.3096,48.3376,47.3615,45.9899,44.4149,41.4501,35.5317,26.1243,15.6426,4.51167,-1.0,-1.0,-1.0,-1.0,-1.0
30.554,0.1625,4.242621865065819e-06,0.0004288637160491587,4,199.598,-8.69772,1.82215,184.61,181.831,176.462,172.992,-0.5444,1467.94,-0.196368,14701.0,0.0,11.1445,19.5697,70.342,62.0886,56.8109,54.0804,52.6029,51.2993,50.3621,49.4211,48.4763,47.5279,46.1949,44.6667,41.7918,36.0676,26.9934,16.7976,4.92049,-1.0,-1.0,-1.0,-1.0,-1.0
30.576,0.1625,3.1819663987993645e-06,0.00027876141543195314,4,198.937,-8.76338,1.83966,184.028,181.247,175.892,172.413,-0.512298,1469.14,-0.209679,14652.7,0.0,10.8176,18.8965,69.9762,61.8641,56.7082,54.0451,52.6046,51.3348,50.4227,49.5064,48.5869,47.6646,46.3692,44.8839,42.0941,36.5484,27.776,17.8393,5.37473,-1.0,-1.0,-1.0,-1.0,-1.0
30.598,0.1625,2.3864747990995235e-06,0.00018119492003076953,4,198.28,-8.78302,1.87205,183.419,180.662,175.321,171.885,-0.477766,1470.34,-0.222811,14606.6,0.0,10.4821,18.2474,31.7256,61.6049,56.5645,53.9652,52.561,51.3227,50.434,49.5419,48.6467,47.7487,46.4885,45.0447,42.3342,36.9552,28.4596,18.7703,5.87466,-1.0,-1.0,-1.0,-1.0,-1.0
30.62,0.1625,1.7898560993246426e-06,0.0001177766980200002,4,197.633,-8.68623,1.91317,182.773,180.112,174.7,171.405,-0.440749,1471.53,-0.235364,14560.2,0.0,10.1452,17.6361,29.2088,61.2766,56.3437,53.8053,52.4349,51.2275,50.3607,49.4911,48.619,47.7447,46.5173,45.1126,42.4772,37.2562,29.0226,19.5789,6.40901,-1.0,-1.0,-1.0,-1.0,-1.0
30.642,0.1625,1.342392074493482e-06,7.655485371300014e-05,4,196.997,-8.5252,1.92863,182.133,179.578,174.082,170.899,-0.401318,1472.71,-0.247397,14512.9,0.0,9.81559,17.0578,27.5909,60.8885,56.056,53.576,52.2374,51.0592,50.2138,49.3655,48.5151,47.6631,46.4679,45.0997,42.5365,37.4647,29.4798,20.2811,6.92636,-1.0,-1.0,-1.0,-1.0,-1.0
30.664,0.1625,1.0067940558701114e-06,4.976065491345009e-05,4,196.368,-8.34489,1.92035,181.519,179.039,173.495,170.378,-0.359539,1473.89,-0.259134,14466.3,0.0,9.49218,16.5021,26.2798,60.4641,55.7255,53.301,51.9935,50.8427,50.0177,49.1904,48.3609,47.5299,46.3651,45.0328,42.5377,37.6088,29.8596,20.8985,7.4215,-1.0,-1.0,-1.0,-1.0,-1.0
30.686,0.1625,7.550955419025835e-07,3.234442569374256e-05,4,195.745,-8.15716,1.91529,180.922,178.485,172.938,169.847,-0.31546,1475.06,-0.270801,14420.6,0.0,9.17367,15.9596,25.1116,60.0252,55.3751,53.0034,51.7262,50.6021,49.7965,48.9891,48.1801,47.3696,46.2336,44.9355,42.5056,37.7124,30.1863,21.4532,7.89626,-1.0,-1.0,-1.0,-1.0,-1.0
30.708,0.1625,5.663216564269376e-07,2.1023876700932664e-05,4,195.121,-8.02737,1.92769,180.378,177.886,172.433,169.271,-0.269108,1476.21,-0.280876,14375.1,0.0,8.85751,15.4132,23.9626,59.6126,55.0472,52.7262,51.4782,50.3807,49.5938,48.8054,48.0159,47.2255,46.1177,44.8518,42.485,37.8198,30.5015,21.9782,8.35687,-1.0,-1.0,-1.0,-1.0,-1.0
30.73,0.1625,4.247412423202032e-07,1.3665519855606232e-05,4,194.499,-7.97897,1.93542,179.85,177.289,171.93,168.696,-0.222379,1477.35,-0.277521,14329.9,0.0,8.54457,14.8666,22.8485,59.22,54.7349,52.4628,51.2425,50.1704,49.4024,48.6326,47.8616,47.0902,46.0098,44.7752,42.4682,37.9251,30.8015,22.4734,8.80329,-1.0,-1.0,-1.0,-1.0,-1.0
30.752,0.1625,3.185559317401524e-07,8.882587906144051e-06,4,193.878,-7.87554,1.99048,179.28,176.721,171.412,168.216,-0.176404,1478.49,-0.274054,14287.9,0.0,8.23705,14.3349,21.827,58.8115,54.4009,52.1754,50.9816,49.9336,49.1834,48.4319,47.6793,46.9259,45.8714,44.6675,42.4176,37.9916,31.0544,22.9172,9.23042,-1.0,-1.0,-1.0,-1.0,-1.0
30.774,0.1625,2.389169488051143e-07,5.773682138993634e-06,4,193.265,-7.74918,2.05047,178.705,176.163,170.859,167.7,-0.131158,1479.62,-0.270489,14242.8,0.0,7.93475,13.817,20.8772,58.3893,54.0486,51.867,50.6984,49.6734,48.94,48.2059,47.4711,46.7359,45.7062,44.5312,42.3371,38.0233,31.2656,23.3142,9.63923,-1.0,-1.0,-1.0,-1.0,-1.0
30.796,0.1625,1.7918771160383572e-07,3.7528933903458622e-06,4,192.657,-7.68781,2.06338,178.154,175.613,170.31,167.154,-0.0866903,1480.76,-0.266571,14196.7,0.0,7.63753,13.3095,19.9753,57.9629,53.6885,51.5474,50.403,49.3999,48.6827,47.965,47.2472,46.5292,45.5243,44.377,42.2367,38.0311,31.4452,23.6738,10.0308,-1.0,-1.0,-1.0,-1.0,-1.0
30.818,0.1625,1.343907837028768e-07,2.4393807037248106e-06,4,192.053,-7.60328,2.08114,177.591,175.082,169.791,166.663,-0.0430997,1481.9,-0.262383,14154.3,0.0,7.347,12.8197,19.1422,57.5134,53.3019,51.1982,50.0768,49.0946,48.3928,47.6908,46.9891,46.2876,45.3063,44.1867,42.0976,37.9969,31.5775,23.9841,10.4016,-1.0,-1.0,-1.0,-1.0,-1.0
30.84,0.1625,1.0079308777715759e-07,1.585597457421127e-06,4,191.459,-7.4911,2.06493,177.01,174.569,169.211,166.162,-0.000410716,1483.04,-0.25784,14108.7,0.0,7.06388,12.3511,18.382,57.031,52.8791,50.8113,49.7108,48.7486,48.0615,47.3746,46.6882,46.0024,45.0437,43.9507,41.9118,37.9127,31.6567,24.2414,10.7499,-1.0,-1.0,-1.0,-1.0,-1.0
30.862,0.1625,7.55948158328682e-08,1.0306383473237326e-06,4,190.872,-7.44776,1.99057,176.469,174.047,168.664,165.627,0.0413081,1484.19,-0.252987,14063.3,0.0,6.78704,11.8945,17.6556,56.5437,52.4479,50.4145,49.3334,48.3898,47.7168,47.0443,46.3726,45.7019,44.7647,43.6969,41.7072,37.8062,31.7074,24.4651,11.0794,-1.0,-1.0,-1.0,-1.0,-1.0
30.884,0.1625,5.669611187465115e-08,6.699149257604262e-07,4,190.287,-7.42507,1.90137,175.935,173.524,168.161,165.116,0.0819778,1485.33,-0.247922,14020.7,0.0,6.51715,11.4516,16.9652,56.0483,52.0061,50.005,48.9425,48.0159,47.356,46.6973,46.0398,45.3834,44.4668,43.4232,41.4806,37.6749,31.7278,24.6546,11.3902,-1.0,-1.0,-1.0,-1.0,-1.0
30.906,0.1625,4.2522083905988365e-08,4.354447017442771e-07,4,189.709,-7.38216,1.79691,175.385,173.011,167.615,164.622,0.121555,1486.48,-0.242643,13976.8,0.0,6.25514,11.0268,16.3228,55.5331,51.5422,49.5716,48.5271,47.6168,46.9688,46.3229,45.6788,45.0363,44.1395,43.119,41.2216,37.5083,31.71,24.8041,11.6799,-1.0,-1.0,-1.0,-1.0,-1.0
30.928,0.1625,3.189156292949127e-08,2.8303905613378016e-07,4,189.135,-7.38027,1.66319,174.859,172.489,167.093,164.103,0.160001,1487.63,-0.237189,13933.1,0.0,6.0002,10.6139,15.7063,55.0174,51.0757,49.1336,48.1064,47.2117,46.5752,45.941,45.3092,44.6798,43.8019,42.8037,40.9493,37.3255,31.6708,24.927,11.9515,-1.0,-1.0,-1.0,-1.0,-1.0
30.95,0.1625,2.3918672197118455e-08,1.839753864869571e-07,4,188.562,-7.39977,1.52572,174.342,171.961,166.606,163.59,0.197249,1488.78,-0.231529,13891.2,0.0,5.75269,10.2129,15.1137,54.5028,50.6079,48.6935,47.6819,46.8024,46.1769,45.5539,44.9335,44.316,43.4561,42.4792,40.6659,37.1286,31.6118,25.0254,12.2063,-1.0,-1.0,-1.0,-1.0,-1.0
30.972,0.1625,1.793900414783884e-08,1.1958400121652213e-07,4,187.993,-7.39555,1.39946,173.812,171.438,166.1,163.098,0.23325,1489.94,-0.225811,13849.1,0.0,5.51353,9.8277,14.5546,53.9811,50.1304,48.2428,47.2461,46.3804,45.7657,45.1535,44.5442,43.9379,43.0942,42.1376,40.3638,36.9094,31.5271,25.0953,12.4421,-1.0,-1.0,-1.0,-1.0,-1.0
30.994,0.1625,1.3454253110879131e-08,7.772960079073939e-08,4,187.426,-7.42085,1.26482,173.3,170.905,165.603,162.584,0.268069,1491.09,-0.220093,13806.6,0.0,5.28159,9.45349,14.0134,53.4664,49.6579,47.7953,46.8131,45.9603,45.3552,44.7535,44.1548,43.5592,42.7309,41.7926,40.0566,36.6813,31.4293,25.1463,12.6623,-1.0,-1.0,-1.0,-1.0,-1.0
31.016,0.1625,1.009068983315935e-08,5.0524240513980605e-08,4,186.859,-7.4732,1.13095,172.797,170.37,165.122,162.071,0.301605,1492.25,-0.214151,13764.9,0.0,5.05729,9.0908,13.4904,52.9604,49.1918,47.3526,46.3843,45.544,44.9479,44.3555,43.7669,43.1817,42.368,41.4469,39.746,36.446,31.3191,25.1802,12.8678,-1.0,-1.0,-1.0,-1.0,-1.0
31.038,0.1625,7.568017374869513e-09,0.3500000328407563,4,186.294,-7.49899,1.02211,172.278,169.839,164.642,161.581,0.333843,1493.41,-0.208228,13723.9,0.0,4.84157,8.74269,12.9963,52.4529,48.7225,46.9054,45.9502,45.1219,44.5346,43.9511,43.3716,42.796,41.9966,41.0919,39.4233,36.1955,31.1896,25.192,13.0565,-1.0,-1.0,-1.0,-1.0,-1.0
31.06,0.1625,5.6760130311521346e-09,0.5775000213464916,4,185.25,-7.60221,0.912156,163.37,160.144,161.037,158.036,0.364794,1494.57,-0.202332,13417.7,0.0,4.63429,8.40883,12.5282,51.9474,48.2533,46.4576,45.5143,44.6976,44.1188,43.5439,42.973,42.4062,41.62,40.7312,39.093,35.9334,31.0445,25.1841,13.2292,-1.0,-1.0,-1.0,-1.0,-1.0
31.082,0.1625,4.2570097733641005e-09,0.37537501387521954,4,183.509,-7.85726,0.792948,153.49,148.692,157.052,154.226,0.394094,1495.72,-0.195498,13086.4,0.0,4.43949,8.10441,12.1261,51.4076,47.7488,45.9744,45.0429,44.2369,43.6664,43.0999,42.5376,41.9795,41.2056,40.3321,38.7238,35.6294,30.8555,25.1331,13.3769,-1.0,-1.0,-1.0,-1.0,-1.0
31.104,0.1625,3.1927573300230754e-09,0.24399375901889273,4,181.571,-7.97488,0.710996,154.264,148.126,156.67,154.03,0.42146,1496.87,-0.187717,13068.2,0.0,4.26103,7.84264,11.8279,50.797,47.1746,45.4214,44.5021,43.7069,43.1445,42.5866,42.033,41.4838,40.7225,39.8636,38.2853,35.2551,30.5966,25.0184,13.4903,-1.0,-1.0,-1.0,-1.0,-1.0
31.126,0.1625,2.3945679975173064e-09,0.15859594336228028,4,179.87,-7.92274,0.660415,157.922,152.07,156.469,153.859,0.447037,1498.01,-0.180282,13053.3,0.0,4.09392,7.59714,11.5539,50.2084,46.62,44.8866,43.9788,43.194,42.639,42.0888,41.5435,41.0027,40.2534,39.4083,37.8577,34.8871,30.3374,24.8967,13.5895,-1.0,-1.0,-1.0,-1.0,-1.0
31.148,0.1625,1.7959259981379798e-09,0.10308736318548219,4,178.526,-7.98388,0.616647,160.372,155.63,156.298,153.339,0.471139,1499.15,-0.174171,13024.8,0.0,3.93131,7.33709,11.2076,49.7452,46.1841,44.4666,43.5686,42.7924,42.2438,41.7,41.1612,40.6275,39.8884,39.0552,37.5275,34.6079,30.1515,24.828,13.6981,-1.0,-1.0,-1.0,-1.0,-1.0
31.17,0.1625,1.346944498603485e-09,0.06700678607056343,4,177.471,-8.23173,0.596774,161.44,157.376,156.15,152.751,0.493873,1500.28,-0.169805,12994.4,0.0,3.77273,7.06361,10.7911,49.4056,45.8644,44.1592,43.2682,42.4992,41.9556,41.4171,40.8835,40.3551,39.624,38.8008,37.2918,34.4141,30.0354,24.8102,13.8165,-1.0,-1.0,-1.0,-1.0,-1.0
31.192,0.1625,1.0102083739526136e-09,0.043554410945866234,4,176.596,-8.56535,0.61112,161.81,158.027,155.851,152.186,0.51547,1501.41,-0.166518,12958.2,0.0,3.61959,6.78898,10.3506,49.1376,45.6109,43.9158,43.0303,42.2665,41.7273,41.1931,40.664,40.1401,39.4153,38.5999,37.1072,34.2647,29.9524,24.8148,13.9362,-1.0,-1.0,-1.0,-1.0,-1.0
31.214,0.1625,7.576562804644603e-10,0.02831036711481305,4,175.834,-8.9418,0.612186,161.748,158.113,155.436,151.661,0.535997,1502.54,-0.163215,12918.8,0.0,3.47356,6.52555,9.92878,48.8923,45.377,43.6901,42.8096,42.0503,41.5143,40.9838,40.4588,39.939,39.22,38.4113,36.9328,34.1212,29.869,24.8139,14.0483,-1.0,-1.0,-1.0,-1.0,-1.0
31.236,0.1625,5.682422103483452e-10,0.01840173862462848,4,175.146,-9.23715,0.601038,161.481,158.029,154.954,151.234,0.555408,1503.67,-0.15923,12881.0,0.0,3.33665,6.28635,9.5669,48.614,45.11,43.4307,42.5555,41.8008,41.2682,40.7412,40.2197,39.7039,38.991,38.1891,36.7239,33.9431,29.7489,24.7776,14.1417,-1.0,-1.0,-1.0,-1.0,-1.0
31.258,0.1625,4.261816577612589e-10,0.011961130106008513,4,174.508,-9.28549,0.630029,161.072,157.896,154.393,150.913,0.573739,1504.8,-0.154179,12843.8,0.0,3.21056,6.08052,9.29119,48.2605,44.7705,43.1004,42.2304,41.4812,40.9526,40.4295,39.9121,39.4004,38.6937,37.8996,36.4491,33.7013,29.5679,24.6858,14.2085,2.60628,2.59758,2.58978,2.58283,2.57676
31.28,0.1625,3.196362433209442e-10,0.007774734568905534,4,173.909,-9.18815,0.649208,160.605,157.68,153.824,150.532,0.591073,1505.93,-0.148066,12803.8,0.0,3.09407,5.90213,9.08534,47.8495,44.3755,42.7158,41.8517,41.1079,40.5837,40.0651,39.5522,39.045,38.3448,37.5587,36.1242,33.4106,29.3405,24.5504,14.2531,-1.0,-1.0,-1.0,-1.0,-1.0
31.302,0.1625,2.3972718249070815e-10,0.005053577469788597,4,173.339,-9.02382,0.643412,160.133,157.393,153.29,150.115,0.60727,1507.06,-0.140976,12764.0,0.0,2.98683,5.74796,8.94012,47.3997,43.9429,42.2943,41.4365,40.6985,40.1785,39.6646,39.1564,38.6541,37.9607,37.1825,35.7645,33.0857,29.0797,24.3826,14.279,-1.0,-1.0,-1.0,-1.0,-1.0
31.324,0.1625,1.797953868680311e-10,0.003284825355362588,4,172.782,-8.67512,0.726794,159.645,157.067,152.807,149.8,0.622339,1508.19,-0.133352,12730.5,0.0,2.8889,5.61826,8.86053,46.9133,43.4752,41.8381,40.9872,40.2552,39.7397,39.2304,38.7272,38.23,37.5438,36.774,35.3726,32.7294,28.7883,24.1849,14.2866,-1.0,-1.0,-1.0,-1.0,-1.0
31.346,0.1625,1.3484654015102333e-10,0.0021351364809856824,4,172.241,-8.31546,0.830136,159.209,156.668,152.362,149.351,0.636397,1509.31,-0.125773,12692.8,0.0,2.79846,5.50334,8.81897,46.4349,43.0145,41.3881,40.5438,39.8178,39.3067,38.8017,38.303,37.8106,37.1315,36.3699,34.984,32.3755,28.4959,23.9812,14.2855,-1.0,-1.0,-1.0,-1.0,-1.0
31.368,0.1625,1.011349051132675e-10,0.0013878387126406936,4,171.71,-8.05952,0.896101,158.79,156.223,151.931,148.857,0.649321,1510.44,-0.11785,12653.9,0.0,2.71563,5.40238,8.81409,45.9759,42.5714,40.9549,40.1165,39.3961,38.889,38.3882,37.8937,37.4056,36.7329,35.9791,34.608,32.0315,28.2097,23.7772,14.2777,-1.0,-1.0,-1.0,-1.0,-1.0
31.39,0.1625,7.585117883495063e-11,0.0009020951632164509,4,171.182,-7.75863,1.03384,158.344,155.773,151.53,148.482,0.661053,1511.57,-0.109983,12621.4,0.0,2.64129,5.32019,8.87045,45.5202,42.1307,40.5238,39.6908,38.9757,38.4726,37.9759,37.4855,37.0016,36.3348,35.5883,34.2317,31.686,27.9197,23.5661,14.2596,-1.0,-1.0,-1.0,-1.0,-1.0
31.412,0.1625,5.688838412621297e-11,0.0005863618560906931,4,170.659,-7.42192,1.2396,157.901,155.269,151.12,148.016,0.671741,1512.69,-0.102431,12584.4,0.0,2.57459,5.25316,8.98558,45.0856,41.7092,40.1112,39.2831,38.5726,38.0731,37.5802,37.0937,36.6136,35.9524,35.2124,33.8693,31.3518,27.6372,23.3575,14.2355,-1.0,-1.0,-1.0,-1.0,-1.0
31.434,0.1625,4.266628809465973e-11,0.0003811352064589505,4,170.142,-7.22554,1.3933,157.481,154.775,150.704,147.504,0.681309,1513.82,-0.0946649,12545.3,0.0,2.51587,5.20201,9.17284,44.6784,41.3125,39.722,38.8984,38.1919,37.6954,37.2057,36.7227,36.2462,35.59,34.8559,33.5246,31.0329,27.3653,23.1536,14.2061,-1.0,-1.0,-1.0,-1.0,-1.0
31.456,0.1625,3.1999716070994796e-11,0.00024773788419831785,4,169.626,-7.07762,1.55229,157.067,154.318,150.314,147.088,0.689653,1514.94,-0.0869585,12511.8,0.0,2.46596,5.17188,9.4928,44.2833,40.9265,39.3424,38.523,37.8203,37.3266,36.8397,36.3597,35.8865,35.2352,34.5066,33.186,30.7189,27.0955,22.9472,14.1685,-1.0,-1.0,-1.0,-1.0,-1.0
31.478,0.1625,2.3999787053246095e-11,0.0001610296247289066,4,169.113,-6.77853,1.8434,156.594,153.826,149.886,146.676,0.696894,1516.06,-0.0792987,12476.1,0.0,2.42505,5.16589,10.0696,43.8914,40.5429,38.9647,38.1492,37.4502,36.9592,36.4751,35.9979,35.5277,34.8809,34.1579,32.8478,30.4041,26.8233,22.736,14.1213,-1.0,-1.0,-1.0,-1.0,-1.0
31.5,0.1625,1.7999840289934573e-11,0.0001046692560737893,4,168.605,-6.62467,2.06988,156.176,153.341,149.471,146.166,0.702969,1517.19,-0.071606,12437.1,0.0,2.39331,5.18245,11.3636,43.5262,40.1834,38.6101,37.7975,37.1016,36.6131,36.1314,35.6567,35.189,34.5458,33.8276,32.5271,30.104,26.5616,22.5303,14.0686,-1.0,-1.0,-1.0,-1.0,-1.0
31.522,0.1625,1.349988021745093e-11,6.803501644796305e-05,4,168.1,-6.58854,2.24821,155.76,152.862,149.069,145.668,0.707752,1518.31,-0.0638804,12400.0,0.0,2.37125,5.22529,49.3513,43.1821,39.8427,38.2733,37.4631,36.7695,36.2829,35.8034,35.3309,34.8655,34.2256,33.5111,32.2192,29.8143,26.3069,22.3272,14.0091,-1.0,-1.0,-1.0,-1.0,-1.0
31.544,0.1625,1.0124910163088197e-11,4.422276069117598e-05,4,167.59,-6.33906,2.59407,155.265,152.385,148.638,145.345,0.711295,1519.42,-0.0559882,12367.6,0.0,2.36013,5.30658,49.0029,42.8261,39.4904,37.9251,37.1175,36.4263,35.9415,35.464,34.9939,34.5308,33.8944,33.1839,31.9001,29.514,26.0415,22.1127,13.938,-1.0,-1.0,-1.0,-1.0,-1.0
31.566,0.1625,7.593682622316147e-12,2.8744794449264388e-05,4,167.086,-6.19477,2.89521,154.843,151.902,148.224,144.834,0.713772,1520.54,-0.048282,12328.6,0.0,2.35819,5.41823,48.6868,42.4981,39.1634,37.6004,36.7949,36.1057,35.6223,35.1464,34.6779,34.2167,33.5833,32.8763,31.5993,29.2297,25.7883,21.9056,13.8629,-1.0,-1.0,-1.0,-1.0,-1.0
31.588,0.1625,5.69526196673711e-12,1.8684116392021854e-05,4,166.586,-6.21021,3.10395,154.433,151.425,147.801,144.309,0.714874,1521.66,-0.0403178,12288.7,0.0,2.36744,5.56939,48.3999,42.1944,38.858,37.2961,36.4918,35.804,35.3218,34.8471,34.3798,33.92,33.2887,32.5848,31.3137,28.958,25.5441,21.7031,13.782,-1.0,-1.0,-1.0,-1.0,-1.0
31.61,0.1625,4.271446475052832e-12,1.2144675654814206e-05,4,166.079,-6.06275,3.4614,153.947,150.958,147.387,144.008,0.714652,1522.77,-0.0322512,12258.9,0.0,2.3888,5.77483,48.1051,41.8826,38.5445,36.9839,36.1806,35.4943,35.0132,34.5398,34.0739,33.6155,32.9863,32.2851,31.0201,28.6782,25.2917,21.4923,13.691,-1.0,-1.0,-1.0,-1.0,-1.0
31.632,0.1625,3.203584856289624e-12,7.894039175629235e-06,4,165.576,-5.89086,3.84389,153.504,150.481,146.969,143.522,0.713265,1523.88,-0.024385,12220.6,0.0,2.42156,6.03248,47.8261,41.5838,38.2425,36.6827,35.8801,35.1945,34.7143,34.242,33.7773,33.3202,32.6928,31.9939,30.7342,28.4045,25.0432,21.2826,13.5953,-1.0,-1.0,-1.0,-1.0,-1.0
31.654,0.1625,2.402688642217218e-12,5.131125464159002e-06,4,165.08,-5.89771,4.11043,153.091,150.012,146.542,142.991,0.710544,1524.99,-0.016001,12180.3,0.0,2.46656,6.34958,47.5754,41.3088,37.9615,36.401,35.5986,34.9134,34.4336,33.9617,33.4978,33.0416,32.4157,31.7184,30.4625,28.1435,24.8041,21.078,13.4958,-1.0,-1.0,-1.0,-1.0,-1.0
31.676,0.1637468181818182,1.8020164816629136e-12,3.3352315517033517e-06,4,164.578,-5.89267,4.41462,152.648,149.554,146.139,142.648,0.706402,1526.09,-0.00765312,12149.4,0.0,2.52488,6.73898,47.3305,41.0376,37.6835,36.1214,35.3192,34.6343,34.1547,33.6831,33.2196,32.7641,32.1395,31.444,30.1916,27.8823,24.5637,20.8708,13.3898,-1.0,-1.0,-1.0,-1.0,-1.0
31.698,0.16522113636363633,1.3515123612471852e-12,2.1679005086071784e-06,4,164.079,-5.6652,4.84461,152.135,149.109,145.674,142.256,0.700986,1527.19,0.000994921,12112.9,0.0,2.5967,7.22761,47.0624,40.7455,37.3858,35.823,35.021,34.3367,33.8577,33.3869,32.9241,32.4693,31.8461,31.1527,29.9047,27.6061,24.3099,20.6521,13.2749,-1.0,-1.0,-1.0,-1.0,-1.0
31.72,0.16666886363636363,1.0136342709353888e-12,1.409135330594666e-06,4,163.589,-5.60547,5.14502,151.7,148.661,145.232,141.745,0.69427,1528.29,0.00941682,12072.7,0.0,2.68126,7.8174,46.811,40.4668,37.1,35.5359,34.7335,34.0494,33.5708,33.1005,32.6382,32.1841,31.5618,30.8698,29.6257,27.3363,24.0604,20.4354,13.1567,-1.0,-1.0,-1.0,-1.0,-1.0
31.742,0.16812249999999995,7.602257032015416e-13,9.15937964886533e-07,4,163.097,-5.67602,5.37399,151.29,148.195,144.835,141.275,0.686167,1529.38,0.0174731,12037.4,0.0,2.77917,8.53153,46.5863,40.2101,36.8333,35.2669,34.4637,33.7789,33.3002,32.8299,32.368,31.9142,31.2925,30.6013,29.3596,27.0777,23.8193,20.2232,13.0358,-1.0,-1.0,-1.0,-1.0,-1.0
31.764,0.16957022727272725,5.701692774011562e-13,5.953596771762465e-07,4,162.607,-5.50511,5.70917,150.755,147.812,144.329,141.039,0.676717,1530.47,0.0263356,12005.2,0.0,2.89259,9.51332,46.2962,39.8961,36.5143,34.9476,34.1448,33.4608,32.9826,32.5129,32.0519,31.5992,30.9793,30.2902,29.0528,26.7825,23.5473,19.9866,12.902,-1.0,-1.0,-1.0,-1.0,-1.0
31.786,0.17097363636363636,4.276269580508672e-13,3.869837901645602e-07,4,162.132,-5.34728,5.93339,150.243,147.44,143.824,140.626,0.665979,1531.55,0.0354367,11966.5,0.0,3.02038,10.9809,45.9616,39.5433,36.1597,34.5942,33.7929,33.1103,32.6332,32.1649,31.7051,31.2539,30.6364,29.9502,28.7189,26.4626,23.2544,19.7333,12.7585,-1.0,-1.0,-1.0,-1.0,-1.0
31.808,0.1723622727272727,3.207202185381504e-13,2.5153946360696417e-07,4,161.662,-5.31045,6.05176,149.808,147.025,143.389,140.156,0.653979,1532.62,0.0433637,11928.4,0.0,3.16197,56.375,45.6342,39.1958,35.8096,34.2449,33.4446,32.7633,32.2874,31.8201,31.3616,30.9117,30.2962,29.6129,28.3873,26.1444,22.9621,19.4793,12.6113,-1.0,-1.0,-1.0,-1.0,-1.0
31.83,0.17375681818181818,2.405401639036128e-13,1.6350065134452671e-07,4,161.19,-5.27658,6.18152,149.377,146.596,142.983,139.775,0.64072,1533.69,0.0511807,11895.4,0.0,3.31695,56.1203,45.3108,38.8507,35.4611,33.897,33.0975,32.4173,31.9424,31.4763,31.0189,30.5703,29.9567,29.2758,28.0559,25.8256,22.6685,19.2231,12.4596,-1.0,-1.0,-1.0,-1.0,-1.0
31.852,0.17514249999999998,1.804051229277096e-13,1.0627542337394238e-07,4,160.721,-5.26406,6.289,148.948,146.152,142.571,139.317,0.626256,1534.75,0.0587947,11858.8,0.0,3.48416,55.8816,44.999,38.5145,35.1201,33.5562,32.7572,32.0776,31.6034,31.1383,30.6821,30.2346,29.6227,28.944,27.729,25.5106,22.3774,18.9676,12.3046,-1.0,-1.0,-1.0,-1.0,-1.0
31.874,0.1765281818181818,1.353038421957822e-13,6.907902519306254e-08,4,160.252,-5.3473,6.35751,148.556,145.687,142.187,138.835,0.610641,1535.8,0.065027,11822.3,0.0,3.66238,55.6908,44.7246,38.209,34.8061,33.2407,32.4413,31.7618,31.2877,30.8228,30.3672,29.9204,29.3097,28.6324,27.4207,25.2119,22.0987,18.7204,12.1488,-1.0,-1.0,-1.0,-1.0,-1.0
31.896,0.1779286363636364,1.0147788164683664e-13,4.4901366375490656e-08,4,159.778,-5.47463,6.42652,148.159,145.217,141.813,138.4,0.593981,1536.84,0.0705338,11788.6,0.0,3.85087,55.5406,44.4812,37.9287,34.5141,32.9452,32.1449,31.4648,30.9904,30.5253,30.0696,29.623,29.0129,28.3365,27.127,24.9254,21.8291,18.4787,11.9919,-1.0,-1.0,-1.0,-1.0,-1.0
31.918,0.1793290909090909,7.610841123512748e-14,2.9185888144068927e-08,4,159.304,-5.52617,6.54502,147.714,144.766,141.398,137.995,0.576399,1537.88,0.0759848,11753.8,0.0,4.04968,55.3947,44.2395,37.6484,34.2215,32.6489,31.8474,31.1667,30.692,30.2268,29.7709,29.3243,28.7145,28.0391,26.8319,24.6371,21.5573,18.2345,11.8315,-1.0,-1.0,-1.0,-1.0,-1.0
31.94,0.18072659090909096,5.70813084263456e-14,1.8970827293644802e-08,4,158.831,-5.63073,6.63009,147.295,144.309,140.993,137.528,0.557909,1538.91,0.0808982,11717.1,0.0,4.2574,55.2822,44.0228,37.388,33.946,32.3687,31.5651,30.8832,30.4079,29.9422,29.4859,29.0391,28.4291,27.7537,26.5479,24.3581,21.2924,17.9945,11.6699,-1.0,-1.0,-1.0,-1.0,-1.0
31.962,0.18213000000000001,4.2810981319759204e-14,1.2331037740869121e-08,4,158.356,-5.79202,6.6839,146.882,143.845,140.591,137.059,0.53865,1539.93,0.0846338,11680.5,0.0,4.47226,55.2073,43.8345,37.1501,33.6899,32.1065,31.3004,30.6164,30.14,29.6734,29.2164,28.769,28.1583,27.4824,26.2767,24.09,21.0358,17.76,11.5076,-1.0,-1.0,-1.0,-1.0,-1.0
31.984,0.18354522727272723,3.2108235989819406e-14,8.01517453156493e-09,4,157.877,-5.92334,6.76323,146.448,143.393,140.185,136.67,0.518683,1540.95,0.088258,11647.1,0.0,4.69483,55.1453,43.654,36.9173,33.4377,31.8477,31.0387,30.3526,29.8747,29.407,28.9492,28.501,27.8895,27.213,26.0069,23.823,20.7794,17.5248,11.3432,-1.0,-1.0,-1.0,-1.0,-1.0
32.006,0.18495454545454545,2.4081176992364555e-14,5.209863445517204e-09,4,157.4,-6.00689,6.84757,145.987,142.949,139.75,136.241,0.498087,1541.96,0.0918866,11610.6,0.0,4.92526,55.0846,43.4725,36.6824,33.1829,31.5859,30.7741,30.0859,29.6067,29.1377,28.6788,28.2299,27.6177,26.9406,25.7341,23.5531,20.5201,17.2869,11.1762,-1.0,-1.0,-1.0,-1.0,-1.0
32.026,0.18623386363636363,1.8060882744273417e-14,3.386411239586183e-09,4,156.967,-6.12583,6.88896,145.593,142.54,139.367,135.824,0.478832,1542.87,0.0945722,11577.0,0.0,5.13933,55.0525,43.3242,36.4816,32.9621,31.3577,30.5429,29.8525,29.3718,28.9016,28.4415,27.9915,27.3781,26.7003,25.4931,23.3132,20.2884,17.0731,11.0238,-1.0,-1.0,-1.0,-1.0,-1.0
32.046,0.18751613636363643,1.3545662058205062e-14,2.201167305731019e-09,4,156.533,-6.27611,6.90565,145.204,142.129,138.987,135.411,0.45915,1543.78,0.096686,11543.7,0.0,5.35717,55.042,43.1914,36.2925,32.7509,31.1385,30.32,29.627,29.1447,28.673,28.2115,27.7603,27.1454,26.4662,25.2578,23.0779,20.0601,16.8612,10.8706,-1.0,-1.0,-1.0,-1.0,-1.0
32.066,0.18880431818181817,1.0159246543653796e-14,1.4307587487251622e-09,4,156.097,-6.37308,6.95113,144.791,141.728,138.604,135.074,0.439093,1544.68,0.0988522,11513.4,0.0,5.58014,55.0292,43.0543,36.0986,32.535,30.9148,30.0927,29.3968,28.913,28.4398,27.9771,27.5247,26.9084,26.2279,25.0183,22.8388,19.8285,16.6467,10.7155,-1.0,-1.0,-1.0,-1.0,-1.0
32.086,0.19008363636363643,7.619434907740348e-15,9.299931866713555e-10,4,155.664,-6.43314,6.99145,144.363,141.333,138.2,134.694,0.418701,1545.58,0.101092,11480.3,0.0,5.80783,55.0116,42.9115,35.8989,32.3134,30.6855,29.86,29.1615,28.6759,28.2013,27.7374,27.284,26.6665,25.9849,24.774,22.5957,19.5934,16.4295,10.5589,-1.0,-1.0,-1.0,-1.0,-1.0
32.106,0.1913629545454546,5.714576180805261e-15,6.04495571336381e-10,4,155.231,-6.52194,7.00413,143.961,140.931,137.813,134.289,0.397975,1546.47,0.102918,11447.0,0.0,6.03771,55.0112,42.7808,35.708,32.0991,30.4626,29.6335,28.932,28.4446,27.9682,27.5029,27.0483,26.4294,25.7465,24.5339,22.356,19.3609,16.2138,10.4019,-1.0,-1.0,-1.0,-1.0,-1.0
32.126,0.19264227272727272,4.285932135603946e-15,3.929221213686477e-10,4,154.798,-6.63395,6.99791,143.566,140.526,137.431,133.886,0.376984,1547.35,0.104184,11414.0,0.0,6.2695,55.031,42.6642,35.5276,31.8934,30.2473,29.4142,28.7096,28.2201,27.7419,27.2748,26.8186,26.198,25.5136,24.299,22.1204,19.1312,15.9999,10.2448,-1.0,-1.0,-1.0,-1.0,-1.0
32.146,0.1939245454545455,3.214449101702959e-15,2.55399378889621e-10,4,154.364,-6.70951,7.01145,143.158,140.125,137.053,133.543,0.355766,1548.24,0.105471,11383.8,0.0,6.50439,55.0533,42.5477,35.3459,31.686,30.0303,29.1929,28.4853,27.9938,27.5137,27.0449,26.5872,25.9646,25.2787,24.0622,21.8829,18.8998,15.7846,10.0866,-1.0,-1.0,-1.0,-1.0,-1.0
32.166,0.19520090909090915,2.4108368262772196e-15,1.6600959627825366e-10,4,153.932,-6.73567,7.03148,142.731,139.733,136.651,133.175,0.334361,1549.11,0.106868,11351.3,0.0,6.74204,55.068,42.4229,35.1565,31.4712,29.8064,28.9648,28.254,27.7607,27.2789,26.8086,26.3494,25.7252,25.0377,23.8197,21.6403,18.6646,15.5666,9.92732,-1.0,-1.0,-1.0,-1.0,-1.0
32.186,0.19647136363636358,1.808127619707915e-15,1.0790623758086487e-10,4,153.502,-6.78671,7.02853,142.328,139.334,136.267,132.778,0.312788,1549.98,0.108016,11318.4,0.0,6.97969,55.1018,42.3114,34.9767,31.2645,29.5899,28.7438,28.0295,27.534,27.0504,26.5783,26.1177,25.4916,24.8022,23.5821,21.4021,18.4327,15.351,9.76862,-1.0,-1.0,-1.0,-1.0,-1.0
32.206,0.19774477272727273,1.3560957147809362e-15,7.013905442756217e-11,4,153.071,-6.86206,7.00919,141.936,138.93,135.89,132.378,0.291078,1550.85,0.108527,11285.8,0.0,7.2172,55.1586,42.2163,34.8091,31.0677,29.3824,28.5314,27.8133,27.3153,26.8294,26.3554,25.8931,25.2649,24.5734,23.3503,21.1689,18.2046,15.138,9.61049,-1.0,-1.0,-1.0,-1.0,-1.0
32.226,0.19901818181818184,1.017071786085702e-15,4.559038537791542e-11,4,152.64,-6.92716,6.99754,141.54,138.527,135.52,132.019,0.269283,1551.71,0.108976,11255.2,0.0,7.45466,55.2297,42.1305,34.6479,30.876,29.1791,28.3232,27.6011,27.1004,26.6121,26.1359,25.6717,25.0412,24.3476,23.1214,20.938,17.9781,14.9261,9.45251,-1.0,-1.0,-1.0,-1.0,-1.0
32.246,0.2002856818181818,7.628038395642765e-16,2.963375049564502e-11,4,152.211,-6.93735,7.00167,141.119,138.136,135.126,131.665,0.247423,1552.57,0.109554,11223.6,0.0,7.69331,55.2925,42.0362,34.4786,30.6767,28.9684,28.1076,27.3818,26.8787,26.3881,25.9099,25.4437,24.8111,24.1156,22.8868,20.7019,17.7476,14.7115,9.29379,-1.0,-1.0,-1.0,-1.0,-1.0
32.266,0.20155022727272734,5.721028796732074e-16,1.9261937822169262e-11,4,151.783,-6.96217,6.98912,140.716,137.741,134.743,131.276,0.225515,1553.42,0.110039,11191.1,0.0,7.93044,55.3741,41.9547,34.3186,30.4849,28.7648,27.8984,27.1686,26.663,26.17,25.6895,25.2214,24.5862,23.8884,22.6567,20.4696,17.5202,14.4992,9.13608,4.66108,4.66845,4.67738,4.68789,4.69999
32.286,0.2028118181818182,4.2907715975490553e-16,1.252025958441002e-11,4,151.356,-7.01228,6.96049,140.325,137.338,134.371,130.88,0.203589,1554.27,0.109873,11158.8,0.0,8.16514,55.4822,41.8921,34.1725,30.3047,28.5718,27.6995,26.965,26.4565,25.9609,25.478,25.0076,24.3696,23.669,22.4338,20.2434,17.2976,14.2905,8.97969,-1.0,-1.0,-1.0,-1.0,-1.0
32.306,0.2040763636363636,3.2180786981617912e-16,8.138168729866513e-12,4,150.928,-7.07423,6.92811,139.938,136.936,134.003,130.504,0.181689,1555.12,0.109537,11127.7,0.0,8.39683,55.6146,41.8469,34.0392,30.1349,28.3882,27.5095,26.77,26.2581,25.7596,25.2741,24.8013,24.1602,23.4565,22.2168,20.0225,17.079,14.0848,8.82444,-1.0,-1.0,-1.0,-1.0,-1.0
32.326,0.205335,2.413559023621343e-16,5.2898096744132336e-12,4,150.502,-7.08561,6.91625,139.53,136.547,133.622,130.161,0.159841,1555.96,0.109309,11097.1,0.0,8.62789,55.7434,41.7969,33.9008,29.9601,28.1996,27.3148,26.5703,26.0552,25.5537,25.0656,24.5904,23.9465,23.2399,21.9961,19.7983,16.858,13.8776,8.66909,-1.0,-1.0,-1.0,-1.0,-1.0
32.346,0.20658772727272728,1.8101692677160074e-16,3.438376288368602e-12,4,150.078,-7.09341,6.89537,139.125,136.157,133.239,129.784,0.138072,1556.8,0.109051,11065.1,0.0,8.85634,55.8864,41.7561,33.7688,29.7904,28.0153,27.1241,26.3745,25.8561,25.3515,24.8605,24.3828,23.7358,23.0263,21.7781,19.5765,16.639,13.672,8.5149,-1.0,-1.0,-1.0,-1.0,-1.0
32.366,0.20784045454545458,1.3576269507870055e-16,2.2349445874395916e-12,4,149.654,-7.12459,6.86003,138.735,135.758,132.87,129.395,0.116375,1557.63,0.108401,11033.2,0.0,9.08046,56.058,41.736,33.6521,29.6332,27.8425,26.9441,26.1891,25.6671,25.1592,24.6651,24.1845,23.5339,22.821,21.5679,19.361,16.4248,13.4702,8.36252,-1.0,-1.0,-1.0,-1.0,-1.0
32.386,0.2090902272727273,1.0182202130902541e-16,1.4527139818357346e-12,4,149.231,-7.17651,6.81392,138.352,135.359,132.504,129.007,0.0948054,1558.46,0.107372,11001.5,0.0,9.29932,56.2743,41.7381,33.5517,29.4896,27.6821,26.7758,26.0148,25.4889,24.9773,24.4798,23.996,23.3413,22.6245,21.3658,19.1523,16.2161,13.2724,8.21199,-1.0,-1.0,-1.0,-1.0,-1.0
32.406,0.21034,7.636651598176906e-17,9.442640881932276e-13,4,148.808,-7.20587,6.78335,137.962,134.967,132.14,128.661,0.0733744,1559.28,0.106335,10971.7,0.0,9.5147,56.5321,41.7494,33.4573,29.3503,27.5255,26.6112,25.8437,25.3137,24.7984,24.2974,23.8104,23.1515,22.4305,21.1658,18.9456,16.0091,13.0762,8.06256,-1.0,-1.0,-1.0,-1.0,-1.0
32.426,0.21158386363636367,5.727488698632679e-17,6.13771657325598e-13,4,148.387,-7.20347,6.75791,137.555,134.581,131.757,128.303,0.0521202,1560.1,0.105367,10940.4,0.0,9.72736,56.8242,41.7624,33.3632,29.2107,27.3685,26.4461,25.6721,25.1378,24.6186,24.1141,23.6239,22.961,22.2358,20.965,18.7383,15.8019,12.8803,7.91406,-1.0,-1.0,-1.0,-1.0,-1.0
32.446,0.2128247727272727,4.295616523974509e-17,3.9895157726163875e-13,4,147.967,-7.21978,6.71887,137.164,134.187,131.388,127.921,0.0310516,1560.92,0.104267,10908.8,0.0,9.93389,57.1829,41.7977,33.2858,29.0848,27.2236,26.2926,25.5117,24.9728,24.4493,23.9409,23.4472,22.7799,22.0502,20.7726,18.5381,15.6002,12.6885,7.76783,-1.0,-1.0,-1.0,-1.0,-1.0
32.466,0.21406272727272727,3.2217123929808816e-17,2.593185252200652e-13,4,147.548,-7.258,6.66917,136.784,133.792,131.027,127.536,0.0101751,1561.73,0.102594,10877.4,0.0,10.1337,57.6197,41.8588,33.2277,28.9749,27.093,26.1526,25.3643,24.8204,24.2923,23.7795,23.2818,22.6094,21.8749,20.5894,18.3457,15.4045,12.5012,7.62394,-1.0,-1.0,-1.0,-1.0,-1.0
32.486,0.21530068181818185,2.416284294735661e-17,1.6855704139304237e-13,4,147.129,-7.30365,6.61989,136.405,133.397,130.668,127.169,-0.0104688,1562.54,0.100814,10847.0,0.0,10.3272,58.1384,41.9431,33.1865,28.8789,26.975,26.0243,25.2281,24.679,24.1458,23.6284,23.1262,22.4483,21.7083,20.4145,18.16,15.2139,12.318,7.48224,-1.0,-1.0,-1.0,-1.0,-1.0
32.506,0.2165356818181818,1.8122132210517458e-17,1.0956207690547755e-13,4,146.711,-7.31106,6.58535,136.009,133.013,130.297,126.825,-0.0308609,1563.35,0.0991142,10816.8,0.0,10.517,58.7151,42.0309,33.1467,28.783,26.8574,25.8962,25.0917,24.5373,23.9992,23.477,22.9706,22.2871,21.5414,20.2393,17.974,15.0237,12.1356,7.34187,-1.0,-1.0,-1.0,-1.0,-1.0
32.526,0.21776477272727277,1.3591599157888094e-17,7.121534998856041e-14,4,146.295,-7.31439,6.54673,135.613,132.624,129.926,126.456,-0.0509911,1564.15,0.0973697,10785.7,0.0,10.7007,59.3804,42.1362,33.12,28.6978,26.7489,25.777,24.9637,24.4035,23.8602,23.3332,22.8222,22.1328,21.381,20.0699,17.7931,14.8375,11.9564,7.20357,-1.0,-1.0,-1.0,-1.0,-1.0
32.546,0.21899386363636364,0.25,4.6289977492564265e-14,4,145.879,-7.33895,6.49701,135.232,132.233,129.566,126.077,-0.0708262,1564.95,0.0953132,10754.6,0.0,10.8762,60.1641,42.2709,33.1156,28.631,26.6571,25.6735,24.8508,24.2844,23.7351,23.2028,22.6868,21.9911,21.2327,19.9112,17.6215,14.6586,11.7826,7.06823,-1.0,-1.0,-1.0,-1.0,-1.0
32.566,0.2196409090909091,0.4375,3.008848537016677e-14,4,145.66,-7.36036,6.44229,134.883,131.9,130.046,130.046,-0.0903803,1565.75,0.0931902,10942.5,0.0,11.049,61.0214,42.4018,33.1068,28.5599,26.5607,25.5657,24.7337,24.1611,23.6062,23.0684,22.5474,21.8455,21.0807,19.7493,17.4471,14.4778,11.6082,6.93405,-1.0,-1.0,-1.0,-1.0,-1.0
32.586,0.21989795454545455,0.578125,1.9557515490608403e-14,4,145.573,-7.28643,6.4009,134.61,131.736,131.379,131.379,-0.10966,1566.54,0.0917698,11057.3,0.0,11.2288,61.835,42.4623,33.0408,28.4396,26.4195,25.4147,24.5754,23.9978,23.4383,22.8963,22.3714,21.6647,20.8954,19.5573,17.2479,14.2794,11.423,6.7982,-1.0,-1.0,-1.0,-1.0,-1.0
32.606,0.21972363636363634,0.68359375,1.2712385068895462e-14,4,145.632,-7.13189,6.37286,134.447,131.716,132.716,132.716,-0.128679,1567.34,0.0910382,11170.2,0.0,11.4157,62.5947,42.4508,32.9171,28.2699,26.2328,25.2203,24.3753,23.7942,23.2314,22.6864,22.1589,21.4489,20.6768,19.3352,17.0243,14.0639,11.2273,6.66079,-1.0,-1.0,-1.0,-1.0,-1.0
32.626,0.21919181818181815,0.7626953125,8.26305029478205e-15,4,145.812,-6.95208,6.34988,134.425,131.812,133.886,133.886,-0.14748,1568.13,0.0907463,11268.6,0.0,11.6061,63.3493,42.395,32.7575,28.0692,26.0178,24.999,24.1492,23.5653,23.0001,22.453,21.9236,21.2115,20.4375,19.0946,16.7857,13.8384,11.0259,6.52288,-1.0,-1.0,-1.0,-1.0,-1.0
32.646,0.21837931818181824,0.822021484375,5.370982691608333e-15,4,146.087,-6.77037,6.32782,134.528,132.008,134.882,134.882,-0.166106,1568.93,0.0905043,11352.4,0.0,11.7991,64.1197,42.3049,32.5696,27.8442,25.7803,24.7564,23.9027,23.3165,22.7495,22.2009,21.6703,20.9569,20.1821,18.8393,16.5357,13.6051,10.8202,6.38478,-1.0,-1.0,-1.0,-1.0,-1.0
32.666,0.2173540909090909,0.86651611328125,3.4911387495454165e-15,4,146.434,-6.58861,6.30753,134.727,132.284,135.728,135.728,-0.18457,1569.72,0.0904973,11423.2,0.0,11.9951,64.9138,42.183,32.3554,27.5966,25.5218,24.4939,23.6373,23.0495,22.481,21.9315,21.4003,20.6865,19.9118,18.5705,16.275,13.3647,10.6104,6.24656,-1.0,-1.0,-1.0,-1.0,-1.0
32.686,0.21614272727272732,0.8998870849609375,2.269240187204521e-15,4,146.844,-6.38285,6.30296,134.997,132.631,136.369,136.369,-0.202896,1570.52,0.0908427,11477.1,0.0,12.1948,65.7175,42.0227,32.1094,27.3219,25.2386,24.2077,23.3494,22.7605,22.1915,21.6416,21.1106,20.3974,19.6238,18.286,16.0019,13.116,10.3958,6.10791,-1.0,-1.0,-1.0,-1.0,-1.0
32.706,0.21483090909090907,0.9249153137207031,1.4750061216829387e-15,4,147.288,-6.15892,6.30685,135.334,133.038,137.001,137.001,-0.22113,1571.32,0.0914609,11530.5,0.0,12.3976,66.5532,41.8323,31.8385,27.0257,24.9357,23.9028,23.0435,22.4544,21.8853,21.3358,20.8051,20.0933,19.3218,17.9891,15.7189,12.8607,10.1775,5.96895,-1.0,-1.0,-1.0,-1.0,-1.0
32.726,0.21344227272727273,0.9436864852905273,9.587539790939101e-16,4,147.758,-5.95612,6.30878,135.732,133.472,137.639,137.639,-0.239285,1572.12,0.0920887,11584.5,0.0,12.5996,67.4953,41.6381,31.5631,26.7252,24.6289,23.594,22.734,22.1448,21.5758,21.0266,20.4967,19.7862,19.0171,17.69,15.4344,12.6047,9.95958,5.83058,-1.0,-1.0,-1.0,-1.0,-1.0
32.746,0.21199749999999998,0.9577648639678955,6.231900864110416e-16,4,148.247,-5.79705,6.30636,136.181,133.921,138.283,138.283,-0.257383,1572.92,0.0923364,11638.8,0.0,12.7984,68.6171,41.4605,31.2984,26.4326,24.3291,23.2918,22.4306,21.8409,21.2719,20.723,20.1936,19.4842,18.7171,17.3951,15.1535,12.3519,9.74398,5.69322,-1.0,-1.0,-1.0,-1.0,-1.0
32.766,0.21050250000000006,0.9683236479759216,4.0507355616717704e-16,4,148.753,-5.68889,6.30593,136.665,134.373,138.864,138.864,-0.275438,1573.72,0.0923768,11687.2,0.0,12.9913,69.9964,41.3251,31.0556,26.1573,24.0446,23.0039,22.1406,21.5501,20.9806,20.4314,19.9021,19.1932,18.4273,17.1096,14.8801,12.1046,9.53224,5.55726,-1.0,-1.0,-1.0,-1.0,-1.0
32.786,0.20897204545454548,0.9762427359819412,2.632978115086651e-16,4,149.271,-5.61446,6.31617,137.174,134.838,139.401,139.401,-0.29342,1574.52,0.092211,11732.7,0.0,13.1777,71.6879,41.2392,30.8358,25.9003,23.7762,22.7313,21.865,21.2728,20.7022,20.1524,19.6227,18.9138,18.1484,16.8336,14.6147,11.8633,9.32455,5.42288,-1.0,-1.0,-1.0,-1.0,-1.0
32.806,0.20744159090909098,0.9821820519864559,1.711435774806323e-16,4,149.789,-5.59345,6.32877,137.707,135.303,139.996,139.996,-0.31138,1575.33,0.0917134,11783.1,0.0,13.3553,73.8204,41.2259,30.6519,25.6717,23.5328,22.482,21.6115,21.0168,20.4442,19.8928,19.362,18.6521,17.8862,16.5722,14.3611,11.6301,9.1221,5.29015,-1.0,-1.0,-1.0,-1.0,-1.0
32.826,0.20590522727272728,0.9866365389898419,1.11243325362411e-16,4,150.309,-5.63783,6.33356,138.241,135.76,140.62,140.62,-0.329304,1576.14,0.0907129,11835.6,0.0,13.5238,76.5072,41.2936,30.5045,25.4718,23.3144,22.2562,21.3802,20.7821,20.2065,19.6526,19.1198,18.4078,17.6403,16.3253,14.1187,11.4049,8.92492,5.15901,-1.0,-1.0,-1.0,-1.0,-1.0
32.846,0.2043629545454546,0.9899774042423815,7.230816148556715e-17,4,150.831,-5.73782,6.33006,138.764,136.21,141.262,141.262,-0.347167,1576.95,0.0892845,11889.7,0.0,13.6834,79.883,41.4465,30.3907,25.2977,23.1188,22.0513,21.1685,20.5663,19.9867,19.4295,18.8938,18.1787,17.4086,16.091,13.886,11.1861,8.73212,5.02925,-1.0,-1.0,-1.0,-1.0,-1.0
32.866,0.20279113636363638,0.9924830531817861,4.700030496561865e-17,4,151.363,-5.86455,6.3333,139.278,136.667,141.775,141.775,-0.364953,1577.76,0.0876818,11932.4,0.0,13.8364,84.0918,41.6795,30.3002,25.1408,22.938,21.8598,20.9692,20.3621,19.7782,19.2171,18.678,17.9588,17.1855,15.864,13.6588,10.9713,8.54198,4.90063,-1.0,-1.0,-1.0,-1.0,-1.0
32.886,0.20123113636363643,0.9943622898863396,3.055019822765213e-17,4,151.891,-5.99028,6.34562,139.784,137.138,142.306,142.306,-0.382702,1578.58,0.0860033,11977.4,0.0,13.985,89.3405,41.9863,30.2226,24.9923,22.7638,21.6742,20.7749,20.1625,19.574,19.0087,18.4659,17.7423,16.9649,15.6392,13.4329,10.7574,8.35237,4.77246,-1.0,-1.0,-1.0,-1.0,-1.0
32.906,0.19968295454545454,0.9957717174147547,1.9857628847973883e-17,4,152.415,-6.13699,6.35115,140.286,137.607,142.892,142.892,-0.400328,1579.39,0.0842105,12026.9,0.0,14.1276,96.0535,42.3881,30.1641,24.8578,22.6011,21.4992,20.5903,19.9719,19.3782,18.8082,18.2612,17.5326,16.7507,15.4195,13.2111,10.5463,8.16486,4.64548,-1.0,-1.0,-1.0,-1.0,-1.0
32.926,0.1981406818181818,0.996828788061066,1.2907458751183025e-17,4,152.937,-6.29999,6.34877,140.772,138.07,143.497,143.497,-0.417894,1580.21,0.082068,12077.8,0.0,14.266,104.793,42.8875,30.1172,24.7305,22.4436,21.3286,20.4098,19.7849,19.1853,18.6103,18.059,17.3251,16.5383,15.2009,12.9898,10.3354,7.97749,4.51884,-1.0,-1.0,-1.0,-1.0,-1.0
32.946,0.1965895454545455,0.9976215910457995,8.389848188268967e-18,4,153.462,-6.46886,6.34463,141.253,138.537,144.051,144.051,-0.435352,1581.03,0.0799181,12123.8,0.0,14.4008,116.496,43.4939,30.0783,24.6074,22.2888,21.16,20.2306,19.599,18.9933,18.4128,17.8568,17.1175,16.3256,14.9817,12.7677,10.1239,7.79003,4.39264,-1.0,-1.0,-1.0,-1.0,-1.0
32.966,0.1950265909090909,0.9982161932843496,5.453401322374828e-18,4,153.991,-6.61296,6.34887,141.723,139.015,144.526,144.526,-0.4527,1581.86,0.077876,12163.9,0.0,14.5346,132.639,44.201,30.0345,24.4778,22.1272,20.9843,20.0445,19.4062,18.7945,18.2087,17.6479,16.9032,16.1064,14.7567,12.5407,9.90894,7.60102,4.2667,-1.0,-1.0,-1.0,-1.0,-1.0
32.986,0.19348136363636365,0.9986621449632622,3.544710859543639e-18,4,154.514,-6.73895,6.3557,142.2,139.5,145.039,145.039,-0.469925,1582.68,0.0759077,12207.2,0.0,14.6665,156.38,45.0372,29.9902,24.345,21.9622,20.8047,19.854,19.2091,18.5914,18.0002,17.4347,16.6843,15.8828,14.5276,12.3102,9.69192,7.41111,4.14123,-1.0,-1.0,-1.0,-1.0,-1.0
33.006,0.191945,0.9989966087224467,2.3040620587033654e-18,4,155.034,-6.86216,6.3551,142.671,139.983,145.58,145.58,-0.487022,1583.51,0.0738699,12252.8,0.0,14.7963,194.565,46.0292,29.9448,24.2093,21.793,20.6209,19.6591,19.0073,18.3836,17.7871,17.217,16.461,15.6546,14.2942,12.076,9.47288,7.22029,4.01626,-1.0,-1.0,-1.0,-1.0,-1.0
33.026,0.1904086363636364,0.999247456541835,1.4976403381571876e-18,4,155.554,-6.98017,6.34696,143.135,140.461,146.122,146.122,-0.50396,1584.34,0.0717936,12298.4,0.0,14.9245,200.0,47.2049,29.8968,24.0682,21.6178,20.4311,19.458,18.7992,18.1695,17.5678,16.993,16.2317,15.4206,14.0553,11.8378,9.25129,7.02836,3.89176,-1.0,-1.0,-1.0,-1.0,-1.0
33.046,0.1888486363636364,0.9994355924063762,9.73466219802172e-19,4,156.082,-7.07339,6.34607,143.597,140.947,146.537,146.537,-0.520753,1585.17,0.0698757,12332.8,0.0,15.0527,200.0,48.5869,29.857,23.9152,21.4307,20.2296,19.2457,18.58,17.9443,17.3375,16.7586,15.9924,15.1772,13.8076,11.5929,9.02549,6.83441,3.7675,-1.0,-1.0,-1.0,-1.0,-1.0
33.066,0.1872975,0.9995766943047821,6.327530428714119e-19,4,156.607,-7.12669,6.3525,144.06,141.446,146.973,146.973,-0.537383,1586.01,0.0681577,12369.7,0.0,15.1817,200.0,50.2109,29.8286,23.7461,21.2285,20.0132,19.019,18.347,17.7057,17.0941,16.5112,15.7409,14.9222,13.5499,11.3402,8.79499,6.63847,3.64371,-1.0,-1.0,-1.0,-1.0,-1.0
33.086,0.18575522727272734,0.9996825207285867,4.112894778664177e-19,4,157.129,-7.16733,6.35496,144.529,141.943,147.449,147.449,-0.553836,1586.84,0.0665488,12409.9,0.0,15.3094,200.0,52.1717,29.8244,23.5682,21.0174,19.7879,18.7836,18.1054,17.4587,16.8425,16.2557,15.4815,14.66,13.2858,11.0827,8.56188,6.44183,3.52074,-1.0,-1.0,-1.0,-1.0,-1.0
33.106,0.18421295454545453,0.99976189054644,2.6733816061317154e-19,4,157.651,-7.19947,6.35049,144.994,142.434,147.931,147.931,-0.570117,1587.68,0.064826,12450.3,0.0,15.4363,200.0,54.5638,29.8464,23.38,20.7959,19.5522,18.5378,17.8538,17.202,16.5814,15.9911,15.2131,14.3893,13.0143,10.8197,8.32591,6.24417,3.3984,-1.0,-1.0,-1.0,-1.0,-1.0
33.126,0.18265886363636366,0.99982141790983,1.737698043985615e-19,4,158.177,-7.21749,6.34551,145.462,142.93,148.351,148.351,-0.586216,1588.52,0.0632553,12485.2,0.0,15.563,200.0,57.5193,29.8968,23.1791,20.562,19.3046,18.2803,17.5905,16.9339,16.3095,15.716,14.9349,14.1089,12.7345,10.5505,8.08671,6.04529,3.27669,-1.0,-1.0,-1.0,-1.0,-1.0
33.146,0.18108999999999997,0.9998660634323725,1.1295037285906497e-19,4,158.708,-7.19618,6.34987,145.928,143.437,148.717,148.717,-0.602125,1589.37,0.0619154,12516.2,0.0,15.6912,177.392,61.1853,29.9678,22.9572,20.3082,19.0381,18.0046,17.3095,16.6488,16.0211,15.4252,14.6418,13.815,12.4429,10.273,7.843,5.84456,3.15557,-1.0,-1.0,-1.0,-1.0,-1.0
33.166,0.17953590909090905,0.9998995475742793,7.341774235839224e-20,4,159.234,-7.1533,6.35617,146.406,143.949,149.126,149.126,-0.617855,1590.21,0.0607255,12550.7,0.0,15.8189,146.002,65.9111,30.0781,22.722,20.0413,18.7589,17.7169,17.0167,16.3521,15.7216,15.1237,14.3388,13.5117,12.143,9.98995,7.59654,5.64318,3.03538,-1.0,-1.0,-1.0,-1.0,-1.0
33.186,0.17797886363636367,0.9999246606807095,4.772153253295496e-20,4,159.761,-7.10518,6.35638,146.883,144.454,149.556,149.556,-0.63339,1591.06,0.0594878,12587.0,0.0,15.9455,125.603,72.2205,30.2402,22.4756,19.7636,18.469,17.4188,16.714,16.0456,15.4125,14.813,14.0271,13.2006,11.8365,9.70251,7.34815,5.44184,2.91628,-1.0,-1.0,-1.0,-1.0,-1.0
33.206,0.17642181818181815,0.9999434955105322,3.1018996146420724e-20,4,160.288,-7.0538,6.3514,147.362,144.959,149.991,149.991,-0.648727,1591.91,0.0582969,12623.3,0.0,16.0715,111.253,81.0071,30.4648,22.2209,19.4741,18.1674,17.1094,16.4004,15.7288,15.0932,14.4923,13.7061,12.8808,11.5228,9.4102,7.09765,5.24027,2.79811,-1.0,-1.0,-1.0,-1.0,-1.0
33.226,0.17483522727272732,0.9999576216328991,2.016234749517347e-20,4,160.825,-6.97782,6.35548,147.843,145.473,150.314,150.314,-0.663872,1592.76,0.0572901,12650.3,0.0,16.198,100.656,93.8648,30.7528,21.9648,19.1669,17.8488,16.7837,16.071,15.3968,14.7596,14.1579,13.3721,12.5493,11.1995,9.11137,6.84425,5.03797,2.68074,-1.0,-1.0,-1.0,-1.0,-1.0
33.246,0.1732634090909091,0.9999682162246744,1.3105525871862756e-20,4,161.357,-6.87619,6.36677,148.333,145.993,150.692,150.692,-0.678824,1593.62,0.0564287,12682.4,0.0,16.3242,92.457,114.498,31.1294,21.7146,18.8454,17.5165,16.4444,15.7287,15.0524,14.4142,13.8123,13.0277,12.2081,10.8682,8.80738,6.58901,4.83552,2.56449,-1.0,-1.0,-1.0,-1.0,-1.0
33.266,0.1716915909090909,0.9999761621685057,8.518591816710792e-21,4,161.889,-6.77961,6.37249,148.828,146.508,151.104,151.104,-0.693584,1594.48,0.0555642,12717.2,0.0,16.4483,85.8564,153.141,31.6358,21.4801,18.5153,17.1757,16.0971,15.3781,14.7001,14.0612,13.4595,12.6766,11.8608,10.5321,8.50078,6.33336,4.6339,2.44955,10.1639,10.1697,10.179,10.1917,10.2079
33.286,0.17012272727272734,0.9999821216263793,5.537084680862015e-21,4,162.42,-6.68905,6.37181,149.32,147.016,151.534,151.534,-0.708157,1595.34,0.0546196,12753.4,0.0,16.5709,80.4118,200.0,32.3083,21.2645,18.1756,16.8254,15.7406,15.0186,14.339,13.6997,13.0987,12.3182,11.5068,10.1904,8.19121,6.07692,4.43292,2.33575,-1.0,-1.0,-1.0,-1.0,-1.0
33.306,0.1685272727272727,0.9999865912197845,3.59910504256031e-21,4,162.96,-6.59268,6.37653,149.814,147.528,151.875,151.875,-0.722528,1596.2,0.053781,12781.7,0.0,16.6924,75.8467,200.0,33.1911,21.0683,17.8295,16.4634,15.3726,14.648,13.9671,13.328,12.7282,11.9508,11.1448,9.84221,7.87796,5.81941,4.23256,2.22308,-1.0,-1.0,-1.0,-1.0,-1.0
33.326,0.16694068181818178,0.9999899434148384,2.3394182776642012e-21,4,163.497,-6.47485,6.39036,150.313,148.051,152.242,152.242,-0.736707,1597.06,0.0530739,12812.8,0.0,16.8133,71.9671,200.0,34.3465,20.8925,17.4847,16.0862,14.9903,14.2638,13.5822,12.9437,12.3458,11.5727,10.7732,9.48651,7.56042,5.56069,4.03265,2.11152,-1.0,-1.0,-1.0,-1.0,-1.0
33.346,0.16535704545454552,0.9999924575611288,1.5206218804817309e-21,4,164.033,-6.3655,6.40181,150.82,148.568,152.652,152.652,-0.750704,1597.93,0.0523887,12847.4,0.0,16.9315,68.5739,200.0,35.9266,20.7578,17.153,15.703,14.6013,13.873,13.191,12.5532,11.9573,11.189,10.3968,9.12727,7.24135,5.30254,3.83399,2.00137,-1.0,-1.0,-1.0,-1.0,-1.0
33.366,0.16377636363636358,0.9999943431708466,9.884042223131251e-22,4,164.568,-6.27056,6.40669,151.326,149.08,153.087,153.087,-0.764511,1598.8,0.0515246,12884.2,0.0,17.047,65.5735,200.0,38.1242,20.674,16.8367,15.3239,14.2044,13.4745,12.7924,12.1559,11.5624,10.7992,10.015,8.7642,6.92048,5.04482,3.63654,1.89255,-1.0,-1.0,-1.0,-1.0,-1.0
33.386,0.1625,0.999995757378135,6.424627445035314e-22,4,165.108,-6.18124,6.41302,151.827,149.588,153.467,153.467,-0.778136,1599.68,0.0507162,12915.6,0.0,17.1583,62.8997,200.0,41.2619,20.6512,16.5368,14.952,13.7972,13.0659,12.3841,11.7491,11.1586,10.4012,9.62604,8.39566,6.59689,4.78689,3.4401,1.78487,-1.0,-1.0,-1.0,-1.0,-1.0
33.406,0.1625,0.9999968180336012,4.1760078392729544e-22,4,165.649,-6.07516,6.42916,152.328,150.107,153.831,153.831,-0.791585,1600.55,0.0500205,12946.5,0.0,17.257,60.5152,200.0,45.8977,20.6957,16.2497,14.5828,13.3836,12.6415,11.9609,11.3285,10.7417,9.99145,9.22639,8.01911,6.26928,4.52795,3.2443,1.67823,-1.0,-1.0,-1.0,-1.0,-1.0
33.426,0.1625,0.9999976135252009,2.7144050955274205e-22,4,166.187,-5.97492,6.44667,152.834,150.615,154.25,154.25,-0.804848,1601.43,0.0493298,12981.9,0.0,17.3395,58.3336,189.919,53.4296,20.857,15.9959,14.2309,12.9797,12.2137,11.5308,10.9013,10.3188,9.57633,8.82226,7.63935,5.9409,4.26997,3.05022,1.57299,-1.0,-1.0,-1.0,-1.0,-1.0
33.446,0.1625,0.9999982101439007,1.7643633120928234e-22,4,166.722,-5.89552,6.45748,153.337,151.114,154.699,154.699,-0.817935,1602.31,0.0484383,13019.8,0.0,17.4062,56.3193,164.242,67.3371,21.1828,15.7867,13.9019,12.5886,11.794,11.0944,10.4674,9.88968,9.15572,8.41342,7.25617,5.61165,4.01296,2.85768,1.46915,-1.0,-1.0,-1.0,-1.0,-1.0
33.466,0.1625,0.9999986576079255,1.1468361528603353e-22,4,167.26,-5.83284,6.46601,153.838,151.607,155.126,155.126,-0.830849,1603.19,0.0475006,13055.2,0.0,17.4578,54.4504,145.075,100.186,21.7406,15.6339,13.6002,12.212,11.3832,10.6605,10.0248,9.45208,8.72748,7.99811,6.86838,5.28063,3.75653,2.6663,1.36647,-1.0,-1.0,-1.0,-1.0,-1.0
33.486,0.1625,0.9999989932059441,7.45443499359218e-23,4,167.801,-5.76134,6.48452,154.336,152.109,155.494,155.494,-0.8436,1604.08,0.0466232,13086.6,0.0,17.4967,52.7255,130.296,200.0,22.6196,15.5436,13.3239,11.8458,10.977,10.2276,9.57465,9.00053,8.28683,7.57213,6.47286,4.94576,3.4996,2.47576,1.26483,-1.0,-1.0,-1.0,-1.0,-1.0
33.506,0.1625,0.9999992449044581,4.845382745834917e-23,4,168.336,-5.69332,6.50701,154.842,152.609,155.931,155.931,-0.856136,1604.96,0.045728,13123.5,0.0,17.5208,51.104,118.423,200.0,24.0547,15.5609,13.0977,11.506,10.5878,9.80604,9.13246,8.54613,7.83923,7.1404,6.07402,4.6104,3.24434,2.28746,1.16473,-1.0,-1.0,-1.0,-1.0,-1.0
33.526,0.1625,0.9999994336783435,3.149498784792696e-23,4,168.869,-5.64951,6.52238,155.345,153.099,156.4,156.4,-0.868499,1605.85,0.044646,13163.1,0.0,17.5303,49.5686,108.624,200.0,26.4779,15.7375,12.9412,11.2015,10.221,9.39889,8.69983,8.09814,7.38415,6.70171,5.67063,4.2739,2.98998,2.10083,1.06604,-1.0,-1.0,-1.0,-1.0,-1.0
33.546,0.1625,0.9999995752587576,2.0471742101152524e-23,4,169.406,-5.64689,6.49237,155.788,153.596,156.881,156.881,-0.880703,1606.75,0.0436306,13203.0,0.0,17.5303,48.1482,100.548,200.0,30.6905,16.0991,12.8454,10.9166,9.85998,8.99044,8.26242,7.64403,6.9198,6.24478,5.25418,3.93115,2.73379,1.91433,0.968246,-1.0,-1.0,-1.0,-1.0,-1.0
33.566,0.1625,0.9999996814440681,1.330663236574914e-23,4,169.914,-5.66325,6.3875,156.211,154.111,157.81,157.81,-0.892796,1607.64,0.0429523,13283.9,0.0,17.5253,46.8659,93.9234,200.0,38.8088,16.6809,12.7936,10.6281,9.48255,8.56045,7.80238,7.16814,6.43641,5.76499,4.8167,3.57737,2.47347,1.72654,0.870888,-1.0,-1.0,-1.0,-1.0,-1.0
33.586,0.1625,0.9999997610830511,8.649311037736942e-24,4,170.439,-5.72482,6.28446,156.686,154.578,158.485,158.485,-0.904833,1608.54,0.0420933,13338.3,0.0,17.5052,45.6104,88.0398,200.0,62.9089,17.8723,12.9362,10.4198,9.1494,8.15561,7.35711,6.70145,5.95877,5.28984,4.37182,3.22058,2.21293,1.53921,0.7739,-1.0,-1.0,-1.0,-1.0,-1.0
33.606,0.1625,0.9999998208122883,5.622052174529013e-24,4,170.98,-5.79691,6.22255,157.212,155.036,158.862,158.862,-0.916804,1609.44,0.040848,13369.7,0.0,17.4684,44.3647,82.7141,200.0,200.0,20.4116,13.4436,10.3528,8.89317,7.79478,6.93836,6.25193,5.49196,4.82285,3.92774,2.86133,1.95234,1.35268,0.677544,-1.0,-1.0,-1.0,-1.0,-1.0
33.626,0.1625,0.9999998656092163,3.6543339134438584e-24,4,171.519,-5.86974,6.19424,157.753,155.5,159.183,159.183,-0.928641,1610.34,0.0392847,13396.4,0.0,17.4163,43.1402,77.899,187.867,200.0,26.6544,14.6533,10.5131,8.74832,7.49136,6.55065,5.82024,5.03493,4.36296,3.4912,2.49832,1.69164,1.16705,0.582123,-1.0,-1.0,-1.0,-1.0,-1.0
33.646,0.1625,0.9999998992069122,2.3753170437385078e-24,4,172.064,-5.90766,6.21137,158.28,155.979,159.375,159.375,-0.940291,1611.25,0.0376642,13412.3,0.0,17.3521,41.9599,73.5934,162.922,200.0,51.9548,17.4864,11.0649,8.76624,7.25883,6.19417,5.40223,4.58257,3.90599,3.06045,2.13906,1.43033,0.982407,0.487946,-1.0,-1.0,-1.0,-1.0,-1.0
33.666,0.1625,0.9999999244051841,1.5439560784300301e-24,4,172.576,-5.90197,6.41788,158.989,156.399,159.653,159.653,-0.951602,1612.16,0.0349944,13436.1,0.0,17.2563,40.6823,69.3041,142.099,200.0,200.0,29.1268,13.1202,9.42238,7.3511,6.02672,5.10704,4.20847,3.50445,2.6688,1.80974,1.18287,0.803811,0.396591,-1.0,-1.0,-1.0,-1.0,-1.0
33.686,0.1625,0.9999999433038881,1.0035714509795196e-24,4,173.098,-6.03736,6.48291,159.454,156.832,160.005,160.005,-0.962482,1613.09,0.0287287,13466.0,0.0,17.152,39.4768,65.5148,126.193,200.0,200.0,200.0,19.9648,11.2549,7.83668,6.01142,4.87608,3.85681,3.11357,2.28808,1.49742,0.954155,0.638432,0.309585,-1.0,-1.0,-1.0,-1.0,-1.0
33.706,0.1625,0.999999957477916,6.523214431366878e-25,4,173.619,-6.0508,6.55714,159.869,157.316,160.412,160.412,-0.971965,1614.05,0.0185223,13500.5,0.0,17.0514,38.4149,62.3515,114.355,200.0,200.0,200.0,157.352,17.1722,9.08199,6.17384,4.67666,3.49168,2.70801,1.90669,1.19951,0.744313,0.490371,0.233597,-1.0,-1.0,-1.0,-1.0,-1.0
33.726,0.1625,0.999999968108437,4.240089380388471e-25,4,174.187,-5.77829,6.75962,160.248,157.889,160.144,160.144,-0.979717,1615.02,0.00948787,13486.2,0.0,16.9601,37.5204,59.8036,105.635,197.024,200.0,200.0,200.0,159.883,12.827,6.6818,4.51777,3.10866,2.29206,1.53626,0.927015,0.560355,0.363798,0.170499,-1.0,-1.0,-1.0,-1.0,-1.0
33.746,0.04250000000000001,0.9999999760813278,2.7560580972525065e-25,4,174.727,-5.4789,6.88449,160.563,158.476,160.621,160.621,-0.985844,1615.99,0.00158405,13498.4,0.0,16.8772,36.7669,57.7387,99.0471,174.769,200.0,200.0,200.0,200.0,53.6173,8.23768,4.46176,2.71796,1.87902,1.19063,0.688061,0.405494,0.259689,0.119927,-1.0,-1.0,-1.0,-1.0,-1.0
33.766,0.0,0.9999999820609959,1.7914377632141293e-25,4,175.268,-5.2237,6.78378,161.114,159.586,161.199,161.199,-0.990577,1616.96,-0.00441146,13567.0,0.0,16.8166,36.2213,56.2774,94.6041,161.057,200.0,200.0,200.0,200.0,200.0,13.1026,4.33538,2.23862,1.4419,0.865113,0.48123,0.277706,0.17592,0.0803141,-1.0,-1.0,-1.0,-1.0,-1.0
33.786,0.0,0.999999986545747,1.164434546089184e-25,4,175.793,-4.86397,6.64907,161.591,160.619,162.456,162.456,-0.994253,1617.93,-0.0079968,13691.1,0.0,16.7881,35.9197,55.466,92.1825,153.934,200.0,200.0,200.0,200.0,200.0,47.2455,3.64657,1.59112,0.967837,0.558184,0.302672,0.172343,0.108438,0.049161,-1.0,-1.0,-1.0,-1.0,-1.0
33.806,0.0,0.9999999899093102,7.568824549579697e-26,4,176.364,-4.3315,6.51197,161.93,161.39,163.56,163.56,-0.997016,1618.91,-0.00991678,13755.8,0.0,16.7797,35.7751,55.0644,90.9761,150.443,200.0,200.0,200.0,200.0,200.0,200.0,2.37529,0.906285,0.531041,0.299052,0.159805,0.0903193,0.0566186,0.0255713,-1.0,-1.0,-1.0,-1.0,-1.0
33.826,0.0,0.9999999924319827,4.919735957226803e-26,4,177.014,-3.69107,6.48615,162.378,162.082,163.547,163.547,-0.999004,1619.9,-0.0109768,13734.0,0.0,16.7789,35.7043,54.8585,90.3459,148.621,200.0,200.0,200.0,200.0,200.0,200.0,0.922436,0.319561,0.182962,0.101591,0.053834,0.030299,0.0189543,0.00854253,-1.0,-1.0,-1.0,-1.0,-1.0
33.846,0.0,0.999999994323987,3.197828372197422e-26,4,177.699,-3.00466,6.42059,162.91,162.767,162.87,162.87,-1.00023,1620.88,-0.011379,13702.0,0.0,-1.0,-1.0,-1.0,-1.0,-1.0,-1.0,-1.0,-1.0,-1.0,-1.0,-1.0,-1.0,-1.0,-1.0,-1.0,-1.0,-1.0,-1.0,-1.0,-1.0,-1.0,-1.0,-1.0,-1.0
33.866,0.0,0.9999999957429903,2.078588441928324e-26,4,178.319,-2.3619,6.38308,163.433,163.439,163.075,163.075,-1.0008,1621.87,-0.0112479,13750.9,0.0,-1.0,-1.0,-1.0,-1.0,-1.0,-1.0,-1.0,-1.0,-1.0,-1.0,-1.0,-1.0,-1.0,-1.0,-1.0,-1.0,-1.0,-1.0,-1.0,-1.0,-1.0,-1.0,-1.0,-1.0
33.886,0.0,0.9999999968072427,1.351082487253411e-26,4,178.973,-1.73093,6.57038,163.979,164.097,163.057,163.057,-1.00083,1622.86,-0.0107098,13696.5,0.0,-1.0,-1.0,-1.0,-1.0,-1.0,-1.0,-1.0,-1.0,-1.0,-1.0,-1.0,-1.0,-1.0,-1.0,-1.0,-1.0,-1.0,-1.0,-1.0,-1.0,-1.0,-1.0,-1.0,-1.0
33.906,0.0,0.999999997605432,8.782036167147172e-27,4,179.601,-1.20627,6.6704,164.567,164.697,163.107,163.107,-1.00044,1623.86,-0.0100844,13724.8,0.0,-1.0,-1.0,-1.0,-1.0,-1.0,-1.0,-1.0,-1.0,-1.0,-1.0,-1.0,-1.0,-1.0,-1.0,-1.0,-1.0,-1.0,-1.0,-1.0,-1.0,-1.0,-1.0,-1.0,-1.0
33.926,0.0,0.999999998204074,5.7083235086456615e-27,4,180.171,-0.828485,6.74096,165.144,165.255,163.944,163.944,-0.999722,1624.86,-0.00954962,13823.7,0.0,16.8085,35.8606,55.23,91.3518,151.342,200.0,200.0,200.0,200.0,200.0,200.0,0.211161,0.0829504,0.0489752,0.0277106,0.01485,0.00840511,0.00527268,0.00238309,-1.0,-1.0,-1.0,-1.0,-1.0
33.946,0.0,0.9999999986530556,3.7104102806196804e-27,4,180.771,-0.555316,6.89917,165.693,165.792,164.638,164.638,-0.998772,1625.86,-0.00916505,13835.8,0.0,16.8068,35.8824,55.2993,91.5742,152.005,200.0,200.0,200.0,200.0,200.0,200.0,0.888876,0.3593,0.21378,0.121548,0.0653302,0.0370323,0.0232483,0.0105155,-1.0,-1.0,-1.0,-1.0,-1.0
33.966,0.0,0.9999999989897916,2.4117666824027923e-27,4,181.37,-0.3668,6.96896,166.263,166.336,165.079,165.079,-0.997673,1626.87,-0.00892687,13891.9,0.0,16.8015,35.8868,55.3282,91.6891,152.38,200.0,200.0,200.0,200.0,200.0,200.0,1.63781,0.673247,0.402447,0.229498,0.123576,0.0701136,0.0440366,0.0199277,-1.0,-1.0,-1.0,-1.0,-1.0
33.986,0.0,0.9999999992423437,1.567648343561815e-27,4,181.931,-0.245925,6.99671,166.812,166.863,166.038,166.038,-0.996469,1627.88,-0.00877404,13997.3,0.0,16.7939,35.8807,55.333,91.7402,152.584,200.0,200.0,200.0,200.0,200.0,200.0,2.4409,1.01387,0.607852,0.347287,0.187219,0.106285,0.0667747,0.0302264,-1.0,-1.0,-1.0,-1.0,-1.0
34.006,0.0,0.9999999994317578,1.0189714233151798e-27,4,182.524,-0.149765,7.13277,167.357,167.39,166.761,166.761,-0.995163,1628.89,-0.00862503,14017.3,0.0,16.7854,35.8723,55.334,91.7841,152.773,200.0,200.0,200.0,200.0,200.0,200.0,3.28714,1.37898,0.8291,0.47456,0.256119,0.145484,0.091428,0.0413982,-1.0,-1.0,-1.0,-1.0,-1.0
34.026,0.0,0.9999999995738184,6.6233142515486695e-28,4,183.142,-0.0628739,7.14434,167.902,167.93,166.924,166.924,-0.993809,1629.9,-0.00836682,14046.0,0.0,16.7782,35.8741,55.3609,91.9022,153.173,200.0,200.0,200.0,200.0,200.0,103.229,4.08828,1.74384,1.05356,0.604933,0.327116,0.185998,0.116946,0.0529796,-1.0,-1.0,-1.0,-1.0,-1.0
34.046,0.0,0.9999999996803638,4.305154263506635e-28,4,183.753,0.0216746,7.24539,168.437,168.483,167.301,167.301,-0.992427,1630.92,-0.00799584,14059.0,0.0,16.7727,35.8869,55.4155,92.0987,153.795,200.0,200.0,200.0,200.0,200.0,62.177,4.80447,2.09647,1.27525,0.735487,0.398816,0.227089,0.142884,0.0647774,-1.0,-1.0,-1.0,-1.0,-1.0
34.066,0.0,0.9999999997602729,2.798350271279313e-28,4,184.387,0.0756421,7.32009,168.985,169.027,167.199,167.199,-0.99104,1631.95,-0.00774074,14068.3,0.0,16.7653,35.8878,55.4409,92.2143,154.192,200.0,200.0,200.0,200.0,200.0,54.5243,5.535,2.45159,1.49809,0.866619,0.470812,0.268345,0.168925,0.0766216,-1.0,-1.0,-1.0,-1.0,-1.0
34.086,0.0,0.9999999998202047,1.8189276763315537e-28,4,184.946,0.0832867,7.29148,169.504,169.564,168.107,168.107,-0.989648,1632.97,-0.00767374,14175.1,0.0,16.7546,35.8695,55.419,92.1971,154.218,200.0,200.0,200.0,200.0,200.0,58.9949,6.35151,2.824,1.7277,1.00023,0.543669,0.30995,0.19514,0.088524,-1.0,-1.0,-1.0,-1.0,-1.0
34.106,0.0,0.9999999998651535,1.18230298961551e-28,4,185.51,0.0811926,7.41339,170.109,170.1,169.137,169.137,-0.988256,1634.0,-0.0076685,14222.3,0.0,16.743,35.845,55.3815,92.1363,154.12,200.0,200.0,200.0,200.0,200.0,66.5872,7.20129,3.20279,1.95964,1.13457,0.616713,0.3516,0.221365,0.100422,-1.0,-1.0,-1.0,-1.0,-1.0
34.126,0.0,0.9999999998988651,7.684969432500815e-29,4,186.086,0.0967313,7.37671,170.643,170.643,169.772,169.772,-0.986859,1635.03,-0.00752211,14310.2,0.0,16.7337,35.8346,55.3794,92.1749,154.303,200.0,200.0,200.0,200.0,200.0,65.4572,7.93941,3.56023,2.18393,1.2666,0.689222,0.393157,0.2476,0.112355,-1.0,-1.0,-1.0,-1.0,-1.0
34.146,0.0,0.9999999999241489,4.9952301311255296e-29,4,186.708,0.101814,7.51431,171.172,171.199,170.0,170.0,-0.985473,1636.07,-0.00748229,14285.0,0.0,16.7226,35.8137,55.3507,92.1388,154.274,200.0,200.0,200.0,200.0,200.0,70.0466,8.74175,3.92865,2.41161,1.3993,0.761651,0.434539,0.27368,0.1242,-1.0,-1.0,-1.0,-1.0,-1.0
34.166,0.0,0.9999999999431117,3.2468995852315944e-29,4,187.284,0.0936797,7.53427,171.762,171.732,170.597,170.597,-0.984086,1637.11,-0.00746346,14356.8,0.0,16.7113,35.7906,55.3168,92.0877,154.204,200.0,200.0,200.0,200.0,200.0,75.5932,9.55868,4.30021,2.64056,1.53248,0.834257,0.475997,0.299802,0.136059,-1.0,-1.0,-1.0,-1.0,-1.0
34.186,0.0,0.9999999999573338,2.1104847304005366e-29,4,187.899,0.114378,7.67322,172.265,172.281,170.858,170.858,-0.982699,1638.15,-0.00728202,14348.0,0.0,16.7026,35.784,55.3237,92.1516,154.458,200.0,200.0,200.0,200.0,200.0,71.8554,10.2058,4.63685,2.8562,1.66111,0.905487,0.516993,0.325736,0.147881,-1.0,-1.0,-1.0,-1.0,-1.0
34.206,0.0,0.9999999999680004,1.3718150747603487e-29,4,188.49,0.108483,7.72959,172.851,172.829,171.154,171.154,-0.981329,1639.2,-0.00725818,14404.1,0.0,16.6914,35.7617,55.2914,92.1048,154.399,200.0,200.0,200.0,200.0,200.0,76.2839,10.9883,4.99875,3.08038,1.79198,0.976995,0.557871,0.351507,0.159589,-1.0,-1.0,-1.0,-1.0,-1.0
34.226,0.0,0.9999999999760003,8.916797985942268e-30,4,189.061,0.1177,7.83172,173.35,173.35,171.998,171.998,-0.979967,1640.25,-0.00711417,14445.1,0.0,16.6823,35.7517,55.2896,92.1434,154.581,200.0,200.0,200.0,200.0,200.0,74.5411,11.6255,5.32912,3.29204,1.91828,1.04695,0.598142,0.376985,0.171204,-1.0,-1.0,-1.0,-1.0,-1.0
34.246,0.0,0.9999999999820002,5.795918690862474e-30,4,189.656,0.111206,7.79336,173.833,173.892,172.298,172.298,-0.978615,1641.3,-0.00710034,14501.4,0.0,16.6712,35.7287,55.2553,92.0902,154.503,200.0,200.0,200.0,200.0,200.0,78.8973,12.3941,5.68554,3.51304,2.04738,1.11753,0.638496,0.402429,0.182764,-1.0,-1.0,-1.0,-1.0,-1.0
34.266,0.0,0.9999999999865001,3.767347149060609e-30,4,190.216,0.109781,7.73098,174.342,174.413,173.357,173.357,-0.977269,1642.35,-0.00705147,14555.1,0.0,16.6606,35.7093,55.23,92.0623,154.496,200.0,200.0,200.0,200.0,200.0,81.4147,13.1117,6.03004,3.729,2.17446,1.18731,0.678489,0.427677,0.194249,11.8741,11.8672,11.8639,11.8643,11.8682
34.286,0.0,0.9999999999898751,2.4487756468893958e-30,4,190.8,0.0778555,7.69338,174.964,174.953,173.721,173.721,-0.975929,1643.41,-0.00720787,14621.5,0.0,16.6468,35.6693,55.1533,91.8892,154.079,200.0,200.0,200.0,200.0,200.0,95.0952,14.0969,6.43014,3.96587,2.30844,1.25903,0.719054,0.45311,0.205738,-1.0,-1.0,-1.0,-1.0,-1.0
34.306,0.0,0.9999999999924063,1.5917041704781073e-30,4,191.271,0.0689091,7.53851,175.468,175.468,175.906,175.906,-0.974586,1644.47,-0.00713587,14797.8,0.0,16.6366,35.6523,55.1339,91.8776,154.118,200.0,200.0,200.0,200.0,200.0,95.8583,14.7797,6.76722,4.1789,2.43445,1.32846,0.758909,0.47829,0.217202,-1.0,-1.0,-1.0,-1.0,-1.0
34.326,0.0,0.9999999999943048,1.0346077108107697e-30,4,191.988,0.111768,7.63561,176.018,176.021,174.573,174.573,-0.973259,1645.54,-0.00691605,14689.5,0.0,16.629,35.6506,55.1519,91.9714,154.455,200.0,200.0,200.0,200.0,200.0,88.6151,15.2268,7.05175,4.37074,2.5526,1.39515,0.797672,0.50293,0.228489,-1.0,-1.0,-1.0,-1.0,-1.0
34.346,0.0,0.9999999999957285,6.724950120270004e-31,4,192.59,0.095607,7.76014,176.624,176.577,174.763,174.763,-0.971927,1646.61,-0.00696707,14708.0,0.0,16.617,35.6214,55.1019,91.8732,154.248,200.0,200.0,200.0,200.0,200.0,95.7252,16.063,7.41961,4.59482,2.68192,1.46529,0.837612,0.528061,0.239883,-1.0,-1.0,-1.0,-1.0,-1.0
34.366,0.0,0.9999999999967963,4.371217578175503e-31,4,193.173,0.0655272,7.88728,177.173,177.117,175.237,175.237,-0.970596,1647.68,-0.0071094,14748.5,0.0,16.6034,35.583,55.0291,91.7107,153.859,200.0,200.0,200.0,200.0,200.0,109.084,17.0559,7.82035,4.83137,2.81541,1.53664,0.877925,0.553326,0.25129,-1.0,-1.0,-1.0,-1.0,-1.0
34.386,0.0,0.9999999999975973,2.841291425814077e-31,4,193.748,0.0422242,7.99345,177.698,177.655,175.818,175.818,-0.96926,1648.75,-0.00724173,14797.8,0.0,16.59,35.5455,54.9587,91.5553,153.491,200.0,200.0,200.0,200.0,200.0,124.208,18.0622,8.22403,5.06934,2.9496,1.60833,0.918425,0.578705,0.262748,-1.0,-1.0,-1.0,-1.0,-1.0
34.406,0.0,0.9999999999981979,1.84683942677915e-31,4,194.319,0.0328879,8.0401,178.204,178.18,176.469,176.469,-0.967925,1649.83,-0.00731444,14852.6,0.0,16.5776,35.5141,54.9033,91.4421,153.243,200.0,200.0,200.0,200.0,200.0,136.281,18.982,8.60919,5.30016,3.08131,1.67925,0.958662,0.603973,0.274182,-1.0,-1.0,-1.0,-1.0,-1.0
34.426,0.0,0.9999999999986484,1.2004456274064475e-31,4,194.891,0.0363619,8.05495,178.715,178.711,177.107,177.107,-0.966572,1650.91,-0.00732255,14906.2,0.0,16.5661,35.4888,54.8636,91.3736,153.122,200.0,200.0,200.0,200.0,200.0,142.849,19.7986,8.97564,5.52496,3.21171,1.75021,0.99914,0.629468,0.28575,-1.0,-1.0,-1.0,-1.0,-1.0
34.446,0.0,0.9999999999989864,7.802896578141909e-32,4,195.452,0.0452648,8.0298,179.233,179.24,177.868,177.868,-0.965202,1652.0,-0.00729775,14971.6,0.0,16.5549,35.4666,54.8315,91.3273,153.064,200.0,200.0,200.0,200.0,200.0,146.118,20.5592,9.3329,5.74734,3.34193,1.8215,1.03994,0.655201,0.297447,-1.0,-1.0,-1.0,-1.0,-1.0
34.466,0.0,0.9999999999992397,5.071882775792241e-32,4,196.025,0.0555,7.9753,179.748,179.758,178.498,178.498,-0.963834,1653.08,-0.00725842,15022.5,0.0,16.544,35.4459,54.8032,91.2913,153.035,200.0,200.0,200.0,200.0,200.0,147.788,21.2849,9.68281,5.96681,3.47113,1.89247,1.08061,0.68088,0.309128,-1.0,-1.0,-1.0,-1.0,-1.0
34.486,0.0,0.9999999999994298,3.2967238042649563e-32,4,196.609,0.0625059,7.94396,180.282,180.29,178.913,178.913,-0.96246,1654.18,-0.00722694,15057.3,0.0,16.533,35.4242,54.7726,91.2495,152.991,200.0,200.0,200.0,200.0,200.0,150.189,22.0257,10.0366,6.18818,3.60121,1.96384,1.1215,0.706684,0.320863,-1.0,-1.0,-1.0,-1.0,-1.0
34.506,0.0,0.9999999999995723,2.1428704727722217e-32,4,197.192,0.065341,7.93262,180.823,180.826,179.334,179.334,-0.96108,1655.27,-0.00721049,15092.8,0.0,16.5216,35.401,54.7382,91.1969,152.916,200.0,200.0,200.0,200.0,200.0,154.021,22.7989,10.398,6.41279,3.73263,2.03575,1.16264,0.732629,0.332654,-1.0,-1.0,-1.0,-1.0,-1.0
34.526,0.12,0.9999999999996793,1.392865807301944e-32,4,197.772,0.0653123,7.93143,181.358,181.358,179.776,179.776,-0.959708,1656.37,-0.00720644,15130.0,0.0,16.5101,35.3766,54.7009,91.1359,152.817,200.0,200.0,200.0,200.0,200.0,159.027,23.5931,10.7625,6.63805,3.86393,2.10742,1.20359,0.75844,0.344376,-1.0,-1.0,-1.0,-1.0,-1.0
34.546,0.1625,0.9999999999997594,9.053627747462637e-33,4,198.339,0.227709,7.92325,181.972,181.512,180.231,180.231,-0.958064,1657.47,-0.00976062,15168.5,0.0,16.4549,35.0927,54.0282,89.3065,147.797,200.0,200.0,200.0,200.0,200.0,200.0,32.7085,12.6384,7.42964,4.19242,2.24303,1.26851,0.795429,0.35936,-1.0,-1.0,-1.0,-1.0,-1.0
34.566,0.04250000000000001,0.9999999999998196,5.884858035850714e-33,4,198.877,-0.254434,7.92366,182.878,181.414,180.781,180.781,-0.955697,1658.57,-0.0173776,15215.4,0.0,16.3136,34.3156,52.1804,84.359,134.751,192.449,200.0,200.0,200.0,200.0,200.0,200.0,21.6238,10.1253,5.07169,2.54116,1.39255,0.859994,0.382625,-1.0,-1.0,-1.0,-1.0,-1.0
34.586,0.0,0.9999999999998647,3.825157723302964e-33,4,199.41,-1.3385,7.90865,183.815,181.863,181.513,181.513,-0.95253,1659.68,-0.0260246,15277.3,0.0,16.1529,33.466,50.2163,79.3412,122.427,168.318,200.0,200.0,200.0,200.0,200.0,200.0,78.1177,16.1759,6.50654,2.96688,1.56162,0.94671,0.413704,-1.0,-1.0,-1.0,-1.0,-1.0
34.606,0.0,0.9999999999998985,2.4863525201469266e-33,4,199.973,-1.94642,7.88458,184.009,182.74,182.027,182.027,-0.948866,1660.79,-0.0310249,15319.3,0.0,16.0466,32.9626,49.0994,76.6267,116.157,156.769,192.772,200.0,200.0,200.0,200.0,200.0,200.0,24.3341,7.91169,3.37066,1.72877,1.03621,0.447998,-1.0,-1.0,-1.0,-1.0,-1.0
34.626,0.0,0.9999999999999238,1.6161291380955023e-33,4,200.548,-1.88821,7.87529,184.195,183.614,182.419,182.419,-0.944707,1661.9,-0.0330749,15352.2,0.0,15.9816,32.7156,48.5885,75.4616,113.608,152.262,186.084,200.0,200.0,200.0,200.0,200.0,200.0,31.4217,9.03232,3.72843,1.89088,1.12796,0.485496,-1.0,-1.0,-1.0,-1.0,-1.0
34.646,0.0,0.9999999999999429,1.0504839397620766e-33,4,201.124,-1.57278,7.87787,184.542,184.334,182.819,182.819,-0.940067,1663.01,-0.0337048,15385.9,0.0,15.9341,32.5837,48.3495,74.9797,112.649,150.664,183.797,200.0,200.0,200.0,200.0,200.0,200.0,36.2195,9.96099,4.07002,2.05683,1.22512,0.526593,-1.0,-1.0,-1.0,-1.0,-1.0
34.666,0.0,0.9999999999999571,6.8281456084534986e-34,4,201.7,-1.20425,7.88376,184.983,184.95,183.23,183.23,-0.935047,1664.13,-0.0336885,15420.6,0.0,15.8931,32.5008,48.2275,74.7934,112.375,150.305,183.368,200.0,200.0,200.0,200.0,200.0,200.0,39.1893,10.7906,4.41013,2.22891,1.32767,0.570693,-1.0,-1.0,-1.0,-1.0,-1.0
34.686,0.0,0.9999999999999678,4.438294645494775e-34,4,202.274,-0.867433,7.88875,185.471,185.516,183.662,183.662,-0.929707,1665.25,-0.0334051,15457.0,0.0,15.8535,32.4352,48.1494,74.7218,112.372,150.441,183.683,200.0,200.0,200.0,200.0,200.0,200.0,41.2361,11.5868,4.75751,2.40832,1.4355,0.617425,-1.0,-1.0,-1.0,-1.0,-1.0
34.706,0.0,0.9999999999999758,2.8848915195716034e-34,4,202.844,-0.592805,7.90265,185.986,186.055,184.116,184.116,-0.92412,1666.38,-0.0330598,15495.4,0.0,15.8127,32.3705,48.077,74.6699,112.421,150.679,184.158,200.0,200.0,200.0,200.0,200.0,200.0,43.0597,12.3902,5.11577,2.59468,1.54785,0.666248,-1.0,-1.0,-1.0,-1.0,-1.0
34.726,0.0,0.9999999999999818,1.8751794877215423e-34,4,203.405,-0.385923,7.90434,186.51,186.576,184.698,184.698,-0.918369,1667.51,-0.0327454,15544.5,0.0,15.7701,32.3004,47.9944,74.5966,112.428,150.846,184.531,200.0,200.0,200.0,200.0,200.0,200.0,44.9854,13.2162,5.48419,2.78641,1.66346,0.716503,-1.0,-1.0,-1.0,-1.0,-1.0
34.746,0.0,0.9999999999999863,1.2188666670190024e-34,4,203.972,-0.236999,7.90934,187.036,187.089,185.184,185.184,-0.912489,1668.64,-0.0324955,15585.3,0.0,15.7254,32.2225,47.8957,74.4871,112.356,150.876,184.704,200.0,200.0,200.0,200.0,200.0,200.0,47.1438,14.0733,5.86286,2.98293,1.78183,0.767905,-1.0,-1.0,-1.0,-1.0,-1.0
34.766,0.0,0.9999999999999898,7.922633335623517e-35,4,204.538,-0.13323,7.92174,187.565,187.604,185.654,185.654,-0.906517,1669.77,-0.03231,15624.8,0.0,15.679,32.1375,47.7821,74.343,112.208,150.772,184.678,200.0,200.0,200.0,200.0,200.0,200.0,49.5362,14.9595,6.25009,3.18321,1.90228,0.820149,-1.0,-1.0,-1.0,-1.0,-1.0
34.786,0.0,0.9999999999999923,5.149711668155286e-35,4,205.104,-0.0623605,7.94171,188.092,188.119,186.118,186.118,-0.900489,1670.91,-0.032176,15663.7,0.0,15.6314,32.0471,47.6569,74.1717,111.999,150.56,184.492,200.0,200.0,200.0,200.0,200.0,200.0,52.114,15.8675,6.64326,3.38595,2.02408,0.872914,-1.0,-1.0,-1.0,-1.0,-1.0
34.806,0.0,0.9999999999999942,3.3473125843009365e-35,4,205.669,-0.0148628,7.95807,188.612,188.63,186.584,186.584,-0.894403,1672.05,-0.0320814,15703.0,0.0,15.5827,31.9525,47.5225,73.9792,111.744,150.265,184.183,200.0,200.0,200.0,200.0,200.0,200.0,54.8475,16.7956,7.04213,3.59111,2.1472,0.926201,-1.0,-1.0,-1.0,-1.0,-1.0
34.826,0.0,0.9999999999999957,2.175753179795609e-35,4,206.232,0.0163404,7.97085,189.127,189.145,187.06,187.06,-0.888272,1673.2,-0.032017,15743.1,0.0,15.5332,31.8544,47.3811,73.7703,111.453,149.906,183.778,200.0,200.0,200.0,200.0,200.0,200.0,57.7109,17.7406,7.44574,3.79827,2.27141,0.979916,-1.0,-1.0,-1.0,-1.0,-1.0
34.846,0.0,0.9999999999999968,1.4142395668671457e-35,4,206.791,0.0353637,7.97747,189.643,189.661,187.569,187.569,-0.882124,1674.34,-0.0319819,15786.8,0.0,15.4832,31.7537,47.2335,73.5467,111.128,149.487,183.284,200.0,200.0,200.0,200.0,200.0,200.0,60.7032,18.6995,7.8524,4.0065,2.39612,1.0338,-1.0,-1.0,-1.0,-1.0,-1.0
34.866,0.0,0.9999999999999976,9.192557184636447e-36,4,207.347,0.0445391,7.97368,190.157,190.171,188.122,188.122,-0.875948,1675.49,-0.0319798,15832.5,0.0,15.4324,31.6496,47.079,73.3064,110.765,149.001,182.689,200.0,200.0,200.0,200.0,200.0,200.0,63.8724,19.6782,8.26362,4.21636,2.52165,1.08796,-1.0,-1.0,-1.0,-1.0,-1.0
34.886,0.0,0.9999999999999982,5.975162170013691e-36,4,207.907,0.0461492,7.97787,190.675,190.684,188.602,188.602,-0.869744,1676.64,-0.0320082,15872.9,0.0,15.3809,31.5426,46.9179,73.0506,110.369,148.453,182.001,200.0,200.0,200.0,200.0,200.0,200.0,67.2303,20.6778,8.67962,4.42792,2.648,1.14241,-1.0,-1.0,-1.0,-1.0,-1.0
34.906,-0.12,0.9999999999999987,3.883855410508899e-36,4,208.461,0.0435948,7.97962,191.192,191.197,189.145,189.145,-0.863526,1677.8,-0.0320511,15918.7,0.0,15.3292,31.4342,46.7537,72.7876,109.955,147.875,181.27,200.0,200.0,200.0,200.0,200.0,200.0,70.7001,21.6894,9.09825,4.6404,2.77478,1.19699,-1.0,-1.0,-1.0,-1.0,-1.0
34.926,-0.1625,0.999999999999999,2.5245060168307843e-36,4,209.004,-0.114656,7.98738,191.301,191.819,189.627,189.627,-0.857555,1678.96,-0.0293081,15959.3,0.0,15.3195,31.561,47.1289,73.8578,112.626,152.934,189.082,200.0,200.0,200.0,200.0,200.0,200.0,59.6645,21.1062,9.21663,4.77047,2.87071,1.24573,-1.0,-1.0,-1.0,-1.0,-1.0
34.946,-0.1625,0.9999999999999992,1.6409289109400096e-36,4,209.516,0.47132,8.00761,191.129,192.751,190.19,190.19,-0.852375,1680.12,-0.0210717,16007.1,0.0,15.3969,32.1762,48.6453,77.8552,122.458,171.888,200.0,200.0,200.0,200.0,200.0,200.0,103.009,39.2628,18.1796,8.77596,4.73017,2.89865,1.27989,-1.0,-1.0,-1.0,-1.0,-1.0
34.966,-0.04250000000000001,0.9999999999999994,1.0666037921110063e-36,4,210.006,1.56406,8.04655,191.134,193.637,190.817,190.817,-0.848285,1681.29,-0.00942111,16059.9,0.0,15.5375,33.1569,51.077,84.5158,140.108,200.0,200.0,200.0,200.0,200.0,200.0,113.331,44.9568,26.6124,15.0822,8.09051,4.58152,2.87479,1.29965,-1.0,-1.0,-1.0,-1.0,-1.0
34.986,0.0,0.9999999999999996,6.932924648721542e-37,4,210.511,2.87323,8.09492,191.785,194.308,191.366,191.366,-0.8453,1682.46,0.00141954,16105.1,0.0,15.6802,34.1484,53.6105,91.9125,162.01,200.0,200.0,200.0,200.0,200.0,91.4835,49.1845,29.8598,20.6094,13.0415,7.52929,4.43477,2.8393,1.31081,-1.0,-1.0,-1.0,-1.0,-1.0
35.006,0.0,0.9999999999999997,4.506401021669003e-37,4,211.057,3.36617,8.1484,192.83,194.311,191.65,191.65,-0.843173,1683.63,0.00722742,16128.3,0.0,15.7541,34.6976,55.0648,96.4232,176.818,200.0,200.0,200.0,200.0,130.194,58.9818,38.1293,25.5075,18.5088,12.2259,7.29204,4.37706,2.83087,1.32121,-1.0,-1.0,-1.0,-1.0,-1.0
35.026,0.0,0.9999999999999998,2.9291606640848517e-37,4,211.617,3.01469,8.206,193.782,194.378,191.911,191.911,-0.841838,1684.8,0.00924468,16150.6,0.0,15.775,34.8818,55.5718,98.0671,182.567,200.0,200.0,200.0,200.0,102.652,52.8079,35.549,24.3918,17.9549,12.016,7.24187,4.37425,2.83873,1.32981,-1.0,-1.0,-1.0,-1.0,-1.0
35.046,0.0,0.9999999999999998,1.9039544316551538e-37,4,212.174,2.37934,8.26269,194.534,194.657,192.264,192.264,-0.841216,1685.98,0.00944614,16180.7,0.0,15.7729,34.8911,55.6083,98.2084,183.113,200.0,200.0,200.0,200.0,100.858,52.4279,35.4216,24.3616,17.9571,12.0327,7.25929,4.38748,2.84828,1.33478,-1.0,-1.0,-1.0,-1.0,-1.0
35.066,0.0,0.9999999999999998,1.2375703805758501e-37,4,212.727,1.74212,8.31199,195.15,195.068,192.701,192.701,-0.841184,1687.16,0.00891757,16217.8,0.0,15.7642,34.8353,55.4627,97.7503,181.523,200.0,200.0,200.0,200.0,106.858,54.0091,36.1387,24.7002,18.1412,12.1158,7.28985,4.39881,2.8531,1.33574,-1.0,-1.0,-1.0,-1.0,-1.0
35.086,0.0,0.9999999999999998,8.044207473743026e-38,4,213.275,1.21545,8.34973,195.689,195.546,193.194,193.194,-0.841545,1688.34,0.00821328,16259.4,0.0,15.756,34.7689,55.282,97.1678,179.485,200.0,200.0,200.0,200.0,115.757,56.1264,37.0458,25.102,18.3457,12.1971,7.31237,4.4028,2.85229,1.33363,-1.0,-1.0,-1.0,-1.0,-1.0
35.106,0.0,0.9999999999999998,5.228734857932968e-38,4,213.821,0.820978,8.37621,196.191,196.052,193.703,193.703,-0.842198,1689.53,0.00756812,16302.2,0.0,15.7512,34.7145,55.1273,96.6575,177.69,200.0,200.0,200.0,200.0,125.107,58.1077,37.8441,25.4313,18.5,12.2479,7.31821,4.39747,2.84572,1.32897,-1.0,-1.0,-1.0,-1.0,-1.0
35.126,0.0,0.9999999999999998,3.398677657656429e-38,4,214.365,0.542204,8.39483,196.679,196.567,194.208,194.208,-0.843039,1690.72,0.00705338,16344.7,0.0,15.7502,34.6772,55.0141,96.2711,176.315,200.0,200.0,200.0,200.0,133.521,59.6835,38.4327,25.6502,18.5881,12.264,7.30804,4.38426,2.83469,1.32256,-1.0,-1.0,-1.0,-1.0,-1.0
35.146,0.0,0.9999999999999998,2.209140477476679e-38,4,214.91,0.352254,8.40931,197.165,197.083,194.699,194.699,-0.844003,1691.91,0.00666761,16385.9,0.0,15.7523,34.6556,54.9396,96.0012,175.331,200.0,200.0,200.0,200.0,140.379,60.8029,38.8075,25.7631,18.6155,12.25,7.28476,4.36498,2.82036,1.31494,-1.0,-1.0,-1.0,-1.0,-1.0
35.166,0.0,0.9999999999999998,1.4359413103598415e-38,4,215.454,0.226106,8.42182,197.653,197.595,195.18,195.18,-0.845055,1693.11,0.006387,16426.4,0.0,15.7568,34.6465,54.896,95.8242,174.656,200.0,200.0,200.0,200.0,145.558,61.5143,38.9996,25.7886,18.5937,12.2122,7.25138,4.34112,2.80359,1.30644,-1.0,-1.0,-1.0,-1.0,-1.0
35.186,0.0,0.9999999999999998,9.33361851733897e-39,4,215.997,0.143687,8.43787,198.145,198.105,195.654,195.654,-0.84615,1694.31,0.0061841,16466.3,0.0,15.7629,34.6462,54.8745,95.7141,174.203,200.0,200.0,200.0,200.0,149.271,61.9106,39.0561,25.7511,18.5374,12.1582,7.21144,4.31443,2.78538,1.29746,-1.0,-1.0,-1.0,-1.0,-1.0
35.206,0.0,0.9999999999999998,6.066852036270331e-39,4,216.539,0.0905203,8.45736,198.638,198.61,196.122,196.122,-0.84727,1695.51,0.0060358,16505.6,0.0,15.7701,34.652,54.8683,95.6504,173.904,200.0,200.0,200.0,200.0,151.825,62.0774,39.0165,25.6697,18.4573,12.0932,7.16717,4.28591,2.76627,1.2882,-1.0,-1.0,-1.0,-1.0,-1.0
35.226,0.0,0.9999999999999998,3.943453823575715e-39,4,217.081,0.056549,8.47807,199.131,199.112,196.584,196.584,-0.84841,1696.71,0.0059247,16544.3,0.0,15.778,34.662,54.8726,95.6184,173.709,200.0,200.0,200.0,200.0,153.517,62.0813,38.9093,25.5577,18.3606,12.0205,7.11983,4.25609,2.7465,1.27873,-1.0,-1.0,-1.0,-1.0,-1.0
35.246,0.0,0.9999999999999998,2.563244985324215e-39,4,217.624,0.0347493,8.50671,199.626,199.613,197.014,197.014,-0.84955,1697.92,0.00583744,16580.6,0.0,15.7864,34.6744,54.8833,95.6059,173.58,200.0,200.0,200.0,200.0,154.641,61.9833,38.7613,25.4277,18.2546,11.9439,7.07105,4.22576,2.72651,1.26922,-1.0,-1.0,-1.0,-1.0,-1.0
35.266,0.0,0.9999999999999998,1.6661092404607397e-39,4,218.163,0.0206341,8.53593,200.121,200.111,197.478,197.478,-0.850706,1699.13,0.00576568,16619.8,0.0,15.7951,34.6887,54.8985,95.6069,173.494,200.0,200.0,200.0,200.0,155.362,61.8119,38.5826,25.2835,18.1407,11.8634,7.02067,4.19469,2.70613,1.25956,11.109,11.105,11.1044,11.1072,11.1134
35.286,0.0,0.9999999999999998,1.0829710062994808e-39,4,218.7,0.0116104,8.56345,200.614,200.607,197.953,197.953,-0.85184,1700.34,0.00570583,16659.7,0.0,15.8038,34.7038,54.9162,95.6166,173.438,200.0,200.0,200.0,200.0,155.799,61.5964,38.3884,25.1338,18.0247,11.7825,6.97056,4.16395,2.68602,1.25007,-1.0,-1.0,-1.0,-1.0,-1.0
35.306,0.0,0.9999999999999998,7.0393115409466256e-40,4,219.236,0.00587003,8.59236,201.108,201.103,198.433,198.433,-0.852989,1701.56,0.0056541,16700.1,0.0,15.8128,34.72,54.9365,95.6337,173.406,200.0,200.0,200.0,200.0,156.005,61.3385,38.1758,24.9754,17.9036,11.6991,6.91927,4.13263,2.66558,1.24043,-1.0,-1.0,-1.0,-1.0,-1.0
35.326,0.0,0.9999999999999998,4.5755525016153065e-40,4,219.77,0.00226667,8.62686,201.601,201.597,198.911,198.911,-0.854114,1702.78,0.0056088,16740.3,0.0,15.8217,34.7364,54.9578,95.6546,173.389,200.0,200.0,200.0,200.0,156.062,61.0619,37.9582,24.8162,17.783,11.6166,6.86878,4.10188,2.64554,1.231,-1.0,-1.0,-1.0,-1.0,-1.0
35.346,0.0,0.9999999999999998,2.9741091260499493e-40,4,220.304,0.00013745,8.65669,202.09,202.088,199.384,199.384,-0.855242,1704.0,0.00556922,16780.1,0.0,15.8307,34.7535,54.9807,95.6805,173.388,200.0,200.0,200.0,200.0,155.956,60.7572,37.7294,24.6518,17.6596,11.5328,6.81774,4.07088,2.62536,1.22153,-1.0,-1.0,-1.0,-1.0,-1.0
35.366,0.0,0.9999999999999998,1.933170931932467e-40,4,220.841,-0.0012315,8.69634,202.581,202.579,199.789,199.789,-0.856379,1705.23,0.00553226,16814.1,0.0,15.8398,34.771,55.0046,95.709,173.394,200.0,200.0,200.0,200.0,155.764,60.4361,37.4931,24.4839,17.5341,11.4478,6.76614,4.03959,2.60502,1.21198,-1.0,-1.0,-1.0,-1.0,-1.0
35.386,0.0,0.9999999999999998,1.2565611057561036e-40,4,221.372,-0.00255659,8.73426,203.071,203.069,200.25,200.25,-0.857517,1706.46,0.00549603,16853.0,0.0,15.8489,34.7886,55.0287,95.738,173.403,200.0,200.0,200.0,200.0,155.549,60.1103,37.255,24.315,17.408,11.3626,6.71444,4.00826,2.58465,1.20242,-1.0,-1.0,-1.0,-1.0,-1.0
35.406,0.0,0.9999999999999998,8.167647187414674e-41,4,221.901,-0.0038622,8.76636,203.557,203.555,200.726,200.726,-0.858655,1707.69,0.0054605,16893.1,0.0,15.858,34.8062,55.0529,95.7677,173.414,200.0,200.0,200.0,200.0,155.312,59.7793,37.0146,24.1451,17.2815,11.2771,6.66264,3.97689,2.56427,1.19286,-1.0,-1.0,-1.0,-1.0,-1.0
35.426,0.0,0.9999999999999998,5.308970671819539e-41,4,222.427,-0.00482565,8.7963,204.043,204.042,201.206,201.206,-0.859793,1708.92,0.00542712,16933.5,0.0,15.8672,34.8241,55.0778,95.7991,173.43,200.0,200.0,200.0,200.0,155.007,59.4378,36.7701,23.9734,17.1539,11.1912,6.6107,3.94546,2.54385,1.18329,-1.0,-1.0,-1.0,-1.0,-1.0
35.446,0.0,0.9999999999999998,3.4508309366827004e-41,4,222.952,-0.00564522,8.8363,204.531,204.528,201.681,201.681,-0.860896,1710.16,0.00539565,16973.4,0.0,15.8761,34.8415,55.102,95.8301,173.448,200.0,200.0,200.0,200.0,154.685,59.1015,36.531,23.8062,17.0299,11.1079,6.56032,3.91499,2.52407,1.17402,-1.0,-1.0,-1.0,-1.0,-1.0
35.466,0.0,0.9999999999999998,2.2430401088437553e-41,4,223.477,-0.00601953,8.86894,205.012,205.01,202.147,202.147,-0.862002,1711.4,0.00536799,17012.6,0.0,15.8851,34.8594,55.1274,95.8645,173.477,200.0,200.0,200.0,200.0,154.245,58.7465,36.2844,23.6355,16.904,11.0236,6.50955,3.88435,2.5042,1.16471,-1.0,-1.0,-1.0,-1.0,-1.0
35.486,0.0,0.9999999999999998,1.457976070748441e-41,4,224.006,-0.00619561,8.9147,205.494,205.492,202.518,202.518,-0.863113,1712.64,0.00534177,17043.6,0.0,15.8942,34.8775,55.1533,95.9003,173.51,200.0,200.0,200.0,200.0,153.756,58.3824,36.0337,23.4628,16.7769,10.9387,6.45847,3.85355,2.48423,1.15537,-1.0,-1.0,-1.0,-1.0,-1.0
35.506,0.12,0.9999999999999998,9.476844459864867e-42,4,224.528,-0.00672788,8.96101,205.976,205.974,202.964,202.964,-0.864217,1713.89,0.00531483,17081.4,0.0,15.9032,34.8954,55.1788,95.9351,173.54,200.0,200.0,200.0,200.0,153.288,58.0225,35.7853,23.2915,16.6507,10.8543,6.40772,3.82293,2.46438,1.14608,-1.0,-1.0,-1.0,-1.0,-1.0
35.526,0.1625,0.9999999999999998,6.159948898912164e-42,4,225.03,0.133237,8.99956,206.576,206.015,203.451,203.451,-0.86502,1715.14,0.00228906,17122.7,0.0,15.8616,34.6012,54.4076,93.5652,165.846,200.0,200.0,200.0,200.0,200.0,73.5222,41.0253,25.345,17.6421,11.2422,6.52389,3.85382,2.47117,1.14273,-1.0,-1.0,-1.0,-1.0,-1.0
35.546,0.04250000000000001,0.9999999999999998,4.0039667842929066e-42,4,225.497,-0.579711,9.03093,207.485,205.762,204.057,204.057,-0.864909,1716.39,-0.0065279,17174.1,0.0,15.722,33.7303,52.2158,87.182,146.714,200.0,200.0,200.0,200.0,200.0,200.0,74.1912,35.0271,21.8496,12.8164,7.02458,4.02213,2.53781,1.15385,-1.0,-1.0,-1.0,-1.0,-1.0
35.566,0.0,0.9999999999999998,2.6025784097903892e-42,4,225.972,-1.95103,9.07481,208.384,206.176,204.627,204.627,-0.863833,1717.64,-0.0163434,17221.2,0.0,15.5629,32.7969,49.9532,80.9929,129.959,186.568,200.0,200.0,200.0,200.0,200.0,200.0,61.305,29.9417,15.287,7.73441,4.25748,2.63488,1.17477,-1.0,-1.0,-1.0,-1.0,-1.0
35.586,0.0,0.9999999999999998,1.691675966363753e-42,4,226.478,-2.58259,9.11274,208.43,207.113,205.003,205.003,-0.862041,1718.9,-0.0216384,17252.4,0.0,15.4689,32.2944,48.7814,77.9552,122.336,171.287,200.0,200.0,200.0,200.0,200.0,200.0,103.056,37.6371,17.189,8.24743,4.43364,2.71365,1.1968,-1.0,-1.0,-1.0,-1.0,-1.0
35.606,0.0,0.9999999999999998,1.0995893781364396e-42,4,227.002,-2.34949,9.16953,208.5,207.992,205.234,205.234,-0.859613,1720.16,-0.0234323,17271.8,0.0,15.4222,32.0962,48.3492,76.9011,119.833,166.495,200.0,200.0,200.0,200.0,200.0,200.0,135.025,41.6999,18.1675,8.54453,4.55466,2.77696,1.22015,-1.0,-1.0,-1.0,-1.0,-1.0
35.626,0.0,0.9999999999999998,7.1473309578868574e-43,4,227.519,-1.83337,9.22645,208.771,208.676,205.605,205.605,-0.856552,1721.42,-0.0236287,17303.4,0.0,15.394,32.0264,48.2297,76.6718,119.385,165.736,200.0,200.0,200.0,200.0,200.0,200.0,142.454,43.0275,18.6425,8.74817,4.65883,2.83926,1.24701,-1.0,-1.0,-1.0,-1.0,-1.0
35.646,0.0,0.9999999999999998,4.645765122626457e-43,4,228.031,-1.31442,9.2735,209.16,209.233,206.038,206.038,-0.853038,1722.69,-0.0232296,17340.0,0.0,15.3707,32.0002,48.2195,76.7352,119.668,166.408,200.0,200.0,200.0,200.0,200.0,200.0,136.9,43.2193,18.9357,8.92643,4.76284,2.90517,1.27702,-1.0,-1.0,-1.0,-1.0,-1.0
35.666,0.0,0.9999999999999998,3.0197473297071976e-43,4,228.539,-0.891944,9.31431,209.61,209.726,206.505,206.505,-0.849171,1723.96,-0.0227058,17379.3,0.0,15.3463,31.9786,48.2255,76.85,120.093,167.37,200.0,200.0,200.0,200.0,200.0,200.0,129.936,43.2464,19.2179,9.1132,4.8746,2.97671,1.3099,-1.0,-1.0,-1.0,-1.0,-1.0
35.686,0.0,0.9999999999999998,1.9628357643096785e-43,4,229.045,-0.583493,9.37063,210.089,210.192,206.965,206.965,-0.845071,1725.23,-0.0222616,17417.9,0.0,15.3187,31.9461,48.2091,76.9137,120.403,168.123,200.0,200.0,200.0,200.0,200.0,200.0,125.468,43.4992,19.5562,9.3195,4.99539,3.05339,1.34489,-1.0,-1.0,-1.0,-1.0,-1.0
35.706,0.0,0.9999999999999998,1.275843246801291e-43,4,229.551,-0.373172,9.41553,210.565,210.643,207.414,207.414,-0.840802,1726.5,-0.021929,17455.8,0.0,15.2882,31.9009,48.1655,76.9116,120.559,168.584,200.0,200.0,200.0,200.0,200.0,200.0,123.386,44.0129,19.9556,9.54462,5.12403,3.13426,1.38147,-1.0,-1.0,-1.0,-1.0,-1.0
35.726,0.0,0.9999999999999998,8.292981104208392e-44,4,230.065,-0.232441,9.48867,211.044,211.1,207.709,207.709,-0.836425,1727.78,-0.0216932,17480.4,0.0,15.2553,31.8454,48.0991,76.8537,120.581,168.789,200.0,200.0,200.0,200.0,200.0,200.0,123.03,44.737,20.4038,9.78409,5.25837,3.21806,1.4191,-1.0,-1.0,-1.0,-1.0,-1.0
35.746,0.0,0.9999999999999998,5.390437717735455e-44,4,230.567,-0.141631,9.55738,211.516,211.555,208.15,208.15,-0.831984,1729.06,-0.0215333,17517.8,0.0,15.2207,31.7822,48.0154,76.7525,120.5,168.794,200.0,200.0,200.0,200.0,200.0,200.0,123.887,45.619,20.8884,10.0338,5.3966,3.30378,1.45738,-1.0,-1.0,-1.0,-1.0,-1.0
35.766,0.0,0.9999999999999998,3.503784516528046e-44,4,231.066,-0.0846239,9.61065,211.981,212.008,208.626,208.626,-0.827492,1730.34,-0.0214279,17558.0,0.0,15.1849,31.7133,47.9191,76.6202,120.343,168.652,200.0,200.0,200.0,200.0,200.0,198.813,125.572,46.6164,21.4001,10.2913,5.5378,3.39099,1.49618,-1.0,-1.0,-1.0,-1.0,-1.0
35.786,0.0,0.9999999999999998,2.27745993574323e-44,4,231.561,-0.0490276,9.66042,212.448,212.465,209.119,209.119,-0.822965,1731.62,-0.021358,17599.4,0.0,15.1483,31.6407,47.8146,76.4673,120.136,168.415,200.0,200.0,200.0,200.0,200.0,197.555,127.785,47.6898,21.9301,10.5541,5.68105,3.47923,1.53533,-1.0,-1.0,-1.0,-1.0,-1.0
35.806,0.0,0.9999999999999998,1.4803489582330996e-44,5,232.057,-0.0272015,9.72426,212.911,212.921,209.584,209.584,-0.818411,1732.91,-0.0213134,17638.4,0.0,15.1111,31.5655,47.7042,76.2999,119.895,168.109,200.0,200.0,200.0,200.0,200.0,196.31,130.372,48.8187,22.4735,10.8208,5.82581,3.56822,1.57475,-1.0,-1.0,-1.0,-1.0,-1.0
35.826,0.0,0.9999999999999998,9.622268228515149e-45,5,232.069,-0.0141518,9.77396,213.227,213.234,204.793,204.797,-0.813838,1734.2,-0.0212858,15808.2,0.0,15.0735,31.4885,47.5899,76.1225,119.629,167.758,200.0,200.0,200.0,200.0,199.631,195.075,133.215,49.9863,23.0264,11.0903,5.97166,3.65777,1.61436,-1.0,-1.0,-1.0,-1.0,-1.0
35.846,0.0,0.9999999999999998,6.254474348534846e-45,5,231.681,-0.00617252,9.85871,212.993,212.998,204.366,204.37,-0.809282,1735.49,-0.0212681,15779.0,0.0,15.0359,31.4109,47.4739,75.9406,119.352,167.382,200.0,200.0,200.0,200.0,198.36,193.848,136.188,51.1692,23.5813,11.3597,6.11724,3.74708,1.65384,-1.0,-1.0,-1.0,-1.0,-1.0
35.866,0.0,0.9999999999999998,4.0654083265476505e-45,5,231.282,-0.00131999,9.90078,212.644,212.648,203.618,203.758,-0.804735,1736.78,-0.0212541,15396.4,0.0,14.9983,31.3332,47.3574,75.7571,119.07,166.997,200.0,200.0,200.0,200.0,197.093,192.624,139.202,52.3562,24.1366,11.6289,6.26262,3.83625,1.69325,-1.0,-1.0,-1.0,-1.0,-1.0
35.886,0.0,0.9999999999999998,2.642515412255973e-45,5,231.362,0.00419944,9.91276,212.432,212.437,208.399,208.399,-0.800184,1738.06,-0.0212314,15758.1,0.0,14.9608,31.2561,47.2426,75.578,118.799,166.634,200.0,200.0,200.0,199.266,195.824,191.396,142.065,53.5223,24.6876,11.8973,6.40781,3.92538,1.73267,-1.0,-1.0,-1.0,-1.0,-1.0
35.906,0.0,0.9999999999999998,1.7176350179663823e-45,5,231.756,0.00573968,9.95442,212.704,212.706,208.832,208.832,-0.795639,1739.35,-0.0212219,15788.7,0.0,14.9232,31.178,47.1252,75.3921,118.512,166.238,200.0,200.0,200.0,197.976,194.558,190.174,145.133,54.7166,25.2442,12.1668,6.55325,4.01455,1.77207,-1.0,-1.0,-1.0,-1.0,-1.0
35.926,0.0,0.9999999999999998,1.1164627616781484e-45,5,232.154,0.00559006,10.0009,213.059,213.06,209.12,209.12,-0.791065,1740.63,-0.0212185,15810.6,0.0,14.8852,31.0989,47.0058,75.2018,118.214,165.823,200.0,200.0,199.53,196.686,193.293,188.954,148.322,55.9327,25.8075,12.4387,6.6998,4.10436,1.81172,-1.0,-1.0,-1.0,-1.0,-1.0
35.946,0.0,0.9999999999999998,7.257007950907965e-46,5,232.558,0.00496642,10.0616,213.42,213.42,209.314,209.314,-0.78648,1741.92,-0.0212178,15824.6,0.0,14.8471,31.0193,46.8857,75.0097,117.913,165.401,200.0,200.0,198.222,195.395,192.028,187.733,151.564,57.1583,26.3733,12.7115,6.84679,4.19441,1.85147,-1.0,-1.0,-1.0,-1.0,-1.0
35.966,0.0,0.9999999999999998,4.7170551680901775e-46,5,232.955,0.00428077,10.1427,213.786,213.786,209.574,209.574,-0.781902,1743.22,-0.0212178,15845.0,0.0,14.8091,30.9398,46.7655,74.8174,117.61,164.977,200.0,199.354,196.912,194.102,190.76,186.509,154.814,58.384,26.9389,12.9841,6.99361,4.28435,1.89117,-1.0,-1.0,-1.0,-1.0,-1.0
35.986,0.0,0.9999999999999998,3.0660858592586153e-46,5,233.346,0.00379576,10.2082,214.144,214.144,209.923,209.923,-0.777314,1744.51,-0.0212178,15871.6,0.0,14.771,30.8601,46.6451,74.6248,117.308,164.552,200.0,198.029,195.6,192.807,189.49,185.283,158.07,59.612,27.5055,13.2572,7.14071,4.37447,1.93095,-1.0,-1.0,-1.0,-1.0,-1.0
36.006,0.0,0.9999999999999998,1.9929558085180998e-46,5,233.733,0.00301066,10.2526,214.5,214.5,210.316,210.316,-0.772726,1745.81,-0.02122,15901.4,0.0,14.7328,30.7803,46.5242,74.431,117.002,164.122,199.637,196.702,194.286,191.51,188.218,184.055,161.368,60.8461,28.0736,13.5307,7.28793,4.46464,1.97075,-1.0,-1.0,-1.0,-1.0,-1.0
36.026,0.0,0.9999999999999998,1.295421275536765e-46,5,234.117,0.00247928,10.286,214.857,214.857,210.735,210.735,-0.768137,1747.11,-0.0212219,15933.1,0.0,14.6946,30.7005,46.4034,74.2374,116.697,163.692,198.296,195.373,192.969,190.211,186.944,182.825,164.663,62.08,28.6414,13.8041,7.43514,4.5548,2.01054,-1.0,-1.0,-1.0,-1.0,-1.0
36.046,0.0,0.9999999999999998,8.420238290988972e-47,5,234.502,0.00236908,10.3038,215.211,215.211,211.126,211.126,-0.763531,1748.41,-0.0212221,15962.5,0.0,14.6563,30.6205,46.2825,74.0439,116.392,163.265,196.951,194.041,191.65,188.909,185.668,181.591,167.939,63.3137,29.2106,14.0784,7.58286,4.64529,2.05048,-1.0,-1.0,-1.0,-1.0,-1.0
36.066,0.0,0.9999999999999998,5.473154889142832e-47,5,234.896,0.00198752,10.3458,215.57,215.57,211.388,211.388,-0.758923,1749.71,-0.0212243,15982.2,0.0,14.618,30.5403,46.1612,73.8493,116.086,162.833,195.605,192.708,190.329,187.605,184.389,180.356,168.832,64.5538,29.781,14.353,7.7307,4.73584,2.09044,-1.0,-1.0,-1.0,-1.0,-1.0
36.086,0.0,0.9999999999999998,3.5575506779428406e-47,5,235.281,0.00171336,10.3831,215.927,215.927,211.748,211.748,-0.754299,1751.02,-0.0212259,16009.6,0.0,14.5796,30.4599,46.0395,73.6543,115.778,162.401,194.256,191.372,189.007,186.3,183.109,179.119,168.3,65.7967,30.3533,14.6286,7.87905,4.8267,2.13054,-1.0,-1.0,-1.0,-1.0,-1.0
36.106,0.0,0.9999999999999998,2.3124079406628467e-47,5,235.665,0.00189522,10.4086,216.28,216.28,212.121,212.121,-0.749674,1752.33,-0.0212259,16037.7,0.0,14.5411,30.3796,45.9181,73.4602,115.473,161.973,192.904,190.033,187.681,184.992,181.826,177.878,167.567,67.0353,30.9247,14.9039,8.02737,4.91756,2.17064,-1.0,-1.0,-1.0,-1.0,-1.0
36.126,0.0,0.9999999999999998,1.5030651614308503e-47,5,236.048,0.00201528,10.4297,216.634,216.633,212.478,212.478,-0.745033,1753.64,-0.0212259,16064.7,0.0,14.5026,30.299,45.7963,73.2653,115.167,161.543,191.55,188.693,186.353,183.681,180.541,176.634,166.738,68.2782,31.4981,15.1803,8.17621,5.00874,2.21089,-1.0,-1.0,-1.0,-1.0,-1.0
36.146,0.0,0.9999999999999998,9.769923549300527e-48,5,236.432,0.00211592,10.4483,216.986,216.986,212.823,212.823,-0.740377,1754.95,-0.0212259,16090.7,0.0,14.4639,30.2181,45.6741,73.0698,114.859,161.112,190.194,187.35,185.023,182.369,179.253,175.389,165.848,69.5248,32.0732,15.4574,8.32549,5.10019,2.25126,-1.0,-1.0,-1.0,-1.0,-1.0
36.166,0.0,0.9999999999999998,6.350450307045343e-48,5,236.816,0.00221375,10.4667,217.338,217.338,213.147,213.147,-0.735733,1756.27,-0.0212259,16115.1,0.0,14.4253,30.1375,45.5522,72.8748,114.553,160.682,188.836,186.004,183.691,181.054,177.964,174.14,164.913,70.7687,32.647,15.734,8.47444,5.19144,2.29153,-1.0,-1.0,-1.0,-1.0,-1.0
36.186,0.0,0.9999999999999998,4.127792699579473e-48,5,237.199,0.00225971,10.4878,217.69,217.69,213.472,213.472,-0.731072,1757.58,-0.0212259,16139.7,0.0,14.3865,30.0566,45.4299,72.6791,114.245,160.267,187.475,184.657,182.356,179.737,176.672,172.89,163.945,72.0167,33.2228,16.0115,8.62389,5.28299,2.33195,-1.0,-1.0,-1.0,-1.0,-1.0
36.206,0.0,0.9999999999999998,2.6830652547266575e-48,5,237.581,0.00231488,10.5071,218.041,218.041,213.807,213.807,-0.726395,1758.9,-0.0212259,16165.1,0.0,14.3477,29.9754,45.3072,72.4828,113.937,188.877,186.112,183.307,181.02,178.419,175.378,171.637,162.951,73.2691,33.8005,16.2899,8.77386,5.37486,2.3725,-1.0,-1.0,-1.0,-1.0,-1.0
36.226,0.0,0.9999999999999998,1.7439924155723275e-48,5,237.961,0.00233619,10.5244,218.391,218.391,214.141,214.141,-0.721717,1760.22,-0.0212259,16190.3,0.0,14.3088,29.8941,45.1844,72.2864,113.628,187.501,184.746,181.955,179.681,177.097,174.082,170.381,161.935,74.5219,34.3785,16.5684,8.92388,5.46676,2.41307,-1.0,-1.0,-1.0,-1.0,-1.0
36.246,0.0,0.9999999999999998,1.133595070122013e-48,5,238.341,0.00203518,10.5307,218.738,218.738,214.478,214.478,-0.71703,1761.54,-0.0212276,16215.8,0.0,14.2698,29.8126,45.0611,72.0887,113.317,186.123,183.379,180.602,178.341,175.775,172.785,169.125,160.902,75.7829,34.9587,16.8478,9.07427,5.55887,2.45372,-1.0,-1.0,-1.0,-1.0,-1.0
36.266,0.0,0.9999999999999998,7.368367955793085e-49,5,238.719,0.00184797,10.5348,219.086,219.086,214.815,214.815,-0.712351,1762.87,-0.0212288,16241.3,0.0,14.2309,29.7313,44.938,71.8917,113.006,184.743,182.009,179.245,176.998,174.45,171.485,167.865,159.851,77.0401,35.5377,17.1266,9.22439,5.65082,2.4943,10.2903,10.2818,10.2764,10.2742,10.2751
36.286,0.0,0.9999999999999998,4.789439171265506e-49,5,239.094,0.00199059,10.5234,219.432,219.432,215.202,215.202,-0.70766,1764.2,-0.0212288,16270.5,0.0,14.1919,29.6498,44.815,71.6948,112.697,183.359,180.637,177.887,175.653,173.123,170.183,166.602,158.785,78.2963,36.1172,17.4059,9.3748,5.74296,2.53497,-1.0,-1.0,-1.0,-1.0,-1.0
36.306,0.0,0.9999999999999998,3.113135461322579e-49,4,239.472,0.00211343,10.5187,219.779,219.779,215.52,215.52,-0.702953,1765.53,-0.0212288,16294.5,0.0,14.1528,29.5681,44.6914,71.4971,112.386,181.974,179.262,176.526,174.305,171.793,168.879,165.337,157.707,79.5569,36.6987,17.6861,9.52574,5.83543,2.57578,-1.0,-1.0,-1.0,-1.0,-1.0
36.326,0.0,0.9999999999999998,2.0235380498596766e-49,4,239.409,0.00219294,10.5193,220.005,220.004,211.213,211.212,-0.698243,1766.86,-0.0212288,18119.4,0.0,14.1137,29.4863,44.5678,71.2994,112.075,180.587,177.886,175.164,172.957,170.463,167.573,164.071,156.617,80.8185,37.2807,17.9666,9.6768,5.92797,2.61663,-1.0,-1.0,-1.0,-1.0,-1.0
36.346,0.0,0.9999999999999998,1.3152997324087899e-49,4,238.994,0.00198617,10.4885,219.734,219.734,210.817,210.816,-0.693541,1768.18,-0.0212302,18076.8,0.0,14.0746,29.4046,44.4441,71.1013,111.763,179.201,176.512,173.804,171.61,169.134,166.27,162.807,155.522,82.0831,37.8626,18.2468,9.82764,6.02035,2.6574,-1.0,-1.0,-1.0,-1.0,-1.0
36.366,0.0,0.9999999999999998,8.549448260657135e-50,4,238.562,0.00152818,10.4441,219.36,219.359,209.978,209.738,-0.68885,1769.51,-0.021235,17655.9,0.0,14.0355,29.3228,44.3202,70.902,111.448,177.819,175.141,172.447,170.267,167.809,164.97,161.546,154.424,83.3571,38.4459,18.5269,9.97832,6.11259,2.69809,-1.0,-1.0,-1.0,-1.0,-1.0
36.386,0.0,0.9999999999999998,5.557141369427137e-50,4,238.692,-0.00459844,10.3843,219.143,219.137,215.711,215.711,-0.684154,1770.83,-0.0212653,18156.2,0.0,13.9961,29.2388,44.1912,70.69,111.101,176.442,173.776,171.098,168.932,166.493,163.68,160.297,153.34,84.7297,39.0505,18.8122,10.1305,6.20544,2.7389,-1.0,-1.0,-1.0,-1.0,-1.0
36.406,0.0,0.9999999999999998,3.6121418901276393e-50,4,239.175,-0.00583321,10.3371,219.47,219.467,216.12,216.12,-0.67945,1772.16,-0.0212784,18187.5,0.0,13.9568,29.1561,44.0653,70.4862,110.775,175.06,172.405,169.741,167.59,165.169,162.382,159.038,152.232,86.0423,39.6429,19.0949,10.2821,6.29813,2.77973,-1.0,-1.0,-1.0,-1.0,-1.0
36.426,0.0,0.9999999999999998,2.3478922285829655e-50,4,239.659,-0.00482286,10.3179,219.902,219.901,216.383,216.383,-0.674738,1773.49,-0.0212829,18209.8,0.0,13.9176,29.0739,43.9408,70.2862,110.458,173.673,171.03,168.38,166.243,163.84,161.078,157.772,151.109,87.3248,40.2293,19.3764,10.4335,6.3908,2.82061,-1.0,-1.0,-1.0,-1.0,-1.0
36.446,0.0,0.9999999999999998,1.5261299485789276e-50,4,240.141,-0.00327614,10.3141,220.338,220.338,216.662,216.662,-0.670018,1774.82,-0.0212839,18233.4,0.0,13.8784,28.9919,43.8168,70.0877,110.146,172.282,169.651,167.016,164.892,162.508,159.77,156.502,149.975,88.5954,40.8139,19.6577,10.585,6.48354,2.86154,-1.0,-1.0,-1.0,-1.0,-1.0
36.466,0.0,0.9999999999999998,9.919844665763029e-51,4,240.619,-0.00190262,10.2976,220.768,220.768,216.988,216.988,-0.665287,1776.16,-0.0212839,18261.0,0.0,13.839,28.9098,43.6927,69.8891,109.834,170.888,168.268,165.648,163.539,161.172,158.459,155.228,148.834,89.8657,41.3991,19.9396,10.7367,6.5765,2.90256,-1.0,-1.0,-1.0,-1.0,-1.0
36.486,0.0,0.9999999999999998,6.447899032745969e-51,4,241.092,-0.000885779,10.2868,221.203,221.203,217.368,217.368,-0.660546,1777.5,-0.0212839,18293.7,0.0,13.7996,28.8275,43.5683,69.6901,109.521,169.491,166.883,164.278,162.182,159.834,157.145,153.952,147.685,91.1387,41.9855,20.222,10.8888,6.66966,2.94368,-1.0,-1.0,-1.0,-1.0,-1.0
36.506,0.0,0.9999999999999998,4.19113437128488e-51,4,241.547,2.44876e-05,10.2137,221.628,221.628,218.009,218.009,-0.655797,1778.84,-0.0212831,18347.2,0.0,13.7602,28.7451,43.4438,69.4912,109.209,168.091,165.495,162.904,160.823,158.493,155.829,152.672,146.529,92.411,42.5722,20.5048,11.0411,6.76296,2.98486,-1.0,-1.0,-1.0,-1.0,-1.0
36.526,0.0,0.9999999999999998,2.7242373413351716e-51,4,242.018,0.000600246,10.1682,222.061,222.061,218.388,218.388,-0.651033,1780.18,-0.0212831,18378.9,0.0,13.7206,28.6624,43.3188,69.2912,108.895,166.688,164.104,161.529,159.461,157.149,154.511,151.39,145.367,93.69,43.1614,20.7886,11.1939,6.85656,3.02617,-1.0,-1.0,-1.0,-1.0,-1.0
36.546,0.0,0.9999999999999998,1.7707542718678616e-51,4,242.487,0.00103578,10.1495,222.498,222.498,218.762,218.762,-0.646261,1781.53,-0.0212831,18410.4,0.0,13.6809,28.5796,43.1936,69.091,108.58,165.282,162.711,160.15,158.097,155.803,153.189,150.106,144.199,94.971,43.7515,21.0728,11.347,6.95031,3.06755,-1.0,-1.0,-1.0,-1.0,-1.0
36.566,0.0,0.9999999999999998,1.15099027671411e-51,4,242.956,0.00138935,10.0983,222.919,222.919,219.142,219.142,-0.641475,1782.88,-0.0212831,18442.4,0.0,13.6412,28.4965,43.0681,68.8901,108.264,163.873,161.314,158.769,156.73,154.455,151.866,148.819,143.025,96.256,44.3435,21.358,11.5005,7.04434,3.10905,-1.0,-1.0,-1.0,-1.0,-1.0
36.586,0.0,0.9999999999999998,7.481436798641716e-52,4,243.423,0.00126932,10.0514,223.348,223.348,219.527,219.527,-0.636676,1784.23,-0.0212851,18474.8,0.0,13.6013,28.413,42.9418,68.6878,107.946,162.462,159.915,157.385,155.361,153.104,150.54,147.529,141.847,97.5527,44.9388,21.6442,11.6546,7.13867,3.15067,-1.0,-1.0,-1.0,-1.0,-1.0
36.606,0.0,0.9999999999999998,4.8629339191171156e-52,4,243.864,0.00143682,9.95195,223.771,223.771,220.26,220.26,-0.631868,1785.58,-0.0212851,18537.0,0.0,13.5613,28.3295,42.8156,68.486,107.628,161.047,158.513,155.999,153.989,151.751,149.211,146.236,140.662,98.8438,45.5336,21.9307,11.8088,7.23316,3.19237,-1.0,-1.0,-1.0,-1.0,-1.0
36.626,0.0,0.9999999999999998,3.160907047426125e-52,4,244.334,0.00167812,9.86969,224.194,224.194,220.57,220.57,-0.627059,1786.94,-0.0212851,18562.0,0.0,13.5213,28.246,42.6895,68.2842,107.311,159.63,157.109,154.609,152.614,150.394,147.88,144.941,139.472,100.135,46.1285,22.2172,11.9631,7.32765,3.23408,-1.0,-1.0,-1.0,-1.0,-1.0
36.646,0.0,0.9999999999999998,2.054589580826981e-52,4,244.802,0.00136211,9.83293,224.628,224.628,220.862,220.862,-0.622242,1788.29,-0.0212874,18586.9,0.0,13.4813,28.1622,42.5626,68.0809,106.991,158.209,155.701,153.218,151.237,149.036,146.546,143.643,138.277,101.439,46.7266,22.5047,12.1177,7.42235,3.27586,-1.0,-1.0,-1.0,-1.0,-1.0
36.666,-0.12,0.9999999999999998,1.3354832275375377e-52,4,245.268,0.00107057,9.7902,225.047,225.047,221.177,221.177,-0.617417,1789.66,-0.0212898,18613.4,0.0,13.4411,28.0783,42.4356,67.8773,106.67,156.786,154.291,151.823,149.857,147.675,145.21,142.343,137.077,102.745,47.3256,22.7926,12.2727,7.5172,3.3177,-1.0,-1.0,-1.0,-1.0,-1.0
36.686,-0.1625,0.9999999999999998,8.680640978993996e-53,4,245.715,-0.100148,9.73264,225.034,225.58,221.526,221.526,-0.612904,1791.02,-0.0182123,18643.0,0.0,13.4434,28.236,42.8792,69.1617,110.081,154.836,152.285,149.756,147.735,145.483,142.921,139.903,134.107,91.3744,45.0304,22.3812,12.22,7.53361,3.34611,-1.0,-1.0,-1.0,-1.0,-1.0
36.706,-0.1625,0.9999999999999998,5.642416636346098e-53,4,246.101,0.764014,9.64452,224.711,226.427,222.294,222.294,-0.609331,1792.39,-0.00920606,18711.3,0.0,13.5316,28.8878,44.5166,73.709,122.325,151.8,149.041,146.276,144.034,141.486,138.487,134.692,114.548,68.0996,38.6993,20.7938,11.785,7.39788,3.34588,-1.0,-1.0,-1.0,-1.0,-1.0
36.726,-0.04250000000000001,0.9999999999999998,3.6675708136249637e-53,4,246.473,2.27801,9.51479,224.54,227.222,222.985,222.985,-0.607028,1793.75,0.00353289,18766.2,0.0,13.6845,29.9237,47.1604,81.4634,152.696,147.873,144.744,141.528,138.824,135.567,131.191,112.36,71.0245,50.0084,32.1755,18.8062,11.1552,7.16869,3.32276,-1.0,-1.0,-1.0,-1.0,-1.0
36.746,0.0,0.9999999999999998,2.3839210288562266e-53,4,246.871,3.90935,9.44682,225.113,227.833,223.33,223.33,-0.606135,1795.12,0.0152841,18794.1,0.0,13.8417,30.9786,49.9477,90.3291,149.218,143.848,140.262,136.409,132.912,127.837,98.4319,72.1993,52.586,40.1335,27.804,17.2465,10.605,6.95095,3.29212,-1.0,-1.0,-1.0,-1.0,-1.0
36.766,0.0,0.9999999999999998,1.5495486687565473e-53,4,247.314,4.38267,9.40055,226.148,227.697,223.467,223.467,-0.606399,1796.5,0.0212779,18805.1,0.0,13.9303,31.5623,51.5275,95.6911,146.647,140.959,137.078,132.745,128.448,110.997,78.7201,60.9894,46.3728,36.4076,25.9616,16.5194,10.3273,6.83311,3.27096,-1.0,-1.0,-1.0,-1.0,-1.0
36.786,0.0,0.9999999999999998,1.0072066346917558e-53,4,247.78,3.74788,9.31386,227.063,227.597,223.586,223.586,-0.607687,1797.87,0.0227757,18815.5,0.0,13.9633,31.7358,51.9777,97.206,144.892,139.138,135.191,130.735,126.167,103.36,74.7332,58.5278,44.9023,35.4713,25.4593,16.2964,10.2283,6.78319,3.25559,-1.0,-1.0,-1.0,-1.0,-1.0
36.806,0.0,0.9999999999999998,6.546843125496413e-54,4,248.241,2.75879,9.23245,227.783,227.744,223.858,223.858,-0.609914,1799.25,0.0221691,18843.3,0.0,13.9738,31.7195,51.8831,96.7522,143.527,137.836,133.95,129.592,125.213,105.584,75.7675,59.0861,45.1694,35.5946,25.4812,16.2715,10.1964,6.75576,3.23899,-1.0,-1.0,-1.0,-1.0,-1.0
36.826,0.0,0.9999999999999998,4.2554480315726684e-54,4,248.67,1.90111,9.04195,228.284,228.066,224.618,224.618,-0.612801,1800.63,0.0210986,18902.4,0.0,13.9832,31.6703,51.6842,95.9026,142.241,136.637,132.833,128.613,124.482,110.12,77.9052,60.2764,45.7796,35.9146,25.5896,16.2709,10.1671,6.72526,3.21831,-1.0,-1.0,-1.0,-1.0,-1.0
36.846,0.0,0.9999999999999998,2.7660412205222345e-54,4,249.134,1.24566,8.93495,228.711,228.495,224.779,224.779,-0.616155,1802.01,0.0201483,18916.0,0.0,13.9984,31.6425,51.5348,95.2099,140.922,135.394,131.662,127.555,123.615,114.314,79.7712,61.2638,46.248,36.1332,25.6352,16.2369,10.12,6.68425,3.19334,-1.0,-1.0,-1.0,-1.0,-1.0
36.866,0.0,0.9999999999999998,1.7979267933394526e-54,4,249.587,0.78122,8.88466,229.117,228.943,225.017,225.017,-0.619825,1803.4,0.0194092,18936.2,0.0,14.0194,31.6417,51.4533,94.7422,139.556,134.089,130.414,126.396,122.592,115.609,81.0833,61.8939,46.495,36.2067,25.5998,16.1651,10.055,6.6337,3.16506,-1.0,-1.0,-1.0,-1.0,-1.0
36.886,0.0,0.9999999999999998,1.1686524156706442e-54,4,250.038,0.471415,8.80659,229.501,229.365,225.284,225.284,-0.623689,1804.79,0.0188508,18958.8,0.0,14.0447,31.6624,51.4268,94.4568,138.15,132.733,129.104,125.154,121.452,115.133,81.884,62.2067,46.5517,36.1586,25.4988,16.0637,9.97676,6.57631,3.13458,-1.0,-1.0,-1.0,-1.0,-1.0
36.906,0.0,0.9999999999999998,7.596240701859188e-55,4,250.482,0.267002,8.76378,229.897,229.795,225.58,225.58,-0.627705,1806.18,0.0184431,18983.8,0.0,14.0735,31.7008,51.4453,94.3196,136.711,131.335,127.742,123.847,120.22,114.27,82.2255,62.2416,46.4448,36.0073,25.3429,15.938,9.88763,6.51339,3.10234,-1.0,-1.0,-1.0,-1.0,-1.0
36.926,0.0,0.9999999999999998,4.937556456208473e-55,4,250.895,0.142832,8.65242,230.278,230.208,226.253,226.253,-0.631776,1807.57,0.0181723,19040.6,0.0,14.1047,31.7535,51.5018,94.3101,135.243,129.9,126.337,122.484,118.913,113.188,82.1448,62.0289,46.1968,35.7695,25.1428,15.794,9.79095,6.44696,3.06922,-1.0,-1.0,-1.0,-1.0,-1.0
36.946,0.0,0.9999999999999998,3.2094116965355076e-55,4,251.334,0.0713597,8.58593,230.665,230.622,226.504,226.504,-0.635889,1808.96,0.0180087,19061.5,0.0,14.1379,31.8175,51.588,94.3999,133.751,128.436,124.897,121.078,117.549,111.968,81.7241,61.6189,45.8374,35.4637,24.9081,15.6357,9.68844,6.37781,3.03542,-1.0,-1.0,-1.0,-1.0,-1.0
36.966,0.0,0.9999999999999998,2.08611760274808e-55,4,251.766,0.033227,8.55946,231.059,231.035,226.785,226.785,-0.64003,1810.36,0.0179181,19085.1,0.0,14.1723,31.8891,51.6944,94.5569,132.242,126.95,123.433,119.641,116.146,110.663,81.0696,61.074,45.4023,35.1119,24.6502,15.4678,9.58201,6.30684,3.00116,-1.0,-1.0,-1.0,-1.0,-1.0
36.986,0.0,0.9999999999999998,1.355976441786252e-55,4,252.196,0.014633,8.54098,231.446,231.431,227.069,227.069,-0.644184,1811.76,0.0178728,19109.1,0.0,14.2075,31.9654,51.8133,94.7554,130.721,125.451,121.953,118.186,114.719,109.308,80.2704,60.4466,44.9211,34.7322,24.3783,15.2942,9.47328,6.23484,2.96665,-1.0,-1.0,-1.0,-1.0,-1.0
37.006,0.0,0.9999999999999998,8.813846871610638e-56,4,252.621,0.00671451,8.53509,231.836,231.826,227.369,227.369,-0.64835,1813.16,0.0178549,19134.4,0.0,14.2433,32.0446,51.9398,94.9793,129.191,123.942,120.462,116.717,113.275,107.923,79.384,59.769,44.4118,34.3355,24.0978,15.1171,9.36309,6.16214,2.93197,-1.0,-1.0,-1.0,-1.0,-1.0
37.026,0.0,0.9999999999999998,5.729000466546915e-56,4,253.031,0.00498018,8.52357,232.222,232.216,227.816,227.816,-0.652524,1814.57,0.0178537,19172.5,0.0,14.2793,32.1257,52.071,95.2187,127.655,122.426,118.963,115.24,111.822,106.52,78.4452,59.0617,43.8858,33.9287,23.8121,14.9378,9.252,6.08902,2.89717,-1.0,-1.0,-1.0,-1.0,-1.0
37.046,0.0,0.9999999999999998,3.7238503032554947e-56,4,253.446,0.00451243,8.50794,232.601,232.597,228.151,228.151,-0.656703,1815.98,0.0178545,19200.2,0.0,14.3155,32.207,52.2029,95.4602,126.114,120.906,117.46,113.76,110.365,105.112,77.4994,58.35,43.3573,33.5202,23.5254,14.758,9.14069,6.01576,2.86232,-1.0,-1.0,-1.0,-1.0,-1.0
37.066,0.0,0.9999999999999998,2.420502697116072e-56,4,253.858,0.00518221,8.50741,232.982,232.979,228.47,228.47,-0.660896,1817.38,0.0178595,19227.1,0.0,14.3518,32.289,52.3363,95.7063,124.569,119.382,115.953,112.275,108.903,103.698,76.5386,57.6293,42.8232,33.1081,23.2368,14.5772,9.02885,5.94221,2.82735,-1.0,-1.0,-1.0,-1.0,-1.0
37.086,0.0,0.9999999999999998,1.573326753125447e-56,4,254.268,0.00675289,8.51032,233.357,233.355,228.785,228.785,-0.665088,1818.8,0.0178685,19253.6,0.0,14.3881,32.3714,52.4709,95.9562,123.02,117.853,114.442,110.786,107.437,102.279,75.5669,56.9022,42.2858,32.694,22.9472,14.3961,8.9169,5.86862,2.79238,-1.0,-1.0,-1.0,-1.0,-1.0
37.106,0.0,0.9999999999999998,1.0226623895315406e-56,4,254.673,0.00904829,8.50008,233.729,233.726,229.105,229.105,-0.669291,1820.21,0.0178816,19280.5,0.0,14.4246,32.4544,52.6069,96.2105,121.466,116.32,112.927,109.292,105.966,100.854,74.5816,56.1672,41.7436,32.2768,22.6558,14.2141,8.80448,5.79475,2.75729,-1.0,-1.0,-1.0,-1.0,-1.0
37.126,0.0,0.9999999999999998,6.647305531955013e-57,4,255.07,0.0120637,8.48534,234.1,234.098,229.49,229.49,-0.673502,1821.63,0.017899,19314.8,0.0,14.4613,32.538,52.7443,96.4872,119.907,114.783,111.407,107.794,104.491,99.4235,73.5839,55.4248,41.1971,31.8569,22.3629,14.0314,8.69173,5.7207,2.72214,-1.0,-1.0,-1.0,-1.0,-1.0
37.146,0.0,0.9999999999999998,4.320748595770759e-57,4,255.464,0.0141563,8.44366,234.462,234.459,229.89,229.89,-0.677718,1823.04,0.0179117,19346.5,0.0,14.4979,32.6213,52.8806,125.975,118.346,113.243,109.886,106.296,103.016,97.9952,72.5991,54.6896,40.6543,31.4391,22.071,13.849,8.57903,5.64663,2.68696,-1.0,-1.0,-1.0,-1.0,-1.0
37.166,0.0,0.9999999999999998,2.8084865872509937e-57,4,255.861,0.0157323,8.42622,234.828,234.826,230.18,230.18,-0.681954,1824.46,0.0179236,19370.9,0.0,14.5347,32.7048,53.0174,124.394,116.781,111.7,108.362,104.794,101.538,96.5648,71.613,53.9525,40.1098,31.0198,21.7779,13.6658,8.46582,5.57222,2.65161,-1.0,-1.0,-1.0,-1.0,-1.0
37.186,0.0,0.9999999999999998,1.825516281713146e-57,4,256.254,0.0177525,8.42433,235.192,235.19,230.48,230.48,-0.686203,1825.89,0.0179379,19396.2,0.0,14.5716,32.7889,53.1553,122.807,115.211,110.154,106.833,103.289,100.057,95.1301,70.6181,53.2103,39.562,30.5983,21.4835,13.4818,8.3522,5.49756,2.61615,-1.0,-1.0,-1.0,-1.0,-1.0
37.206,0.0,0.9999999999999998,1.1865855831135448e-57,4,256.644,0.0199267,8.40848,235.548,235.545,230.78,230.78,-0.690451,1827.31,0.0179534,19421.4,0.0,14.6086,32.8731,53.2935,121.217,113.638,108.603,105.302,101.78,98.5726,93.6931,69.6217,52.467,39.0138,30.1765,21.1889,13.2979,8.23859,5.42291,2.58069,-1.0,-1.0,-1.0,-1.0,-1.0
37.226,0.0,0.9999999999999998,7.712806290238041e-58,4,257.03,0.0224638,8.40357,235.905,235.902,231.085,231.085,-0.69471,1828.74,0.0179715,19447.1,0.0,14.6457,32.9578,53.4327,119.621,112.06,107.049,103.766,100.268,97.0846,92.2519,68.6173,51.7185,38.4624,29.7525,20.8931,13.1132,8.12459,5.34803,2.54514,-1.0,-1.0,-1.0,-1.0,-1.0
37.246,0.0,0.9999999999999998,5.013324088654727e-58,4,257.405,0.0250041,8.36894,236.255,236.252,231.513,231.513,-0.69897,1830.17,0.0179877,19483.1,0.0,14.6827,33.0422,53.5715,118.021,110.479,105.491,102.228,98.7539,95.5952,90.8107,67.6188,50.9738,37.9129,29.3297,20.5978,12.9288,8.01068,5.27318,2.50959,-1.0,-1.0,-1.0,-1.0,-1.0
37.266,0.0,0.9999999999999998,3.2586606576255726e-58,4,257.786,0.0268263,8.35413,236.606,236.603,231.796,231.796,-0.703241,1831.6,0.018002,19506.8,0.0,14.7198,33.1268,53.7102,116.416,108.894,103.931,100.688,97.2374,94.1039,89.3691,66.6237,50.2301,37.3637,28.9068,20.3022,12.744,7.89652,5.19815,2.47395,10.2209,10.2194,10.2211,10.2259,10.2338
37.286,0.0,0.9999999999999998,2.118129427456622e-58,4,258.162,0.0286599,8.3552,236.954,236.952,232.085,232.085,-0.707519,1833.03,0.0180163,19531.2,0.0,14.757,33.2114,53.849,114.807,107.305,102.367,99.144,95.7182,92.6103,87.9257,65.6282,49.4861,36.8141,28.4836,20.0063,12.5591,7.78222,5.12302,2.43826,-1.0,-1.0,-1.0,-1.0,-1.0
37.306,0.0,0.9999999999999998,1.3767841278468045e-58,4,258.537,0.0310747,8.34934,237.297,237.294,232.373,232.373,-0.711801,1834.47,0.018033,19555.4,0.0,14.7943,33.2964,53.9887,113.193,105.712,100.799,97.5965,94.1956,91.1133,86.4789,64.627,48.7386,36.2624,28.0589,19.7097,12.3737,7.66772,5.04778,2.40252,-1.0,-1.0,-1.0,-1.0,-1.0
37.326,0.0,0.9999999999999998,8.949096831004229e-59,4,258.908,0.0334218,8.34758,237.639,237.636,232.666,232.666,-0.716088,1835.9,0.0180497,19580.1,0.0,14.8316,33.3815,54.1286,111.574,104.115,99.2282,96.046,92.6701,89.614,85.0304,63.6261,47.9911,35.7105,27.6341,19.4128,12.1882,7.55312,4.97247,2.36674,-1.0,-1.0,-1.0,-1.0,-1.0
37.346,0.0,0.9999999999999998,5.816912940152749e-59,4,259.158,0.0353331,8.3259,237.934,237.931,232.151,232.151,-0.720395,1837.34,0.0180631,19531.9,0.0,14.869,33.4667,54.2682,109.951,102.515,97.6543,94.4932,91.143,88.1135,83.5823,62.6296,47.2453,35.159,27.209,19.1154,12.0022,7.4381,4.89685,2.33081,-1.0,-1.0,-1.0,-1.0,-1.0
37.366,0.0,0.9999999999999998,3.780993411099287e-59,4,259.366,0.0358694,8.30954,238.152,238.15,232.237,232.237,-0.724706,1838.78,0.0180695,19539.8,0.0,14.9064,33.5512,54.406,108.324,100.913,96.0793,92.9398,89.616,86.6142,82.1384,61.6492,46.5085,34.6123,26.7867,18.8193,11.8166,7.32323,4.82128,2.29486,-1.0,-1.0,-1.0,-1.0,-1.0
37.386,0.0,0.9999999999999998,2.4576457172145366e-59,4,259.532,0.0361014,8.30906,238.318,238.316,231.949,231.935,-0.729011,1840.22,0.0180731,19439.2,0.0,14.9437,33.6354,54.5428,106.694,99.3086,94.5026,91.3852,88.0884,85.1148,80.6963,60.6769,45.7765,34.0684,26.3662,18.5242,11.6315,7.20859,4.74583,2.25896,-1.0,-1.0,-1.0,-1.0,-1.0
37.406,0.0,0.9999999999999998,1.5974697161894488e-59,5,259.69,0.0366688,8.30512,238.468,238.465,232.487,232.487,-0.73332,1841.66,0.0180755,19561.0,0.0,14.9809,33.7194,54.6794,105.061,97.7014,92.9238,89.8289,86.5594,83.6146,79.2543,59.7071,45.0457,33.5251,25.9461,18.2292,11.4464,7.09391,4.67035,2.22304,-1.0,-1.0,-1.0,-1.0,-1.0
37.426,0.0,0.9999999999999998,1.0383553155231417e-59,5,259.52,0.0359721,8.29669,238.525,238.524,228.983,228.967,-0.737612,1843.11,0.0180686,17564.7,0.0,15.0179,33.8022,54.8128,103.426,96.0939,91.3455,88.2738,85.0327,82.1178,77.8195,58.7611,44.3293,32.9902,25.5313,17.9372,11.2627,6.97993,4.59525,2.18727,-1.0,-1.0,-1.0,-1.0,-1.0
37.446,0.0,0.9999999999999998,6.749309550900421e-60,5,259.053,0.0315513,8.26389,238.178,238.179,228.531,228.521,-0.741915,1844.55,0.0180416,17525.2,0.0,15.0547,33.8831,54.9409,101.793,94.4898,89.7719,86.7244,83.513,80.6299,76.3995,57.8556,43.6354,32.4675,25.1235,17.6485,11.0801,6.86626,4.52023,2.15146,-1.0,-1.0,-1.0,-1.0,-1.0
37.466,0.0,0.9999999999999998,4.387051208085274e-60,5,258.569,0.0281736,8.22268,237.75,237.751,227.74,227.545,-0.746212,1845.98,0.0180092,17206.6,0.0,15.0913,33.9633,55.0672,100.16,92.8875,88.2007,85.1778,81.9967,79.1461,74.985,56.9615,42.9482,31.9487,24.7183,17.3611,10.8982,6.75291,4.44538,2.11571,-1.0,-1.0,-1.0,-1.0,-1.0
37.486,0.0,0.9999999999999998,2.8515832852554286e-60,5,258.595,0.023402,8.20509,237.475,237.469,232.296,232.296,-0.750489,1847.42,0.0179667,17563.6,0.0,15.1276,34.042,55.19,98.5282,91.2866,86.6318,83.6342,80.4843,77.6673,73.5784,56.0903,42.2749,31.4382,24.3184,17.0767,10.7177,6.64031,4.37096,2.08013,-1.0,-1.0,-1.0,-1.0,-1.0
37.506,0.0,0.9999999999999998,1.8535291354160285e-60,5,258.926,0.0300522,8.20181,237.693,237.687,232.586,232.586,-0.754763,1848.86,0.0179665,17584.2,0.0,15.1645,34.1251,55.3247,96.8861,89.6752,85.0515,82.078,78.9574,76.171,72.1425,55.13,41.5511,30.8998,23.9019,16.7842,10.5341,6.52656,4.29609,2.0445,-1.0,-1.0,-1.0,-1.0,-1.0
37.526,0.0,0.9999999999999998,1.2047939380204186e-60,5,259.258,0.0394592,8.20044,237.986,237.983,232.788,232.788,-0.759041,1850.3,0.0179815,17599.6,0.0,15.2018,34.2099,55.4639,95.2371,88.0572,83.4645,80.5152,77.4235,74.6669,70.6954,54.1379,40.8089,30.3513,23.4793,16.4886,10.3493,6.4123,4.22098,2.00881,-1.0,-1.0,-1.0,-1.0,-1.0
37.546,0.0,0.9999999999999998,7.831160597132721e-61,5,259.584,0.0477282,8.20249,238.286,238.283,233.047,233.047,-0.763318,1851.74,0.0179982,17619.7,0.0,15.239,34.2948,55.6035,93.5825,86.4347,81.8737,78.9489,75.8865,73.1602,69.246,53.1439,40.0657,29.8021,23.0563,16.1929,10.1644,6.29803,4.14587,1.97312,-1.0,-1.0,-1.0,-1.0,-1.0
37.566,0.0,0.9999999999999998,5.090254388136269e-61,5,259.909,0.0541615,8.1921,238.583,238.579,233.331,233.331,-0.767606,1853.18,0.0180116,17640.8,0.0,15.2762,34.3796,55.7426,91.923,84.8084,80.2799,77.38,74.3477,71.6522,67.797,52.1549,39.325,29.2539,22.6337,15.8971,9.97928,6.18357,4.0706,1.93735,-1.0,-1.0,-1.0,-1.0,-1.0
37.586,0.0,0.9999999999999998,3.308665352288575e-61,5,260.234,0.0589443,8.18879,238.881,238.877,233.596,233.596,-0.771892,1854.63,0.0180213,17660.9,0.0,15.3134,34.464,55.8806,90.2583,83.1784,78.6831,75.8088,72.8072,70.1435,66.349,51.1743,38.5891,28.7085,22.2127,15.6022,9.79455,6.06926,3.99542,1.9016,-1.0,-1.0,-1.0,-1.0,-1.0
37.606,0.0,0.9999999999999998,2.1506324789875737e-61,5,260.557,0.0625884,8.1914,239.18,239.175,233.87,233.87,-0.776176,1856.07,0.0180283,17681.6,0.0,15.3506,34.5481,56.0177,88.5886,81.5444,77.0833,74.2352,71.2649,68.6337,64.9016,50.2004,37.8571,28.1653,21.7931,15.308,9.61015,5.95511,3.92032,1.86588,-1.0,-1.0,-1.0,-1.0,-1.0
37.626,0.0,0.9999999999999998,1.397911111341923e-61,5,260.879,0.0656365,8.18564,239.475,239.47,234.151,234.151,-0.78047,1857.52,0.0180328,17702.9,0.0,15.3878,34.6321,56.1544,86.9133,79.9062,75.4799,72.6585,69.7203,67.1222,63.4536,49.2288,37.126,27.6223,21.3734,15.0135,9.42545,5.84074,3.84505,1.83007,-1.0,-1.0,-1.0,-1.0,-1.0
37.646,0.0,0.9999999999999998,9.0864222237225e-62,5,261.198,0.0681891,8.18214,239.772,239.766,234.45,234.45,-0.78477,1858.97,0.0180352,17726.3,0.0,15.425,34.716,56.2907,85.2326,78.2637,73.8731,71.079,68.1734,65.6092,62.005,48.2602,36.3963,27.0799,20.954,14.719,9.24067,5.72627,3.76971,1.79422,-1.0,-1.0,-1.0,-1.0,-1.0
37.666,0.0,0.9999999999999998,5.906174445419626e-62,5,261.513,0.0711047,8.15695,240.063,240.057,234.803,234.803,-0.789075,1860.42,0.0180376,17752.1,0.0,15.4622,34.8,56.4272,83.5459,76.6165,72.2624,69.496,66.6237,64.0938,60.555,47.2909,35.666,26.537,20.5341,14.4242,9.0557,5.61169,3.69429,1.75833,-1.0,-1.0,-1.0,-1.0,-1.0
37.686,0.12,0.9999999999999998,3.839013389522757e-62,5,261.834,0.0740587,8.152,240.358,240.352,235.053,235.053,-0.79337,1861.88,0.0180404,17771.0,0.0,15.4994,34.8838,56.5654,81.8532,74.9646,70.6478,67.9098,65.0713,62.5764,59.1036,46.3229,34.9369,25.995,20.115,14.13,8.87112,5.49735,3.61903,1.72252,-1.0,-1.0,-1.0,-1.0,-1.0
37.706,0.1625,0.9999999999999998,2.495358703189792e-62,5,262.132,0.154727,8.15557,240.849,240.142,235.308,235.308,-0.797317,1863.33,0.0144024,17790.3,0.0,15.4752,34.573,55.6893,80.576,73.8494,69.6819,67.0728,64.4178,62.1595,59.2853,52.5834,38.1817,27.6017,20.9661,14.4574,8.93195,5.47847,3.5857,1.69558,-1.0,-1.0,-1.0,-1.0,-1.0
37.726,0.1625,0.9999999999999998,1.6219831570733647e-62,5,262.392,-0.938003,8.13505,241.636,239.618,235.643,235.643,-0.800139,1864.79,0.00419211,17816.1,0.0,15.3391,33.5845,52.9948,80.0195,73.6382,69.7736,67.4159,65.0967,63.2244,61.0697,58.4009,54.0271,35.4193,25.0834,16.2186,9.51498,5.65616,3.63903,1.68881,-1.0,-1.0,-1.0,-1.0,-1.0
37.746,0.1625,0.9999999999999998,1.0542890520976872e-62,5,262.621,-2.5723,8.09311,242.239,239.36,236.074,236.074,-0.801425,1866.25,-0.00919294,17848.9,0.0,15.147,32.3371,49.8331,79.7467,73.7478,70.1939,68.0745,66.0433,64.4586,62.7226,60.7724,58.4782,53.7206,34.6016,19.6664,10.5682,5.98988,3.76016,1.70067,-1.0,-1.0,-1.0,-1.0,-1.0
37.766,0.1625,0.9999999999999998,6.852878838634967e-63,5,262.818,-4.14785,7.99209,242.516,239.322,236.609,236.609,-0.800837,1867.71,-0.0232809,17889.3,0.0,14.9369,31.0944,46.8509,79.4729,73.8214,70.5312,68.6009,66.7821,65.391,63.9041,62.2954,60.5234,57.611,52.6864,25.6899,12.1034,6.45638,3.93773,1.73072,-1.0,-1.0,-1.0,-1.0,-1.0
37.786,0.1625,0.9999999999999998,4.454371245112729e-63,5,263.007,-5.43126,7.87104,242.613,239.408,237.0,237.0,-0.798172,1869.17,-0.0369668,17918.6,0.0,14.7239,29.9454,44.2318,79.0927,73.7393,70.6641,68.8808,67.2193,65.9638,64.6402,63.2351,61.7293,59.3932,56.1957,36.8742,14.2294,7.05614,4.16998,1.77955,-1.0,-1.0,-1.0,-1.0,-1.0
37.806,0.1625,0.9999999999999998,2.8953413093232744e-63,5,263.189,-6.34982,7.7361,242.629,239.569,237.32,237.32,-0.793259,1870.63,-0.0497363,17942.5,0.0,14.5127,28.9101,41.9829,78.5722,73.4707,70.5706,68.903,67.3614,66.2058,64.9979,63.7297,62.3905,60.3664,57.7567,50.8181,17.1395,7.80031,4.4595,1.84844,-1.0,-1.0,-1.0,-1.0,-1.0
37.826,0.1625,0.9999999999999998,1.8819718510601284e-63,5,263.372,-6.92361,7.57759,242.621,239.774,237.575,237.575,-0.786031,1872.09,-0.0613987,17961.5,0.0,14.3042,27.9817,40.0546,77.9102,73.0215,70.2657,68.6913,67.2441,66.1653,65.0443,63.8758,62.6528,60.8317,58.55,53.2685,21.1373,8.70379,4.80942,1.93817,-1.0,-1.0,-1.0,-1.0,-1.0
37.846,0.1625,0.9999999999999998,1.2232817031890835e-63,5,263.561,-7.17932,7.40676,242.619,240.01,237.776,237.776,-0.776429,1873.56,-0.0719497,17976.5,0.0,14.0966,27.142,38.3829,77.1202,72.4133,69.7785,68.281,66.9105,65.8932,64.8406,63.7488,62.6132,60.9382,58.8747,54.3565,26.7204,9.78734,5.22453,2.04971,-1.0,-1.0,-1.0,-1.0,-1.0
37.866,0.1625,0.9999999999999998,7.951331070729042e-64,5,263.748,-7.24148,7.20187,242.66,240.25,238.042,238.042,-0.764471,1875.02,-0.0817275,17996.7,0.0,13.8849,26.357,36.8788,76.249,71.6944,69.1651,67.7338,66.4285,65.4629,64.467,63.4381,62.3728,60.8121,58.9113,54.8785,34.9498,11.0955,5.7146,2.18413,-1.0,-1.0,-1.0,-1.0,-1.0
37.886,0.1625,0.9999999999999998,5.168365195973877e-64,5,263.946,-7.18803,7.00323,242.755,240.477,238.168,238.168,-0.75016,1876.48,-0.0910673,18005.9,0.0,13.6645,25.5992,35.4757,75.3409,70.9055,68.4711,67.0989,65.8512,64.9309,63.9843,63.0094,62.0037,60.5381,58.768,55.0906,44.0136,12.6934,6.29234,2.34272,-1.0,-1.0,-1.0,-1.0,-1.0
37.906,0.1625,0.9999999999999998,3.35943737738302e-64,5,264.149,-7.04906,6.81439,242.884,240.702,238.275,238.275,-0.733498,1877.95,-0.100067,18014.0,0.0,13.4343,24.8591,34.1476,74.4038,70.0608,67.7134,66.3946,65.1989,64.319,63.4162,62.4888,61.5349,60.1508,58.4901,55.092,46.0858,14.6491,6.96792,2.52637,-1.0,-1.0,-1.0,-1.0,-1.0
37.926,0.1625,0.9999999999999998,2.183634295298963e-64,5,264.353,-6.87278,6.61975,243.035,240.923,238.397,238.397,-0.714491,1879.41,-0.108817,18023.3,0.0,13.1932,24.1292,32.875,73.4446,69.172,66.9051,65.6356,64.4873,63.6441,62.7808,61.8959,60.9882,59.6756,58.1092,54.941,47.0639,17.0533,7.75288,2.73594,-1.0,-1.0,-1.0,-1.0,-1.0
37.946,0.1625,0.7499999999999998,1.419362291944326e-64,5,264.559,-6.67384,6.42047,243.201,241.143,238.532,238.532,-0.693187,1880.87,-0.117369,18033.6,0.0,12.9408,23.4055,31.6462,72.4671,68.2463,66.0546,64.8308,63.7262,62.9168,62.0895,61.2433,60.3771,59.1284,57.6449,54.6722,47.5767,20.0224,8.65852,2.97184,-1.0,-1.0,-1.0,-1.0,-1.0
37.966,0.1625,0.5624999999999998,9.225854897638119e-65,5,264.619,-6.4772,6.1976,243.355,241.329,237.0,237.0,-0.669603,1882.34,-0.125862,17916.1,0.0,12.6761,22.6805,30.4437,71.4831,67.2973,65.1767,63.9958,62.9322,62.1542,61.3602,60.5497,59.7216,58.531,57.122,54.32,47.8246,23.7467,9.70319,3.23522,-1.0,-1.0,-1.0,-1.0,-1.0
37.986,0.1625,0.42187499999999983,5.996805683464777e-65,5,264.466,-6.28093,5.97154,243.379,241.372,235.616,235.616,-0.643778,1883.8,-0.134377,17811.2,0.0,12.3986,21.9508,29.2589,70.5006,66.3334,64.2805,63.1403,62.1153,61.3668,60.6041,59.8267,59.0339,57.8967,56.5555,53.9055,47.8973,28.501,10.9071,3.52696,-1.0,-1.0,-1.0,-1.0,-1.0
38.006,0.1625,0.3164062499999999,3.897923694252106e-65,5,264.149,-6.12516,5.74741,243.252,241.236,234.452,234.452,-0.615729,1885.26,-0.143076,17723.0,0.0,12.1073,21.2102,28.0785,40.5015,65.3683,63.3807,62.2794,61.2912,60.5707,59.8375,59.0913,58.3316,57.2442,55.9655,53.4532,47.857,34.0385,12.3018,3.84876,-1.0,-1.0,-1.0,-1.0,-1.0
38.026,0.1625,0.23730468749999992,2.533650401263869e-65,5,263.714,-6.06281,5.51645,243.004,240.937,233.417,233.417,-0.585476,1886.72,-0.152133,17644.5,0.0,11.8011,20.4534,26.8918,36.5851,64.4181,62.4904,61.4268,60.474,59.7802,59.0753,58.3588,57.6304,56.5898,55.3694,52.9836,47.7456,36.2865,13.9322,4.20282,-1.0,-1.0,-1.0,-1.0,-1.0
38.046,0.1625,0.17797851562499994,0.35,5,263.19,-6.12426,5.28021,242.664,240.499,233.503,231.432,-0.553045,1888.17,-0.161767,17572.5,0.0,11.4791,19.6752,25.6886,34.1384,63.5121,61.6249,60.598,59.6794,59.0116,58.3337,57.6457,56.9472,55.9511,54.7856,52.5172,47.5973,37.5106,15.8653,4.5921,-1.0,-1.0,-1.0,-1.0,-1.0
38.066,0.1625,0.13348388671874994,0.5774999999999999,5,262.146,-6.43225,5.02991,234.32,231.675,230.49,227.97,-0.518478,1889.61,-0.172328,17324.1,0.0,11.1395,18.8677,24.4546,31.9066,62.6796,60.807,59.8161,58.9311,58.2885,57.637,56.9766,56.3068,55.3534,54.2403,52.0822,47.45,38.3567,18.2152,5.02125,-1.0,-1.0,-1.0,-1.0,-1.0
38.086,0.1625,0.10011291503906246,0.7253749999999999,5,260.364,-6.93913,4.76968,225.357,221.971,227.262,224.515,-0.481935,1891.05,-0.183227,17068.9,0.0,10.7894,18.0579,23.2367,29.8871,61.8819,59.9973,59.0385,58.1854,57.5666,56.9401,56.3055,55.6628,54.7491,53.6847,51.6278,47.2516,38.9231,21.0251,5.48766,-1.0,-1.0,-1.0,-1.0,-1.0
38.106,0.1625,0.07508468627929685,0.8214937499999999,5,258.073,-7.45947,4.50892,216.584,212.4,223.802,221.012,-0.443673,1892.47,-0.193618,16803.8,0.0,10.4368,17.2753,22.084,28.1057,61.0586,59.1601,58.2107,57.3868,56.79,56.1862,55.5752,54.9571,54.0796,53.059,51.093,46.9411,39.2198,24.2659,5.98372,-1.0,-1.0,-1.0,-1.0,-1.0
38.126,0.1625,0.056313514709472635,0.8839709374999999,5,255.444,-7.85233,4.25599,208.102,203.143,220.226,217.513,-0.40394,1893.87,-0.202988,16535.3,0.0,10.0865,16.5332,21.0152,26.5444,60.1714,58.265,57.3125,56.5086,55.9315,55.3482,54.7585,54.1626,53.3175,52.3363,50.4512,46.4958,39.2717,26.8493,6.50202,-1.0,-1.0,-1.0,-1.0,-1.0
38.146,0.1625,0.04223513603210448,0.9245811093749999,5,252.584,-8.04961,4.02053,199.966,194.354,216.658,214.067,-0.36291,1895.26,-0.211126,16269.9,0.0,9.73985,15.833,20.0292,25.1715,59.2039,57.2972,56.345,55.5462,54.9867,54.4218,53.8514,53.2754,52.4595,51.5137,49.7012,45.9197,39.1153,28.1147,7.03677,-1.0,-1.0,-1.0,-1.0,-1.0
38.166,0.1625,0.031676352024078355,0.6009777210937499,5,249.572,-8.02539,3.80366,192.154,185.901,213.173,210.772,-0.320784,1896.64,-0.217927,16013.7,0.0,9.39766,15.1728,19.1198,23.9658,58.1487,56.25,55.3023,54.5075,53.9581,53.41,52.857,52.299,51.5097,50.5959,48.8489,45.2235,38.7825,28.7847,7.58194,-1.0,-1.0,-1.0,-1.0,-1.0
38.186,0.1625,0.023757264018058766,0.3906355187109375,5,246.647,-7.68035,3.6107,195.764,189.048,212.869,210.846,-0.277689,1897.99,-0.223459,16011.2,0.0,9.05923,14.5466,18.2743,22.9046,57.0117,55.1291,54.1899,53.4023,52.8584,52.3248,51.7878,51.2465,50.4816,49.5972,47.9104,44.4271,38.3085,29.095,8.1337,-1.0,-1.0,-1.0,-1.0,-1.0
38.206,0.1625,0.017817948013544076,0.25391308716210936,4,244.107,-7.06187,3.43149,204.196,197.743,212.532,210.731,-0.233494,1899.33,-0.228636,15994.1,0.0,8.71757,13.9274,17.447,21.9003,55.8622,53.9981,53.0684,52.289,51.7509,51.2272,50.7055,50.1801,49.4384,48.5821,46.9524,43.6029,37.7797,29.2214,8.70304,-1.0,-1.0,-1.0,-1.0,-1.0
38.226,0.1625,0.013363461010158057,0.1650435066553711,4,242.054,-6.51773,3.26542,211.914,206.854,211.973,209.937,-0.187979,1900.65,-0.235221,15943.0,0.0,8.36181,13.2744,16.5706,20.8028,54.8299,52.9756,52.0512,51.2765,50.7418,50.2218,49.7137,49.2043,48.4858,47.6575,46.0841,42.8647,37.3192,29.3286,9.31861,-1.0,-1.0,-1.0,-1.0,-1.0
38.246,0.1625,0.010022595757618543,0.10727827932599121,4,240.583,-6.40836,3.10369,216.089,212.444,212.382,210.176,-0.140836,1901.96,-0.244545,17679.5,0.0,7.98467,12.5641,15.6083,19.5213,54.0106,52.1488,51.2214,50.4445,49.9083,49.3872,48.8805,48.3855,47.6907,46.8904,45.3734,42.2813,36.9978,29.504,10.0123,-1.0,-1.0,-1.0,-1.0,-1.0
38.266,0.1625,0.007516946818213907,0.06973088156189429,4,239.564,-6.75882,2.9176,217.69,214.487,212.124,209.44,-0.0918334,1903.26,-0.25607,17605.8,0.0,7.58967,11.8157,14.5942,18.1392,53.3638,51.4802,50.5428,49.7579,49.2165,48.6904,48.1791,47.682,47.0059,46.2333,44.7712,41.8012,36.7617,29.7032,10.7911,6.83846,6.80394,6.77181,6.74203,6.71455
38.286,0.1625,0.005637710113660431,0.04532507301523129,4,238.713,-7.2617,2.71139,218.17,215.062,210.72,207.38,-0.0408905,1904.55,-0.268245,17582.8,0.0,7.18491,11.063,13.585,16.7873,52.7757,50.8653,49.9155,49.1208,48.5728,48.0406,47.5235,47.0209,46.3407,45.5902,44.1801,41.3251,36.5105,29.8375,11.6395,-1.0,-1.0,-1.0,-1.0,-1.0
38.306,0.1625,0.0042282825852453226,0.029461297459900337,4,237.803,-7.6565,2.48398,218.141,215.181,209.726,206.297,0.0120223,1905.84,-0.279919,17500.6,0.0,6.77515,10.3251,12.6109,15.5273,21.2402,50.2246,49.2638,48.4603,47.9066,47.3689,46.8467,46.3394,45.6531,44.9013,43.5381,40.7905,36.184,29.8584,12.5399,-1.0,-1.0,-1.0,-1.0,-1.0
38.326,0.1625,0.003171211938933992,0.01914984334893522,4,236.948,-7.86294,2.22693,217.829,215.089,208.93,205.67,0.066855,1907.12,-0.290713,17441.1,0.0,6.3615,9.60476,11.6754,14.3623,18.6792,49.5299,48.5607,47.7507,47.1928,46.6512,46.1254,45.6148,44.9243,44.1682,42.8305,40.1838,35.7713,29.7639,13.4104,-1.0,-1.0,-1.0,-1.0,-1.0
38.346,0.1625,0.002378408954200494,0.012447398176807893,4,236.143,-7.91691,1.94003,217.379,214.86,208.161,205.054,0.123578,1908.39,-0.300771,17383.0,0.0,5.94286,8.89665,10.7779,13.2712,16.9596,48.7893,47.8141,46.9996,46.4388,45.8947,45.3666,44.8539,44.1608,43.4023,42.0697,39.5186,35.2886,29.5759,14.1165,-1.0,-1.0,-1.0,-1.0,-1.0
38.366,0.1625,0.0017838067156503705,0.00809080881492513,4,235.366,-7.89313,1.68228,216.896,214.507,207.482,204.399,0.182185,1909.65,-0.31073,17327.0,0.0,5.51681,8.19082,9.9074,12.2201,15.4538,48.0475,47.0666,46.2479,45.6844,45.1379,44.6076,44.093,43.3977,42.637,41.3015,38.8303,34.7726,29.3336,14.6946,-1.0,-1.0,-1.0,-1.0,-1.0
38.386,0.1625,0.001337855036737778,0.005259025729701335,4,234.604,-7.94224,1.44731,216.394,213.986,206.884,203.686,0.242697,1910.9,-0.32119,17271.9,0.0,5.08157,7.48058,9.05325,11.1856,14.0251,47.3481,46.3596,45.5351,44.9679,44.418,43.8847,43.3673,42.6685,41.9045,40.5641,38.1479,34.2528,29.0673,15.1768,-1.0,-1.0,-1.0,-1.0,-1.0
38.406,0.1625,0.0010033912775533334,0.003418366724305868,4,233.848,-8.02775,1.27621,215.864,213.379,206.326,203.039,0.30515,1912.15,-0.332108,17221.4,0.0,4.63743,6.76881,8.2185,10.1728,12.6672,46.6892,45.6912,44.8593,44.2874,43.7332,43.196,42.6749,41.9716,41.203,39.8556,37.4683,33.7268,28.7772,15.576,-1.0,-1.0,-1.0,-1.0,-1.0
38.426,0.1625,0.000752543458165,0.002221938370798814,4,233.105,-8.11527,1.12756,215.279,212.746,205.707,202.388,0.36958,1913.39,-0.343204,17167.8,0.0,4.18506,6.07615,7.40945,9.19271,11.3913,46.0517,45.0432,44.2032,43.6261,43.0671,42.5254,42.0004,41.2919,40.5183,39.1631,36.7793,33.1833,28.4547,15.8974,-1.0,-1.0,-1.0,-1.0,-1.0
38.446,0.1625,0.00056440759362375,0.0014442599410192292,4,232.369,-8.23636,0.969726,214.663,212.093,205.077,201.702,0.435995,1914.62,-0.354476,17112.4,0.0,3.72452,5.40931,6.62774,8.24673,10.1865,12.5509,44.4159,43.567,42.9841,42.4198,41.8733,41.3438,40.6297,39.8504,38.4866,36.0912,32.6231,28.1023,16.1498,-1.0,-1.0,-1.0,-1.0,-1.0
38.466,0.1625,0.00042330569521781253,0.000938768961662499,4,231.638,-8.39768,0.796131,214.043,211.437,204.447,201.015,0.504367,1915.84,-0.36592,17057.0,0.0,3.2561,4.77028,5.87566,7.33701,9.04727,10.8868,43.8096,42.9509,42.3617,41.7916,41.2398,40.7053,39.985,39.1994,37.826,35.4178,32.0469,27.7218,16.3397,-1.0,-1.0,-1.0,-1.0,-1.0
38.486,0.1625,0.0003174792714133594,0.0006101998250806243,4,230.904,-8.55247,0.681862,213.381,210.714,203.829,200.299,0.574703,1917.06,-0.377786,17000.9,0.0,2.79539,4.1594,5.15249,6.46007,7.95945,9.44483,12.0038,42.373,41.7763,41.1993,40.641,40.1006,39.3728,38.5796,37.1943,34.7697,31.4642,27.3233,16.4768,-1.0,-1.0,-1.0,-1.0,-1.0
38.506,0.1625,0.00023810945356001956,0.00039662988630240583,4,230.15,-8.84956,0.684805,212.802,209.848,203.323,199.463,0.644345,1918.39,-0.357711,16944.3,0.0,2.36431,3.57212,4.44915,5.59748,6.88403,8.06905,9.27756,41.9133,41.3051,40.7173,40.1491,39.5994,38.8597,38.0542,36.6491,34.1951,30.9133,26.9419,16.5836,-1.0,-1.0,-1.0,-1.0,-1.0
38.526,0.1625,0.00017858209017001468,0.0002578094260965638,4,229.367,-9.40541,0.822947,212.319,208.906,202.922,198.566,0.708095,1919.78,-0.331889,16890.1,0.0,1.9633,3.00945,3.76666,4.75031,5.82341,6.7479,7.54508,8.95839,40.9945,40.3906,39.8071,39.2432,38.485,37.6602,36.2238,33.7216,30.4087,26.5911,16.6705,-1.0,-1.0,-1.0,-1.0,-1.0
38.546,0.1625,0.000133936567627511,0.00016757612696276648,4,228.558,-10.0236,1.11601,211.767,207.982,202.454,197.834,0.765896,1921.19,-0.306542,16839.5,0.0,1.59364,2.47856,3.11752,3.94125,4.818,5.53426,6.09654,6.83482,7.82085,40.174,39.5713,38.9894,38.2077,37.3586,35.8822,33.3183,29.9381,26.2436,16.7272,-1.0,-1.0,-1.0,-1.0,-1.0
38.566,0.1625,0.00010045242572063325,0.00010892448252579822,4,227.775,-10.3039,1.35702,210.927,207.443,201.584,197.503,0.817632,1922.62,-0.278445,16789.2,0.0,1.25938,1.99447,2.52717,3.21372,3.93647,4.51117,4.94353,5.46678,6.01631,7.1086,39.2217,38.6254,37.8252,36.9569,35.4498,32.8399,29.4128,25.8087,16.7098,-1.0,-1.0,-1.0,-1.0,-1.0
38.586,0.1625,7.533931929047494e-05,7.080091364176885e-05,4,226.998,-9.65777,1.98993,209.979,206.763,200.767,197.13,0.86332,1924.07,-0.24783,16738.4,0.0,0.959835,1.55365,1.9882,2.55191,3.14494,3.61109,3.95468,4.35604,4.74853,5.34035,38.7613,38.1545,37.3409,36.459,34.9307,32.2909,28.8371,25.3005,16.6282,-1.0,-1.0,-1.0,-1.0,-1.0
38.606,0.1625,5.6504489467856206e-05,4.602059386714975e-05,4,226.222,-9.66536,2.43125,209.45,205.768,200.358,195.617,0.903041,1925.54,-0.219286,16656.8,0.0,0.692247,1.14429,1.47823,1.91333,2.36873,2.72049,2.97328,3.25765,3.51911,3.86521,4.39248,37.8868,37.0498,36.1439,34.577,31.8794,28.3666,24.8398,16.5457,-1.0,-1.0,-1.0,-1.0,-1.0
38.626,0.1625,4.237836710089216e-05,2.9913386013647336e-05,4,225.383,-10.4977,2.92607,209.166,204.625,200.143,194.337,0.936573,1927.02,-0.194005,16599.1,0.0,0.459852,0.774684,1.00912,1.31497,1.63196,1.87146,2.0389,2.22073,2.37992,2.57525,2.82696,3.18249,37.0444,36.0979,34.4649,31.6661,28.0442,24.4467,16.4721,-1.0,-1.0,-1.0,-1.0,-1.0
38.646,0.1625,3.178377532566912e-05,1.944370090887077e-05,4,224.529,-10.6539,3.6916,208.511,203.986,199.189,194.44,0.96416,1928.52,-0.166669,16554.2,0.0,0.264502,0.456041,0.600867,0.791569,0.989439,1.13756,1.23967,1.34859,1.44169,1.55231,1.68727,1.85863,2.21328,35.9851,34.2918,31.4021,27.6855,24.0175,16.3442,-1.0,-1.0,-1.0,-1.0,-1.0
38.666,0.1625,2.383783149425184e-05,1.2638405590766e-05,4,223.75,-9.74662,4.52967,207.419,203.774,197.884,194.625,0.985822,1930.02,-0.133965,16507.5,0.0,0.107073,0.190656,0.255774,0.343678,0.436733,0.507055,0.555612,0.607244,0.651122,0.702699,0.764472,0.840374,0.983776,1.25881,33.8375,30.9103,27.1626,23.4816,16.13,-1.0,-1.0,-1.0,-1.0,-1.0
38.686,0.1625,1.7878373620688882e-05,8.2149636339979e-06,4,223.076,-8.774,4.81577,206.202,203.55,196.912,193.66,1.00123,1931.52,-0.097867,16424.9,0.0,-1.0,-1.0,-1.0,-1.0,-1.0,-1.0,-1.0,-1.0,-1.0,-1.0,-1.0,-1.0,-1.0,-1.0,-1.0,-1.0,-1.0,-1.0,-1.0,-1.0,-1.0,-1.0,-1.0,-1.0
38.706,0.1625,1.3408780215516662e-05,5.339726362098635e-06,4,222.396,-7.75376,5.03137,205.175,203.223,196.178,193.347,1.00991,1933.03,-0.0604088,16383.3,0.0,-1.0,-1.0,-1.0,-1.0,-1.0,-1.0,-1.0,-1.0,-1.0,-1.0,-1.0,-1.0,-1.0,-1.0,-1.0,-1.0,-1.0,-1.0,-1.0,-1.0,-1.0,-1.0,-1.0,-1.0
38.726,0.1625,1.0056585161637497e-05,3.4708221353641126e-06,4,221.75,-7.22783,4.81875,204.449,202.859,195.59,192.459,1.01153,1934.54,-0.0232041,16316.7,0.0,-1.0,-1.0,-1.0,-1.0,-1.0,-1.0,-1.0,-1.0,-1.0,-1.0,-1.0,-1.0,-1.0,-1.0,-1.0,-1.0,-1.0,-1.0,-1.0,-1.0,-1.0,-1.0,-1.0,-1.0
38.746,0.1625,7.542438871228123e-06,2.2560343879866735e-06,4,221.1,-7.12075,4.45674,203.904,202.546,195.059,191.68,1.00587,1936.04,0.01298,16261.1,0.0,-1.0,-1.0,-1.0,-1.0,-1.0,-1.0,-1.0,-1.0,-1.0,-1.0,-1.0,-1.0,-1.0,-1.0,-1.0,-1.0,-1.0,-1.0,-1.0,-1.0,-1.0,-1.0,-1.0,-1.0
38.766,0.1625,0.25000565682915343,1.4664223521913378e-06,4,220.439,-7.09133,4.19804,203.35,202.116,194.475,191.119,0.992896,1937.53,0.0481308,16221.7,0.0,0.0634632,0.153802,0.27361,0.69323,43.3208,40.1397,38.6373,37.4178,36.596,35.8123,35.064,34.349,33.3997,32.3828,30.6494,27.7379,24.0758,20.5454,14.5048,-1.0,-1.0,-1.0,-1.0,-1.0
38.786,0.1625,0.43750424262186505,9.531745289243696e-07,4,219.898,-7.31845,4.09752,203.007,201.494,195.712,193.087,0.97301,1939.01,0.0806372,16355.8,0.0,0.250988,0.684116,1.62933,51.9125,43.2503,39.9566,38.4073,37.1527,36.3089,35.5051,34.7388,34.0074,33.0378,32.0009,30.2376,27.2875,23.5972,20.0601,14.1319,-1.0,-1.0,-1.0,-1.0,-1.0
38.806,0.1625,0.5781281819663988,6.195634438008402e-07,4,219.67,-7.60764,4.1737,202.844,200.708,195.747,195.747,0.946485,1940.47,0.111093,16476.0,0.0,0.519045,1.69458,81.663,52.6511,43.4531,39.9992,38.3826,37.0774,36.2014,35.3684,34.5755,33.8199,32.82,31.7528,29.9432,26.9301,23.1859,19.6218,13.7462,-1.0,-1.0,-1.0,-1.0,-1.0
38.826,0.1625,0.6835961364747991,4.027162384705462e-07,4,219.582,-7.26754,4.80062,202.603,200.077,195.943,195.943,0.91383,1941.91,0.141683,16495.8,0.0,0.876291,125.615,84.0793,53.4015,43.6392,40.021,38.3364,36.9802,36.072,35.21,34.3908,33.6113,32.5817,31.4851,29.631,26.5586,22.7661,19.1812,13.3345,-1.0,-1.0,-1.0,-1.0,-1.0
38.846,0.1625,0.7626971023560993,2.61765555005855e-07,4,219.506,-6.63778,6.17001,203.084,199.297,196.487,196.487,0.875907,1943.34,0.168325,16542.5,0.0,1.32319,130.148,87.4853,55.1902,44.4711,40.5716,38.7692,37.3243,36.3597,35.4463,34.5802,33.758,32.6745,31.524,29.5863,26.3966,22.4949,18.8414,12.9387,-1.0,-1.0,-1.0,-1.0,-1.0
38.866,0.1625,0.8220228267670745,1.7014761075380579e-07,4,219.306,-6.76618,10.1921,203.716,198.681,197.365,197.365,0.833387,1944.75,0.188972,16620.4,7.0,1.85587,43.1063,92.3115,58.9937,46.498,42.0829,40.065,38.4576,37.3896,36.3819,35.4298,34.5288,33.3458,32.0951,30.001,26.5875,22.4672,18.6617,12.5986,-1.0,-1.0,-1.0,-1.0,-1.0
38.886,0.1625,0.8665171200753059,1.1059594698997376e-07,4,219.365,-7.92436,12.837,203.619,198.511,196.64,196.64,0.786387,1946.13,0.208461,16545.5,8.0,2.49519,29.6735,96.8099,64.0904,49.1405,44.0469,41.7503,39.9348,38.7351,37.6083,36.5478,35.5482,34.2414,32.8665,30.5806,26.8959,22.5151,18.5313,12.285,-1.0,-1.0,-1.0,-1.0,-1.0
38.906,0.1625,0.8998878400564794,7.188736554348296e-08,4,219.541,-7.67015,13.7056,203.036,199.265,197.019,197.019,0.734535,1947.5,0.235051,16581.3,8.0,3.22176,29.0896,98.7926,67.3381,50.5421,44.9771,42.4935,40.5411,39.2564,38.0534,36.9246,35.8635,34.4808,33.0314,30.6332,26.7984,22.2878,18.23,11.9395,-1.0,-1.0,-1.0,-1.0,-1.0
38.926,0.1625,0.9249158800423596,4.672678760326392e-08,4,219.824,-6.55476,14.1594,202.464,199.995,197.727,197.727,0.677556,1948.84,0.267929,16639.9,8.0,3.92984,31.779,98.7997,68.0185,50.4437,44.7114,42.1674,40.1737,38.8647,37.6411,36.4949,35.419,34.0194,32.5551,30.1387,26.2913,21.7913,17.7662,11.5636,-1.0,-1.0,-1.0,-1.0,-1.0
38.946,0.1625,0.9436869100317697,3.037241194212155e-08,4,220.21,-5.09107,14.3191,202.126,200.63,198.177,198.177,0.618215,1950.02,0.268051,16678.1,8.0,4.63166,36.0634,97.5343,66.7943,49.3003,43.6297,41.1186,39.1531,37.8637,36.6593,35.5317,34.474,33.0988,31.6612,29.2914,25.5242,21.1277,17.2039,11.1712,-1.0,-1.0,-1.0,-1.0,-1.0
38.966,0.1625,0.9577651825238274,1.974206776237901e-08,4,220.637,-3.69802,14.193,202.033,201.091,198.82,198.82,0.560346,1951.2,0.267697,16735.0,8.0,5.33038,41.3,95.6061,64.5613,47.6212,42.1348,39.706,37.8052,36.5585,35.3939,34.3038,33.2813,31.952,30.5626,28.2724,24.6326,20.3861,16.5973,10.7739,-1.0,-1.0,-1.0,-1.0,-1.0
38.986,0.1625,0.9683238868928705,1.2832344045546357e-08,4,221.032,-2.68272,13.7602,202.201,201.466,200.23,200.23,0.503496,1952.37,0.267318,16855.6,8.0,6.01565,46.3663,93.6962,62.37,45.9729,40.6672,38.3191,36.4818,35.2768,34.1515,33.0981,32.1101,30.8259,29.4837,27.2717,23.757,19.6578,16.0014,10.3836,-1.0,-1.0,-1.0,-1.0,-1.0
39.006,0.1625,0.9762429151696529,8.341023629605133e-09,4,221.42,-2.17161,13.1876,202.655,201.893,201.698,201.698,0.44743,1953.56,0.264927,16977.6,8.0,6.66699,49.7542,92.356,61.0431,44.794,39.5667,37.2581,35.4537,34.2713,33.1676,32.1352,31.1675,29.9102,28.5971,26.4352,23.0052,19.0128,15.459,10.0101,-1.0,-1.0,-1.0,-1.0,-1.0
39.026,0.1625,0.9821821863772396,5.421665359243337e-09,4,221.839,-2.21351,12.6941,203.373,202.275,202.565,202.565,0.392228,1954.74,0.25942,17048.2,8.0,7.26336,50.5566,91.889,61.0552,44.3213,39.0132,36.6804,34.862,33.6726,32.5642,31.5287,30.5593,29.3017,27.9905,25.8364,22.4312,18.4862,14.9912,9.65893,-1.0,-1.0,-1.0,-1.0,-1.0
39.046,0.1625,0.9866366397829297,3.524082483508169e-09,4,222.278,-2.73684,12.3185,204.182,202.521,203.021,203.021,0.33798,1955.93,0.250929,17085.7,8.0,7.79789,49.2844,92.2949,62.5221,44.5678,39.0054,36.5805,34.6986,33.4716,32.3308,31.2676,30.2742,28.9886,27.6517,25.4634,22.024,18.0695,14.5922,9.32889,-1.0,-1.0,-1.0,-1.0,-1.0
39.066,0.1625,0.9899774798371973,2.2906536142803097e-09,4,222.716,-3.55722,12.0226,204.898,202.714,203.388,203.388,0.284905,1957.13,0.240335,17116.5,8.0,8.27541,47.0711,93.3966,65.0875,45.4307,39.4474,36.8679,34.8778,33.586,32.3887,31.2763,30.2399,28.9028,27.5173,25.2603,21.74,17.7325,14.2432,9.01588,-1.0,-1.0,-1.0,-1.0,-1.0
39.086,0.1625,0.992483109877898,1.4889248492822014e-09,4,223.138,-4.46876,11.7826,205.475,202.933,203.784,203.784,0.233159,1958.33,0.228593,17150.3,8.0,8.70624,44.7409,94.9892,67.6629,46.7952,40.2321,37.4416,35.3047,33.9247,32.651,31.4718,30.377,28.9698,27.5181,25.1668,21.5326,17.4438,13.9246,8.71544,-1.0,-1.0,-1.0,-1.0,-1.0
39.106,0.1625,0.9943623324084235,9.67801152033431e-10,4,223.532,-5.37852,11.5314,205.92,203.187,204.435,204.435,0.182909,1959.53,0.216394,17205.8,8.0,9.09912,42.6442,96.9191,70.0117,48.5939,41.2876,38.2323,35.9127,34.4239,33.0562,31.7952,30.6292,29.137,27.6051,25.1401,21.3691,17.1818,13.6231,8.4249,-1.0,-1.0,-1.0,-1.0,-1.0
39.126,0.1625,0.9957717493063176,6.290707488217302e-10,4,223.919,-6.22149,11.2734,206.276,203.465,205.055,205.055,0.134255,1960.74,0.20414,17257.8,8.0,9.46038,40.8603,99.0953,72.0875,50.8166,42.5828,39.2056,36.6669,35.049,33.5702,32.2136,30.9646,29.3739,27.7498,25.1554,21.2306,16.9338,13.3314,8.14281,-1.0,-1.0,-1.0,-1.0,-1.0
39.146,0.1625,0.9968288119797382,4.088959867341247e-10,4,224.302,-6.95368,11.0011,206.573,203.768,205.639,205.639,0.0872696,1961.95,0.19215,17306.9,8.0,9.79575,39.3954,101.428,73.8643,53.4583,44.087,40.3276,37.5331,35.7661,34.1605,32.6952,31.3527,29.652,27.9259,25.1899,21.1002,16.6895,13.0435,7.86803,-1.0,-1.0,-1.0,-1.0,-1.0
39.166,0.1625,0.9976216089848036,2.6578239137718105e-10,4,224.688,-7.53858,10.7182,206.834,204.101,206.154,206.154,0.0419989,1963.17,0.180663,17349.8,8.0,10.11,38.2241,103.829,75.3308,56.512,45.7681,41.5637,38.477,36.542,34.7947,33.2094,31.7645,29.9444,28.1089,25.2233,20.9638,16.4403,12.7549,7.59979,-1.0,-1.0,-1.0,-1.0,-1.0
39.186,0.1625,0.9982162067386027,1.727585543951677e-10,4,225.077,-7.96127,10.4229,207.074,204.462,206.603,206.603,-0.00149671,1964.39,0.169825,17387.3,8.0,10.4065,37.3036,106.224,76.4937,59.1369,47.6019,42.8862,39.471,37.35,35.4478,33.7324,32.1777,30.231,28.2807,25.2412,20.8118,16.1816,12.4635,7.33796,-1.0,-1.0,-1.0,-1.0,-1.0
39.206,0.1625,0.9986621550539521,1.12293060356859e-10,4,225.476,-8.20471,10.1155,207.306,204.849,206.968,206.968,-0.0432188,1965.62,0.159792,17417.7,8.0,10.6889,36.6092,108.506,77.3464,60.97,49.5324,44.2427,40.4677,38.1463,36.0794,34.2273,32.5586,30.4819,28.4157,25.2235,20.6319,15.9066,12.166,7.08195,-1.0,-1.0,-1.0,-1.0,-1.0
39.226,0.1625,0.998996616290464,7.299048923195836e-11,4,225.886,-8.25631,9.79943,207.539,205.267,207.27,207.27,-0.0831452,1966.85,0.150665,17443.3,8.0,10.96,36.1126,110.485,77.8919,62.2262,51.4953,45.577,41.4185,38.8876,36.6508,34.6598,32.8763,30.6709,28.4917,25.1542,20.4149,15.6117,11.861,6.83175,-1.0,-1.0,-1.0,-1.0,-1.0
39.246,0.1625,0.999247462217848,4.7443818000772936e-11,4,226.299,-8.15136,9.46348,207.789,205.705,207.624,207.624,-0.121308,1968.09,0.14236,17473.0,8.0,11.22,35.7627,112.125,78.1882,63.0583,53.2751,46.8839,42.3187,39.5701,37.1592,35.0279,33.1302,30.7983,28.51,25.0358,20.1644,15.2999,11.551,6.5879,-1.0,-1.0,-1.0,-1.0,-1.0
39.266,0.1625,0.999435596663386,3.083848170050241e-11,4,226.72,-7.94602,9.11973,208.076,206.147,207.941,207.941,-0.157715,1969.33,0.134604,17499.4,8.0,11.466,35.488,113.548,78.3769,63.6206,54.5021,48.2494,43.2373,40.2541,37.6586,35.38,33.3639,30.9026,28.5045,24.8955,19.8992,14.983,11.2427,6.35205,6.98095,6.99423,7.00969,7.02737,7.04729
39.286,0.1625,0.9995766974975395,2.0045013105326566e-11,4,227.147,-7.68671,8.78064,208.408,206.586,208.206,208.206,-0.192372,1970.57,0.127152,17521.5,8.0,11.6951,35.2359,114.87,78.5283,64.0223,55.4069,49.734,44.262,41.0141,38.2129,35.7723,33.6273,31.0266,28.5118,24.7619,19.6383,14.672,10.9425,6.12561,-1.0,-1.0,-1.0,-1.0,-1.0
39.306,0.1625,0.9996825231231546,1.3029258518462268e-11,4,227.571,-7.40241,8.49991,208.809,207.031,208.454,208.454,-0.225278,1971.82,0.119554,17542.3,8.0,11.9012,34.9292,116.33,78.7716,64.4125,56.2215,51.0608,45.6062,42.0282,38.9735,36.3353,34.0341,31.2659,28.6115,24.694,19.4183,14.3871,10.6609,5.91094,-1.0,-1.0,-1.0,-1.0,-1.0
39.326,0.1625,0.999761892342366,8.469018037000475e-12,4,227.992,-7.23505,8.23554,209.259,207.418,208.689,208.689,-0.256382,1973.07,0.111407,17562.2,8.0,12.0785,34.5112,118.155,79.241,64.9063,57.0971,52.3374,47.4701,43.5291,40.1317,37.2291,34.7204,31.7312,28.8934,24.7557,19.2762,14.1475,10.4083,5.71035,-1.0,-1.0,-1.0,-1.0,-1.0
39.346,0.1625,0.9998214192567745,5.504861724050309e-12,4,228.429,-7.11522,8.00471,209.698,207.793,208.711,208.711,-0.285676,1974.33,0.103028,17562.4,8.0,12.2322,34.0428,120.182,79.8606,65.4074,57.9307,53.4842,49.1175,45.4986,41.6735,38.4311,35.6596,32.3933,29.3284,24.9209,19.1934,13.9422,10.1783,5.52255,-1.0,-1.0,-1.0,-1.0,-1.0
39.366,0.1625,0.9998660644425809,3.578160120632701e-12,4,228.865,-6.90559,7.80998,210.098,208.211,208.771,208.771,-0.313135,1975.59,0.094978,17568.9,8.0,12.3713,33.608,122.096,80.46,65.7693,58.5699,54.3639,50.3358,47.1365,43.4563,39.811,36.7326,33.1482,29.8274,25.1221,19.1285,13.7493,9.96012,5.3454,-1.0,-1.0,-1.0,-1.0,-1.0
39.386,0.1625,0.9998995483319356,2.325804078411256e-12,4,229.288,-6.65126,7.6074,210.477,208.643,209.053,209.053,-0.33875,1976.85,0.0872285,17593.2,8.0,12.4958,33.1978,123.905,81.0442,66.0109,59.0494,55.0375,51.2608,48.336,45.1128,41.411,37.97,34.0169,30.4049,25.3681,19.0861,13.5718,9.75531,5.17937,-1.0,-1.0,-1.0,-1.0,-1.0
39.406,0.1625,0.9999246612489517,1.5117726509673165e-12,4,229.707,-6.42315,7.39031,210.869,209.06,209.431,209.431,-0.362548,1978.12,0.079498,17625.4,8.0,12.6022,32.773,125.766,81.7113,66.2114,59.4632,55.6172,52.0435,49.323,46.4002,43.1662,39.5117,35.1046,31.1406,25.7111,19.0943,13.4232,9.57069,5.02572,-1.0,-1.0,-1.0,-1.0,-1.0
39.426,0.1625,0.9999434959367138,9.826522231287556e-13,4,230.111,-6.23788,7.24618,211.343,209.465,209.862,209.862,-0.384528,1979.39,0.0711614,17661.7,8.0,12.6819,32.2588,128.049,82.7108,66.5291,59.9802,56.2865,52.8908,50.3399,47.6473,44.7558,41.5573,36.6857,32.2397,26.282,19.2203,13.3347,9.42117,4.88733,-1.0,-1.0,-1.0,-1.0,-1.0
39.446,0.1625,0.9999576219525353,6.387239450336912e-13,4,230.5,-6.36122,7.13612,211.909,209.737,210.297,210.297,-0.404554,1980.67,0.0611884,17698.3,8.0,12.7197,31.5464,131.393,84.5235,67.3101,60.8507,57.3063,54.0787,51.6811,49.1845,46.5588,43.7549,39.3396,34.1458,27.3502,19.594,13.364,9.33356,4.76978,-1.0,-1.0,-1.0,-1.0,-1.0
39.466,0.1625,0.9999682164644015,4.151705642718993e-13,4,230.911,-6.66974,7.04956,212.397,209.987,210.39,210.39,-0.422615,1981.95,0.0503651,17701.2,8.0,12.7282,30.7532,135.358,86.9704,68.4389,61.8505,58.4405,55.3593,53.0897,50.7493,48.3217,45.7817,41.9571,36.9094,28.896,20.1785,13.4855,9.29377,4.67008,-1.0,-1.0,-1.0,-1.0,-1.0
39.486,0.1625,0.9999761623483011,2.698608667767345e-13,5,231.339,-6.7351,7.05683,212.749,210.366,210.222,210.222,-0.438629,1983.23,0.0402638,17690.9,8.0,12.7299,30.0503,138.985,89.4244,69.5143,62.6068,59.305,56.341,54.1708,51.9479,49.6617,47.2981,43.8177,39.4687,30.6607,20.827,13.6301,9.26956,4.58264,-1.0,-1.0,-1.0,-1.0,-1.0
39.506,0.1625,0.9999821217612258,1.7540956340487744e-13,5,231.32,-6.48401,7.03471,212.94,210.759,205.328,203.617,-0.452524,1984.51,0.0314319,15853.4,8.0,12.7315,29.4737,141.909,91.5225,70.3509,63.1026,59.805,56.9358,54.844,52.7113,50.5307,48.2933,45.0408,41.0852,32.5001,21.4694,13.7701,9.24994,4.5061,-1.0,-1.0,-1.0,-1.0,-1.0
39.526,0.1625,0.9999865913209194,1.1401621621317034e-13,5,230.852,-6.10289,6.93383,212.748,210.756,204.655,202.797,-0.464263,1985.79,0.0233208,15823.9,8.0,12.7249,28.9541,144.458,93.3677,71.0862,63.5065,60.105,57.3137,55.2887,53.2313,51.137,48.9997,45.9199,42.2361,34.4992,22.1714,13.9355,9.2494,4.44348,-1.0,-1.0,-1.0,-1.0,-1.0
39.546,0.1625,0.9999899434906896,7.411054053856072e-14,5,230.353,-5.84196,6.89814,212.441,210.344,204.058,201.795,-0.473929,1987.07,0.014157,15338.0,8.0,12.6876,28.3311,147.753,95.8713,72.306,64.2812,60.7047,57.8905,55.9285,53.9413,51.926,49.8787,46.9493,43.4888,36.4987,23.2248,14.235,9.31319,4.40199,-1.0,-1.0,-1.0,-1.0,-1.0
39.566,0.1625,0.9999924576180172,4.817185135006447e-14,5,230.299,-6.1895,6.94527,212.438,209.727,208.863,208.863,-0.481334,1988.35,0.00181359,15795.2,8.0,12.5924,27.4446,153.19,100.24,74.906,66.111,62.2311,59.2007,57.2156,55.2979,53.3595,51.3984,48.609,45.3468,38.9321,25.1638,14.8413,9.5086,4.39307,-1.0,-1.0,-1.0,-1.0,-1.0
39.586,0.1625,0.999994343213513,3.131170337754191e-14,5,230.553,-6.99608,7.02295,212.727,209.541,209.323,209.323,-0.486501,1989.63,-0.0124286,15819.0,8.0,12.4595,26.4428,160.029,105.889,78.7528,68.8475,64.536,61.1928,59.0144,56.9899,55.0927,53.2067,50.5362,47.4353,41.4413,28.1308,15.7403,9.81861,4.41237,-1.0,-1.0,-1.0,-1.0,-1.0
39.606,0.1625,0.9999957574101348,2.035260719540224e-14,5,230.87,-7.34074,7.28935,212.863,209.771,208.765,208.765,-0.489262,1990.91,-0.0253904,15782.4,8.0,12.3278,25.5691,42.741,111.047,82.7183,71.5972,66.824,63.1501,60.7693,58.5658,56.5206,54.6175,52.0407,49.063,43.3675,31.2585,16.7444,10.1653,4.44811,-1.0,-1.0,-1.0,-1.0,-1.0
39.626,0.1625,0.9999968180576011,1.3229194677011458e-14,5,231.156,-7.1773,7.50502,212.852,210.193,208.856,208.856,-0.489523,1992.2,-0.0358709,15790.3,8.0,12.209,24.876,40.1888,114.929,85.9067,73.8222,68.6307,64.6621,62.1026,59.7425,57.5594,55.5344,52.9316,50.0522,44.5836,33.2696,17.7353,10.5091,4.49566,-1.0,-1.0,-1.0,-1.0,-1.0
39.646,0.1625,0.9999976135432008,8.598976540057449e-15,5,231.445,-6.73532,7.61987,212.868,210.637,209.16,209.16,-0.48741,1993.48,-0.0444902,15814.2,8.0,12.0951,24.2976,38.6443,117.813,88.2935,75.5913,70.0253,65.7968,63.0816,60.586,58.2845,56.1557,53.4305,50.5928,45.3133,34.5864,18.7301,10.8602,4.55663,-1.0,-1.0,-1.0,-1.0,-1.0
39.666,0.1625,0.9999982101574006,5.589334751037342e-15,5,231.719,-6.18449,7.75924,213.047,211.046,209.621,209.621,-0.483073,1994.77,-0.0527604,15849.1,8.0,11.9697,23.7306,37.3083,120.571,90.6065,77.4637,71.491,66.9829,64.1014,61.4619,59.0357,56.798,53.9423,51.02,45.9058,35.6589,19.8769,11.2681,4.63727,-1.0,-1.0,-1.0,-1.0,-1.0
39.686,0.1625,0.9999986576180505,3.633067588174272e-15,5,231.962,-6.12226,8.00897,213.622,211.13,210.071,210.071,-0.476353,1996.06,-0.0639747,15883.1,8.0,11.7972,22.9872,35.3137,125.227,94.6192,81.0311,74.4504,69.4568,66.2872,63.3988,60.7561,58.3292,55.2466,52.1089,47.0033,37.1555,21.6753,11.8806,4.75716,-1.0,-1.0,-1.0,-1.0,-1.0
39.706,0.1625,0.9999989932135379,2.361493932313277e-15,5,232.224,-6.56897,8.25164,214.107,211.141,210.225,210.225,-0.467227,1997.35,-0.0771793,15885.3,8.0,11.5907,22.1468,33.1537,131.256,99.9189,85.829,78.8639,73.1993,69.6024,66.3471,63.3875,60.6851,57.274,53.826,48.3898,38.8637,24.0653,12.7004,4.91426,-1.0,-1.0,-1.0,-1.0,-1.0
39.726,0.1625,0.9999992449101535,1.5349710560036302e-15,5,232.559,-6.47581,8.77856,214.279,211.459,209.388,209.388,-0.455518,1998.64,-0.0889037,15829.5,8.0,11.3846,21.3925,31.4949,136.49,104.591,90.1046,82.8964,76.9226,72.8964,69.2508,65.9575,62.9677,59.2176,55.4532,49.5713,40.1791,25.9819,13.5932,5.09232,-1.0,-1.0,-1.0,-1.0,-1.0
39.746,0.1625,0.9999994336826151,9.977311864023597e-16,5,232.842,-5.92462,9.23167,214.278,211.941,209.542,209.542,-0.441175,1999.93,-0.0980771,15842.5,8.0,11.1871,20.7568,30.3353,140.195,107.939,93.1948,85.8257,79.6998,75.5208,71.5542,67.9665,64.7261,60.6835,56.6501,50.3967,40.9701,27.3169,14.4887,5.28466,-1.0,-1.0,-1.0,-1.0,-1.0
39.766,0.1625,0.9999995752619614,6.485252711615339e-16,5,233.116,-5.34604,9.51608,214.371,212.364,210.024,210.024,-0.424418,2001.22,-0.106123,15880.2,8.0,10.9848,20.1648,29.3694,143.241,110.72,95.7809,88.2898,82.046,77.7779,73.6783,69.8123,66.3261,61.9994,57.7078,51.1027,41.5142,28.3514,15.4461,5.49718,-1.0,-1.0,-1.0,-1.0,-1.0
39.786,0.1625,0.999999681446471,4.21541426254997e-16,5,233.372,-4.93306,9.77613,214.691,212.659,210.625,210.625,-0.40546,2002.51,-0.114864,15925.4,8.0,10.7631,19.5455,28.3275,146.815,113.989,98.8391,91.2147,84.8426,80.4757,76.273,72.241,68.4475,63.7568,59.1362,52.0863,42.1171,29.365,16.5875,5.7406,-1.0,-1.0,-1.0,-1.0,-1.0
39.806,0.1625,0.9999997610848532,2.740019270657481e-16,5,233.59,-5.16867,10.1959,215.451,212.562,211.193,211.193,-0.38409,2003.8,-0.12771,15968.3,8.0,10.4934,18.7632,26.8104,153.697,119.832,104.337,96.4909,89.904,85.3716,80.994,76.779,72.734,67.418,62.1707,54.279,43.363,30.8132,18.0997,6.04535,-1.0,-1.0,-1.0,-1.0,-1.0
39.826,0.04250000000000001,0.9999998208136399,1.7810125259273627e-16,5,233.819,-6.08218,10.5926,215.996,212.438,211.472,211.472,-0.360226,2005.09,-0.143396,15980.6,8.0,10.1903,17.8921,25.1079,163.999,127.585,111.691,103.586,96.7427,92.0126,87.4233,82.9852,78.7059,72.9962,66.9149,57.6959,45.3085,32.5246,19.7384,6.41055,-1.0,-1.0,-1.0,-1.0,-1.0
39.846,0.01862352,0.9999998656102299,1.1576581418527858e-16,5,234.186,-6.36834,11.3432,216.212,213.46,210.39,210.39,-0.333795,2006.38,-0.155196,15904.4,8.0,9.90555,17.1833,23.9041,172.43,133.074,116.945,108.685,101.687,96.8349,92.115,87.5368,83.1091,77.1786,70.8067,60.4798,46.8034,33.6519,20.9841,6.78291,-1.0,-1.0,-1.0,-1.0,-1.0
39.866,0.01912356,0.9999998992076724,7.524777922043108e-17,5,234.548,-5.30329,11.9941,215.773,214.686,210.428,210.428,-0.305097,2007.67,-0.159363,15909.3,8.0,9.66312,16.7449,23.4194,174.161,133.823,117.695,109.432,102.431,97.575,92.8499,88.2654,83.8298,77.8858,71.4953,60.949,46.9034,33.7659,21.5407,7.11582,-1.0,-1.0,-1.0,-1.0,-1.0
39.886,0.01918644,0.9999999244057542,4.89110564932802e-17,5,234.905,-3.83884,12.4043,215.667,215.459,210.929,210.929,-0.274624,2008.96,-0.159887,15948.7,8.0,9.43393,16.4345,23.2768,172.334,132.306,116.289,108.094,101.159,96.3534,91.6809,87.1514,82.7729,76.9119,70.6186,60.2102,46.3015,33.4211,21.7552,7.43324,-1.0,-1.0,-1.0,-1.0,-1.0
39.906,0.01919712,0.9999999433043156,3.179218672063213e-17,5,235.255,-2.64469,12.7255,215.952,215.903,211.554,211.554,-0.242872,2010.26,-0.159976,15995.6,8.0,9.19833,16.1492,23.2117,170.109,130.544,114.654,106.539,99.6794,94.9316,90.3197,85.8537,81.5408,75.775,69.5932,59.3606,45.6425,33.0199,21.8885,7.75958,-1.0,-1.0,-1.0,-1.0,-1.0
39.926,0.019389,0.9999999574782368,2.0664921368410885e-17,5,235.608,-1.97404,13.214,216.484,216.083,212.019,212.019,-0.210032,2011.55,-0.161575,16030.2,8.0,8.94497,15.8242,23.0373,169.389,129.737,113.931,105.867,99.0546,94.3426,89.7679,85.3398,81.0658,75.3551,69.2365,59.0598,45.3105,32.7718,22.0804,8.11413,-1.0,-1.0,-1.0,-1.0,-1.0
39.946,0.019668719999999997,0.9999999681086775,1.3432198889467075e-17,5,235.995,-1.67889,13.6584,216.881,216.332,212.072,212.072,-0.176327,2012.84,-0.163906,16025.4,8.0,8.68127,15.4905,22.8305,169.411,129.387,113.643,105.615,98.8363,94.1485,89.5992,85.1965,80.9482,75.273,69.1937,59.0362,45.1428,32.5746,22.2689,8.48362,-1.0,-1.0,-1.0,-1.0,-1.0
39.966,0.01989204,0.9999999760815081,8.7309292781536e-18,5,236.419,-1.29344,14.5086,217.212,216.784,211.442,211.442,-0.141775,2014.14,-0.165767,15986.0,8.0,8.41508,15.1923,22.7276,168.981,128.748,113.08,105.099,98.3626,93.7074,89.1907,84.8219,80.6079,74.9802,68.9558,58.8733,44.8969,32.3172,22.3767,8.82274,-1.0,-1.0,-1.0,-1.0,-1.0
39.986,0.020054279999999997,0.9999999820611312,5.67510403079984e-18,5,236.768,-0.951488,15.2347,217.482,217.166,211.888,211.888,-0.106485,2015.44,-0.167119,16020.9,8.0,8.15586,14.9343,22.756,168.047,127.798,112.225,104.3,97.6177,93.0021,88.5268,84.2004,80.0294,74.4634,68.5087,58.55,44.5624,32.0181,22.4075,9.12448,-1.0,-1.0,-1.0,-1.0,-1.0
40.006,0.02021616,0.9999999865458484,3.688817620019896e-18,5,237.098,-0.757827,15.6533,217.78,217.47,212.648,212.648,-0.0706353,2016.74,-0.168468,16079.3,8.0,7.91099,14.7035,22.8861,167.109,126.844,111.367,103.499,96.8696,92.2942,87.8603,83.5767,79.4485,73.9435,68.0584,58.2241,44.2368,31.7259,22.3958,9.39457,-1.0,-1.0,-1.0,-1.0,-1.0
40.026,0.14021616,0.9999999899093863,2.3977314530129323e-18,5,237.425,-0.677126,15.9291,218.145,217.761,213.427,213.427,-0.0343087,2018.04,-0.17008,16137.6,8.0,7.68001,14.4937,23.1104,166.437,126.045,110.654,102.837,96.2569,91.7175,87.3204,83.0739,78.984,73.533,67.7089,57.9825,43.9716,31.4659,22.3593,9.63686,-1.0,-1.0,-1.0,-1.0,-1.0
40.046,0.1625,0.9999999924320397,1.5585254444584061e-18,5,237.718,-0.576857,16.3719,218.853,217.275,214.038,214.038,0.00286611,2019.34,-0.173502,16183.6,8.0,7.43258,14.1238,22.6721,171.061,128.261,112.789,104.919,98.2843,93.7018,89.2594,84.9631,80.8214,75.2918,69.3725,59.4586,44.7616,31.7326,22.5727,9.91302,-1.0,-1.0,-1.0,-1.0,-1.0
40.066,0.04250000000000001,0.9999999943240299,1.013041538897964e-18,5,237.99,-1.86507,16.7769,219.858,216.671,214.43,214.43,0.0395966,2020.64,-0.174073,16206.1,8.0,7.1511,13.5009,21.2053,57.3463,135.646,119.354,111.285,104.454,99.7203,95.1148,90.6466,86.3231,80.5263,74.2851,63.7423,47.4147,32.886,23.1833,10.264,-1.0,-1.0,-1.0,-1.0,-1.0
40.086,0.02070456,0.9999999957430223,6.584770002836766e-19,5,238.378,-3.1357,17.6385,220.146,217.432,213.454,213.454,0.0752017,2021.95,-0.172538,16137.2,8.0,6.88992,12.9754,20.1455,47.4126,142.661,124.848,116.637,109.665,104.819,100.094,95.4977,91.0385,85.0385,78.5497,67.5112,49.9882,33.952,23.6467,10.5769,-1.0,-1.0,-1.0,-1.0,-1.0
40.106,0.019655759999999998,0.9999999968072668,4.2801005018438983e-19,5,238.705,-2.89623,18.5831,219.663,218.6,213.713,213.713,0.109362,2023.27,-0.163798,16158.3,8.0,6.67663,12.7049,19.9809,45.3142,144.685,126.167,117.911,110.927,106.071,101.333,96.7234,92.248,86.2215,79.6987,68.5825,50.8554,34.2242,23.6918,10.7828,-1.0,-1.0,-1.0,-1.0,-1.0
40.126,0.01833,0.9999999976054501,2.7820653261985343e-19,5,239.014,-2.28844,19.4276,219.735,219.122,214.317,214.317,0.141874,2024.59,-0.15275,16205.1,8.0,6.4856,12.5277,20.1461,44.7638,144.99,126.173,117.897,110.94,106.104,101.386,96.7956,92.3399,86.3416,79.8486,68.783,51.1236,34.2474,23.627,10.9411,-1.0,-1.0,-1.0,-1.0,-1.0
40.146,0.0169314,0.9999999982040876,1.8083424620290472e-19,5,239.378,-1.83128,20.1042,219.965,219.46,214.332,214.332,0.172442,2025.92,-0.141095,16196.5,8.0,6.31018,12.3959,20.3622,44.4994,144.88,125.865,117.575,110.655,105.845,101.155,96.5927,92.1659,86.2075,79.7602,68.776,51.2442,34.2248,23.546,11.0718,-1.0,-1.0,-1.0,-1.0,-1.0
40.166,0.01542,0.9999999986530657,1.1754226003188807e-19,4,239.722,-1.31988,20.9446,220.203,219.906,214.433,214.433,0.200844,2027.26,-0.1285,16213.1,8.0,6.15407,12.3291,20.652,44.7019,144.056,125.021,116.756,109.887,105.116,100.467,95.9462,91.5615,85.6639,79.287,68.4323,51.1219,34.1078,23.4262,11.1701,-1.0,-1.0,-1.0,-1.0,-1.0
40.186,0.0,0.9999999989897992,7.640246902072725e-20,4,239.538,-0.951637,21.5631,220.295,220.054,211.398,211.154,0.226838,2028.6,-0.115575,18031.3,8.0,6.01638,12.3163,20.9493,45.0241,143.007,124.009,115.783,108.971,104.242,99.6374,95.1626,90.8244,84.9936,78.6938,67.9835,50.9215,33.9685,23.2995,11.2426,-1.0,-1.0,-1.0,-1.0,-1.0
40.206,0.0,0.9999999992423494,4.966160486347271e-20,4,239.09,-0.804052,21.8747,219.879,219.736,210.958,210.843,0.250125,2029.94,-0.102236,17989.2,8.0,5.90044,12.3738,21.2782,45.647,141.632,122.754,114.591,107.843,103.162,98.6069,94.1834,89.898,84.1437,77.9322,67.385,50.609,33.787,23.1562,11.2868,-1.0,-1.0,-1.0,-1.0,-1.0
40.226,0.12,0.9999999994317621,3.2280043161257266e-20,4,238.618,-0.591001,22.1372,219.423,219.395,210.06,209.848,0.270548,2031.28,-0.0883296,17664.6,8.0,5.809,12.5215,21.6673,46.798,139.8,121.159,113.093,106.418,101.794,97.2959,92.9328,88.7095,83.043,76.9343,66.5796,50.1428,33.5398,22.9845,11.301,-1.0,-1.0,-1.0,-1.0,-1.0
40.246,0.1625,0.9999999995738216,2.0982028054817224e-20,4,238.736,-0.268829,22.331,219.38,218.728,215.126,215.126,0.288364,2032.63,-0.0776036,18106.4,8.0,5.72074,12.5925,21.6187,45.6928,140.634,121.555,113.373,106.714,102.1,97.6121,93.2581,89.0439,83.3891,77.2918,66.951,50.5137,33.7173,23.0067,11.3305,-1.0,-1.0,-1.0,-1.0,-1.0
40.266,0.1625,0.9999999996803661,1.36383182356312e-20,4,239.109,-1.02394,22.3621,220.093,218.261,215.911,215.911,0.304242,2033.98,-0.0728973,18172.1,8.0,5.61544,12.3972,20.7981,41.1554,147.012,126.022,117.135,110.284,105.598,101.032,96.5951,92.293,86.5076,80.2514,69.5943,52.5227,34.7568,23.4132,11.4109,4.20006,4.19244,4.18618,4.18126,4.1777
40.286,0.1625,0.9999999997602746,8.86490685316028e-21,4,239.465,-2.36239,22.3006,220.764,218.13,216.634,216.634,0.318422,2035.33,-0.0712274,18232.6,8.0,5.50756,12.0701,19.693,36.5225,157.559,133.383,123.324,115.708,110.82,106.139,101.578,97.1452,91.1657,84.6733,73.5428,55.5095,36.3879,24.0655,11.5106,-1.0,-1.0,-1.0,-1.0,-1.0
40.306,0.04250000000000001,0.999999999820206,5.762189454554182e-21,4,239.802,-3.7396,22.1741,221.18,218.212,217.369,217.369,0.331071,2036.69,-0.0703481,18294.1,8.0,5.40801,11.7107,18.6032,32.6402,173.499,142.721,131.103,122.404,116.876,111.833,107.136,102.57,96.3895,89.6511,78.0212,58.9382,38.3834,24.8534,11.6106,-1.0,-1.0,-1.0,-1.0,-1.0
40.326,0.0,0.9999999998651545,3.745423145460219e-21,4,240.174,-4.98197,22.0051,221.593,218.914,217.768,217.768,0.342182,2038.05,-0.0672935,18326.0,8.0,5.33194,11.4216,17.7787,29.99,200.0,151.614,138.394,128.603,122.428,116.826,111.723,107.022,100.698,93.7798,81.7775,61.8816,40.1666,25.5752,11.6999,-1.0,-1.0,-1.0,-1.0,-1.0
40.346,0.0,0.9999999998988659,2.4345250445491423e-21,4,240.61,-5.12323,21.7195,221.475,219.896,217.889,217.889,0.351421,2039.41,-0.0581964,18335.6,8.0,5.30151,11.3183,17.4637,28.9828,60.2719,155.135,141.149,130.851,124.38,118.528,113.21,108.357,102.011,95.0663,83.001,62.9368,40.9179,25.8998,11.7312,-1.0,-1.0,-1.0,-1.0,-1.0
40.366,0.0,0.9999999999241495,1.5824412789569426e-21,4,241.06,-4.22706,21.4238,221.345,220.879,218.142,218.142,0.358597,2040.78,-0.0444682,18367.4,8.0,5.31136,11.3439,17.4884,28.9784,200.0,153.758,139.851,129.615,123.187,117.374,112.094,107.276,101.0,94.1398,82.2382,62.4909,40.8325,25.8949,11.7173,-1.0,-1.0,-1.0,-1.0,-1.0
40.386,0.0,0.9999999999431121,1.0285868313220127e-21,4,241.421,-3.28493,20.8718,221.462,221.529,219.885,219.885,0.363444,2042.15,-0.0294169,18503.7,8.0,5.32802,11.396,17.5919,29.2209,200.0,151.005,137.42,127.411,121.121,115.431,110.26,105.539,99.364,92.6208,80.947,61.6457,40.5198,25.8061,11.6952,-1.0,-1.0,-1.0,-1.0,-1.0
40.406,0.0,0.999999999957334,6.685814403593082e-22,4,241.932,-2.47128,20.3475,221.761,221.934,219.527,219.527,0.365721,2043.53,-0.0141185,18471.6,8.0,5.34065,11.4442,17.6964,29.4863,199.006,148.084,134.849,125.088,118.948,113.391,108.338,103.723,97.6509,91.0308,79.5957,60.7556,40.1763,25.7128,11.6758,-1.0,-1.0,-1.0,-1.0,-1.0
40.426,0.0,0.9999999999680005,4.345779362335504e-22,4,242.43,-1.66148,19.7427,222.06,222.361,219.403,219.403,0.365667,2044.89,-0.00536234,18463.0,8.0,5.35386,11.5112,17.8556,29.9504,191.285,144.399,131.645,122.218,116.282,110.904,106.008,101.527,95.5763,89.0993,77.9428,59.64,39.6984,25.5668,11.6507,-1.0,-1.0,-1.0,-1.0,-1.0
40.446,0.0,0.9999999999760003,2.8247565855180773e-22,4,242.765,-0.954567,18.9863,222.476,222.853,221.403,221.403,0.365515,2046.23,-0.00343258,18651.7,8.0,5.3654,11.5778,18.0194,30.5191,182.141,140.701,128.428,119.337,113.604,108.404,103.667,99.3103,93.484,87.155,76.2815,58.5183,39.2077,25.4191,11.6268,-1.0,-1.0,-1.0,-1.0,-1.0
40.466,0.0,0.9999999999820002,1.8360917805867504e-22,4,243.051,-0.518825,18.0317,222.866,223.162,224.328,224.328,0.365508,2047.58,-0.00221426,18878.7,8.0,5.37196,11.6186,18.1217,30.9884,174.895,137.768,125.844,117.0,111.418,106.352,101.734,97.4696,91.7538,85.5534,74.9259,57.6211,38.8336,25.3283,11.6125,-1.0,-1.0,-1.0,-1.0,-1.0
40.486,0.0,0.9999999999865001,1.1934596573813877e-22,4,243.62,-0.279508,17.4958,223.378,223.538,223.101,223.101,0.365584,2048.94,-0.00160343,18766.6,8.0,5.37459,11.6377,18.1712,31.3668,170.351,135.437,123.759,115.094,109.622,104.654,100.124,95.933,90.3147,84.2277,73.8137,56.9002,38.549,25.2846,11.606,-1.0,-1.0,-1.0,-1.0,-1.0
40.506,0.0,0.9999999999898751,7.75748777297902e-23,4,244.198,-0.153426,17.1834,223.94,224.02,221.59,221.59,0.365723,2050.29,-0.00130731,18642.0,8.0,5.375,11.6451,18.1923,31.7263,166.898,133.407,121.926,113.404,108.021,103.133,98.676,94.5501,89.0221,83.0404,72.8223,56.2642,38.3029,25.2598,11.6037,-1.0,-1.0,-1.0,-1.0,-1.0
40.526,0.0,0.9999999999924063,5.0423670524363635e-23,4,244.719,-0.0796984,16.9105,224.415,224.469,220.906,220.906,0.365907,2051.65,-0.00111419,18587.9,8.0,5.37447,11.6482,18.2035,32.1331,163.815,131.475,120.173,111.783,106.483,101.67,97.2801,93.2165,87.7762,81.8969,71.8684,55.6502,38.0603,25.2294,11.603,-1.0,-1.0,-1.0,-1.0,-1.0
40.546,0.0,0.9999999999943048,3.277538584083637e-23,4,245.18,-0.0325847,16.8051,224.91,224.95,220.956,220.956,0.366093,2053.01,-0.000977341,18604.9,8.0,5.37363,11.6494,18.2098,32.613,160.935,129.593,118.463,110.198,104.977,100.236,95.9111,91.9089,86.5551,80.7755,70.9321,55.0439,37.813,25.1896,11.603,-1.0,-1.0,-1.0,-1.0,-1.0
40.566,0.12,0.9999999999957285,2.130400079654364e-23,4,245.558,-0.00564329,16.5083,225.316,225.341,222.356,222.356,0.366291,2054.37,-0.000886265,18711.8,8.0,5.37244,11.6488,18.2119,33.1819,158.213,127.751,116.785,108.642,103.497,98.8249,94.5634,90.621,85.3527,79.6713,70.0096,54.4422,37.5599,25.1398,11.6037,-1.0,-1.0,-1.0,-1.0,-1.0
40.586,0.1625,0.9999999999967963,1.3847600517753365e-23,4,246.008,0.10692,16.3787,225.897,225.287,222.378,222.378,0.366811,2055.74,-0.00414068,18713.6,8.0,5.35068,11.5307,17.9242,32.5214,162.602,128.821,117.532,109.178,103.912,99.1371,94.7898,90.8082,85.5505,79.8797,70.2337,54.6786,37.7796,25.3165,11.6461,-1.0,-1.0,-1.0,-1.0,-1.0
40.606,0.1625,0.9999999999975973,9.000940336539687e-24,4,246.407,-0.858485,16.3545,226.858,224.883,222.595,222.595,0.368357,2057.11,-0.0140465,18732.6,8.0,5.28594,11.1856,17.1036,29.6902,188.777,136.378,123.616,114.277,108.436,103.17,98.3995,94.057,88.5738,82.742,72.7858,56.6343,38.9858,25.9759,11.7775,-1.0,-1.0,-1.0,-1.0,-1.0
40.626,0.04250000000000001,0.9999999999981979,5.8506112187507965e-24,4,246.775,-2.44946,16.3447,227.622,224.732,222.937,222.937,0.371331,2058.48,-0.0274852,18761.7,8.0,5.19367,10.7334,16.0776,26.5125,200.0,151.792,134.036,122.97,116.133,110.024,104.532,99.5697,93.377,87.1733,76.7388,59.654,40.8161,26.9404,11.9696,-1.0,-1.0,-1.0,-1.0,-1.0
40.646,0.0,0.9999999999986484,3.802897292188018e-24,4,247.156,-3.98058,16.3972,228.117,225.376,223.204,223.204,0.375796,2059.85,-0.0392106,18783.2,8.0,5.10053,10.335,15.2328,24.2694,200.0,180.934,146.058,131.807,123.872,116.847,110.583,104.964,98.0063,91.1201,80.2188,62.3548,42.4802,27.8268,12.16,-1.0,-1.0,-1.0,-1.0,-1.0
40.666,0.0,0.9999999999989864,2.471883239922212e-24,4,247.562,-4.33289,16.418,227.904,226.452,223.583,223.583,0.381504,2061.22,-0.0448921,18815.4,8.0,5.02755,10.0932,14.7835,23.318,44.8901,192.063,153.923,135.862,127.266,119.766,113.108,107.16,99.8228,92.5939,81.4191,63.3497,43.166,28.2458,12.2862,-1.0,-1.0,-1.0,-1.0,-1.0
40.686,0.0,0.9999999999992397,1.6067241059494377e-24,4,248.002,-3.67033,16.4393,227.813,227.344,223.763,223.763,0.388302,2062.6,-0.0464423,18830.5,8.0,4.96527,9.94326,14.5727,23.0722,45.3544,193.096,155.102,135.842,127.068,119.497,112.787,106.799,99.4201,92.1605,81.0069,63.1249,43.1433,28.3256,12.3676,-1.0,-1.0,-1.0,-1.0,-1.0
40.706,0.0,0.9999999999994298,1.0443706688671347e-24,4,248.444,-2.73179,16.4699,227.983,227.991,223.985,223.985,0.39605,2063.98,-0.0461767,18849.4,8.0,4.90357,9.82391,14.4613,23.1262,200.0,190.297,152.253,133.819,125.232,117.785,111.183,105.289,98.0256,90.878,79.9054,62.3781,42.815,28.2567,12.4329,-1.0,-1.0,-1.0,-1.0,-1.0
40.726,0.0,0.9999999999995723,6.788409347636376e-25,4,248.878,-1.86122,16.6425,228.345,228.502,224.248,224.248,0.404527,2065.36,-0.0454362,18871.6,8.0,4.838,9.71107,14.3776,23.2758,200.0,186.472,148.579,131.337,123.009,115.732,109.276,103.509,96.4003,89.3989,78.6464,61.513,42.4143,28.1493,12.4936,-1.0,-1.0,-1.0,-1.0,-1.0
40.746,0.0,0.9999999999996793,4.412466075963644e-25,4,249.307,-1.23694,16.8458,228.754,228.888,224.528,224.528,0.413572,2066.74,-0.0448521,18895.3,8.0,4.76706,9.5965,14.2889,23.4215,200.0,182.956,145.435,129.086,120.967,113.84,107.513,101.86,94.8873,88.0176,77.4682,60.7075,42.0439,28.0523,12.5536,-1.0,-1.0,-1.0,-1.0,-1.0
40.766,0.0,0.9999999999997594,2.8681029493763688e-25,4,249.765,-0.790748,17.1423,229.163,229.278,224.353,224.353,0.42297,2068.13,-0.0443528,18879.7,8.0,4.6928,9.48578,14.2049,23.5864,200.0,179.591,142.582,126.966,119.025,112.037,105.831,100.283,93.438,86.692,76.3342,59.9338,41.6856,27.9554,12.6101,-1.0,-1.0,-1.0,-1.0,-1.0
40.786,0.0,0.9999999999998196,1.8642669170946398e-25,4,250.185,-0.467704,17.49,229.564,229.674,224.665,224.665,0.432631,2069.51,-0.0438789,18907.3,8.0,4.61624,9.38196,14.1324,23.7917,200.0,176.238,139.872,124.904,117.128,110.272,104.182,98.7377,92.0163,85.3892,75.2195,59.1707,41.3272,27.8524,12.6616,-1.0,-1.0,-1.0,-1.0,-1.0
40.806,0.0,0.9999999999998647,1.211773496111516e-25,4,250.593,-0.259274,17.7666,229.95,230.037,225.128,225.128,0.442437,2070.9,-0.0435126,18946.7,8.0,4.53968,9.28547,14.0702,24.0298,200.0,173.089,137.403,122.966,115.333,108.6,102.617,97.2653,90.6589,84.1418,74.1473,58.437,40.9785,27.7476,12.7083,-1.0,-1.0,-1.0,-1.0,-1.0
40.826,0.0,0.9999999999998985,7.876527724724853e-26,4,250.986,-0.134869,17.9566,230.335,230.395,225.725,225.725,0.452347,2072.3,-0.0432685,18997.2,8.0,4.468,9.197,14.0193,24.3046,200.0,170.19,135.167,121.155,113.647,107.024,101.137,95.8711,89.3678,82.9519,73.1198,57.7326,40.6392,27.6411,12.7498,-1.0,-1.0,-1.0,-1.0,-1.0
40.846,0.0,0.9999999999999238,5.119743021071155e-26,4,251.38,-0.0668067,18.0731,230.708,230.743,226.257,226.257,0.462199,2073.7,-0.0413006,19041.7,8.0,4.40201,9.11848,13.9828,24.627,200.0,167.517,133.111,119.446,112.051,105.527,99.7275,94.5391,88.1315,81.8096,72.1275,57.0498,40.3056,27.5308,12.7857,-1.0,-1.0,-1.0,-1.0,-1.0
40.866,0.0,0.9999999999999429,3.3278329636962506e-26,4,251.797,-0.032065,18.1864,231.079,231.099,226.408,226.408,0.471339,2075.1,-0.0375713,19052.5,8.0,4.34207,9.05115,13.9645,25.0142,200.0,164.98,131.166,117.801,110.512,104.08,98.3621,93.2466,86.9294,80.6957,71.1561,56.3786,39.9715,27.4139,12.8152,-1.0,-1.0,-1.0,-1.0,-1.0
40.886,0.0,0.9999999999999571,2.163091426402563e-26,4,252.194,-0.0135315,18.318,231.458,231.471,226.778,226.778,0.479665,2076.51,-0.0338629,19085.5,8.0,4.28848,8.99669,13.968,25.4867,200.0,162.484,129.268,116.18,108.994,102.651,97.0142,91.9703,85.7401,79.5933,70.191,55.7079,39.6303,27.287,12.838,-1.0,-1.0,-1.0,-1.0,-1.0
40.906,0.0,0.9999999999999678,1.4060094271616662e-26,4,252.582,-0.00346528,18.3809,231.817,231.825,227.248,227.248,0.487142,2077.92,-0.0301655,19124.8,8.0,4.24154,8.95599,13.9961,26.0659,200.0,159.988,127.398,114.574,107.487,101.234,95.6753,90.7016,84.5586,78.4967,69.2286,55.0343,39.2808,27.1499,12.8537,-1.0,-1.0,-1.0,-1.0,-1.0
40.926,0.0,0.9999999999999758,9.13906127655083e-27,4,252.971,0.000659169,18.3581,232.162,232.167,227.665,227.665,0.493764,2079.34,-0.0264772,19159.8,8.0,4.20144,8.93011,14.0509,26.7723,200.0,157.49,125.551,112.977,105.99,99.8244,94.3436,89.4398,83.3823,77.4047,68.2663,54.3572,38.9222,27.0018,12.8622,-1.0,-1.0,-1.0,-1.0,-1.0
40.946,0.0,0.9999999999999818,5.9403898297580405e-27,4,253.361,0.00108636,18.2045,232.5,232.502,228.069,228.069,0.499552,2080.76,-0.0227941,19193.6,8.0,4.168,8.91898,14.1333,27.6365,200.0,154.98,123.721,111.39,104.501,98.4212,93.0176,88.182,82.2094,76.3166,67.3063,53.676,38.5545,26.8434,12.864,-1.0,-1.0,-1.0,-1.0,-1.0
40.966,0.0,0.9999999999999863,3.861253389342727e-27,4,253.719,-0.000203802,17.9569,232.853,232.854,228.832,228.832,0.504466,2082.18,-0.0191096,19267.6,8.0,4.14182,8.92383,14.2465,28.7063,200.0,152.428,121.896,109.803,103.012,97.0186,91.6912,86.9249,81.0369,75.2278,66.3458,52.9889,38.1767,26.6738,12.8584,-1.0,-1.0,-1.0,-1.0,-1.0
40.986,0.0,0.9999999999999898,2.5098147030727726e-27,4,254.078,-0.00140588,17.549,233.171,233.17,229.631,229.631,0.508535,2083.6,-0.0154222,19323.4,8.0,4.1225,8.94517,14.3921,30.0488,200.0,149.824,120.077,108.217,101.524,95.6158,90.3652,85.6675,79.8646,74.139,65.3848,52.2957,37.7892,26.4936,12.8459,-1.0,-1.0,-1.0,-1.0,-1.0
41.006,0.0,0.9999999999999923,1.6313795569973025e-27,4,254.488,-0.00384444,17.3035,233.543,233.54,229.558,229.558,0.511734,2085.02,-0.0117334,19317.0,8.0,4.11057,8.98345,14.5725,31.7822,199.651,147.166,118.264,106.632,100.036,94.2137,89.0394,84.4094,78.692,73.0501,64.4238,51.5965,37.3921,26.3028,12.8263,-1.0,-1.0,-1.0,-1.0,-1.0
41.026,0.0,0.9999999999999942,1.0603967120482466e-27,4,254.885,-0.00553695,17.1691,233.921,233.919,229.626,229.626,0.514053,2086.45,-0.00803692,19323.5,8.0,4.10607,9.04,14.7917,34.1506,197.403,144.424,116.449,105.041,98.5427,92.8076,87.71,83.1492,77.516,71.9576,63.4602,50.8901,36.9845,26.101,12.7996,-1.0,-1.0,-1.0,-1.0,-1.0
41.046,0.0,0.9999999999999957,6.892578628313603e-28,4,255.276,-0.00620557,17.0418,234.274,234.273,229.77,229.77,0.515523,2087.88,-0.00433046,19335.8,8.0,4.1088,9.11484,15.0505,37.8284,195.145,141.572,114.63,103.447,97.0459,91.3978,86.3769,81.885,76.3371,70.8629,62.4944,50.1768,36.5671,25.8887,12.7661,-1.0,-1.0,-1.0,-1.0,-1.0
41.066,0.12,0.9999999999999968,4.480176108403842e-28,4,255.659,-0.00622906,16.9943,234.638,234.637,229.967,229.967,0.516108,2089.31,-0.000615422,19353.9,8.0,4.11929,9.20907,15.3539,200.0,192.879,138.591,112.808,101.847,95.545,89.9836,85.0402,80.6177,75.1556,69.766,61.5264,49.4567,36.1396,25.6662,12.7256,-1.0,-1.0,-1.0,-1.0,-1.0
41.086,0.1625,0.9999999999999976,2.9121144704624975e-28,4,255.994,0.0780437,16.8919,235.143,234.494,230.546,230.546,0.516159,2090.74,-0.000331227,19401.6,8.0,4.12,9.21616,15.3773,200.0,196.526,146.646,114.997,102.935,96.4036,90.658,85.5645,81.0193,75.4192,69.9102,61.5173,49.4022,36.1075,25.6494,12.7225,-1.0,-1.0,-1.0,-1.0,-1.0
41.106,0.1625,0.9999999999999982,1.8928744058006235e-28,4,256.31,-0.965387,16.8537,236.006,234.002,230.861,230.861,0.516388,2092.17,-0.00670225,19428.5,8.0,4.09171,9.03167,14.8221,34.9779,200.0,166.749,131.403,110.687,102.447,95.8764,90.1068,84.998,78.7566,72.6717,63.5059,50.6758,36.8704,26.0528,12.8027,-1.0,-1.0,-1.0,-1.0,-1.0
41.126,0.1625,0.9999999999999987,1.2303683637704053e-28,4,256.588,-2.62657,16.8617,236.73,233.75,231.254,231.254,0.517258,2093.61,-0.0167726,19461.6,8.0,4.04374,8.74621,14.0134,28.5568,200.0,188.198,164.296,134.326,115.266,105.311,98.1002,91.9785,84.598,77.5046,67.0066,52.8031,38.1444,26.7241,12.9364,-1.0,-1.0,-1.0,-1.0,-1.0
41.146,0.1625,0.999999999999999,7.997394364507635e-29,4,256.839,-4.25055,16.8783,237.08,233.738,231.628,231.628,0.519114,2095.05,-0.0277646,19493.0,8.0,3.98538,8.43866,13.2056,24.5237,200.0,200.0,187.411,166.956,149.197,124.043,110.081,101.387,92.3188,83.8073,71.4879,55.3387,39.642,27.5104,13.0947,-1.0,-1.0,-1.0,-1.0,-1.0
41.166,0.04250000000000001,0.9999999999999992,5.198306336929963e-29,5,257.07,-5.51363,16.918,237.208,233.877,231.946,231.946,0.522196,2096.49,-0.0382264,19519.4,8.0,3.92056,8.14179,12.4847,21.7778,200.0,200.0,200.0,188.782,174.562,158.941,138.932,116.12,101.731,91.2273,76.6236,58.1363,41.187,28.3215,13.2612,-1.0,-1.0,-1.0,-1.0,-1.0
41.186,0.0,0.9999999999999994,3.378899119004476e-29,5,256.897,-6.38189,16.9372,237.319,234.61,228.06,225.718,0.52653,2097.93,-0.0457433,17489.1,8.0,3.85782,7.90356,11.955,20.1084,130.654,200.0,200.0,200.0,191.287,176.902,161.993,143.869,113.192,98.1664,81.2361,60.5246,42.4039,28.9671,13.4023,-1.0,-1.0,-1.0,-1.0,-1.0
41.206,0.0,0.9999999999999996,2.1962844273529095e-29,5,256.386,-6.15072,16.9329,236.428,235.04,226.817,225.606,0.531769,2099.37,-0.0474828,17450.1,8.0,3.80881,7.77778,11.7251,19.5465,118.811,200.0,200.0,200.0,199.594,183.928,169.902,154.192,122.46,101.825,83.2567,61.43,42.7877,29.1927,13.472,-1.0,-1.0,-1.0,-1.0,-1.0
41.226,0.0,0.9999999999999997,1.4275848777793913e-29,5,255.883,-4.99794,16.9106,235.499,235.102,225.519,225.061,0.537643,2100.8,-0.0450967,17028.5,8.0,3.76919,7.72671,11.6891,19.6423,116.753,200.0,200.0,200.0,200.0,184.472,170.521,155.302,125.313,102.05,83.0737,61.1419,42.5527,29.1068,13.4895,-1.0,-1.0,-1.0,-1.0,-1.0
41.246,0.0,0.9999999999999998,9.279301705566044e-30,5,255.894,-3.67577,16.9305,234.968,235.032,230.096,230.096,0.543884,2102.23,-0.0409663,17397.3,8.0,3.7325,7.70496,11.7333,20.0313,118.846,200.0,200.0,200.0,197.829,182.167,168.337,153.133,123.056,100.605,81.945,60.3562,42.0673,28.8946,13.4857,-1.0,-1.0,-1.0,-1.0,-1.0
41.266,0.0,0.9999999999999998,6.031546108617928e-30,5,256.219,-2.55879,16.971,235.114,235.303,230.312,230.312,0.550257,2103.67,-0.0363725,17412.1,8.0,3.69608,7.69042,11.8007,20.5368,121.38,200.0,200.0,200.0,194.461,179.187,165.472,150.171,119.712,98.7815,80.6096,59.4674,41.5302,28.6544,13.4769,2.70538,2.70239,2.70029,2.69894,2.69846
41.286,0.0,0.9999999999999998,3.9205049706016535e-30,5,256.552,-1.68135,17.0626,235.394,235.615,230.317,230.317,0.556442,2105.1,-0.0316628,17412.4,8.0,3.66138,7.68151,11.8832,21.1329,123.703,200.0,200.0,200.0,190.986,176.114,162.47,147.05,116.468,96.9286,79.2583,58.574,40.9872,28.4084,13.4652,-1.0,-1.0,-1.0,-1.0,-1.0
41.306,0.0,0.9999999999999998,2.5483282308910747e-30,5,256.87,-1.03752,17.1724,235.694,235.906,230.502,230.502,0.562205,2106.54,-0.0270074,17426.8,8.0,3.62976,7.67871,11.9789,21.8153,126.28,200.0,200.0,200.0,187.703,173.208,159.601,144.086,113.657,95.1916,77.9738,57.7196,40.4583,28.1654,13.4511,-1.0,-1.0,-1.0,-1.0,-1.0
41.326,0.0,0.9999999999999998,1.656413350079199e-30,5,257.181,-0.604261,17.2685,236.0,236.172,230.763,230.763,0.567368,2107.98,-0.0225371,17446.7,8.0,3.60229,7.68305,12.0863,22.5803,129.164,200.0,200.0,200.0,184.828,170.647,157.069,141.525,111.419,93.6685,76.8131,56.9338,39.9564,27.9316,13.4349,-1.0,-1.0,-1.0,-1.0,-1.0
41.346,0.0,0.9999999999999998,1.0766686775514793e-30,5,257.486,-0.331554,17.4229,236.323,236.44,231.063,231.063,0.571823,2109.43,-0.0182946,17469.6,8.0,3.57981,7.69564,12.2071,23.4388,132.421,200.0,200.0,198.868,182.402,168.467,154.942,139.45,109.735,92.3749,75.7875,56.2224,39.4873,27.7076,13.4161,-1.0,-1.0,-1.0,-1.0,-1.0
41.366,0.0,0.9999999999999998,6.9983464040846165e-31,5,257.788,-0.178017,17.5737,236.626,236.695,231.381,231.381,0.575485,2110.87,-0.0142558,17493.7,8.0,3.56323,7.71883,12.3455,24.4232,136.777,200.0,200.0,196.591,180.358,166.611,153.171,137.803,108.492,91.2756,74.8752,55.5732,39.048,27.4893,13.3935,-1.0,-1.0,-1.0,-1.0,-1.0
41.386,0.0,0.9999999999999998,4.548925162655e-31,5,258.114,-0.0930183,17.7785,236.925,236.965,231.373,231.373,0.578303,2112.32,-0.0103334,17492.4,8.0,3.55328,7.75605,12.51,25.5996,200.0,200.0,200.0,194.571,178.53,164.938,151.605,136.405,107.504,90.2903,74.0273,54.9594,38.626,27.2696,13.3659,-1.0,-1.0,-1.0,-1.0,-1.0
41.406,0.0,0.9999999999999998,2.9568013557257503e-31,5,258.416,-0.0463524,18.0041,237.22,237.244,231.645,231.645,0.580241,2113.76,-0.00647384,17513.6,8.0,3.55048,7.80963,12.7065,27.0612,200.0,200.0,200.0,192.691,176.819,163.366,150.151,135.14,106.664,89.3697,73.2144,54.3645,38.2133,27.0447,13.3323,-1.0,-1.0,-1.0,-1.0,-1.0
41.426,0.0,0.9999999999999998,1.9219208812217377e-31,5,258.711,-0.0222173,18.1658,237.497,237.51,232.022,232.022,0.581314,2115.21,-0.00265247,17542.4,8.0,3.55498,7.88047,12.9386,28.9496,200.0,200.0,200.0,190.898,175.181,161.858,148.768,133.956,105.931,88.4936,72.4231,53.7816,37.8062,26.8129,13.2923,-1.0,-1.0,-1.0,-1.0,-1.0
41.446,0.0,0.9999999999999998,1.2492485727941295e-31,5,259.0,-0.010554,18.3624,237.785,237.791,232.427,232.427,0.581477,2116.66,0.00114697,17572.8,8.0,3.56733,7.97048,13.2116,31.4771,200.0,200.0,200.0,189.155,173.585,160.386,147.426,132.823,105.273,87.6458,71.6436,53.2053,37.4023,26.5726,13.2455,-1.0,-1.0,-1.0,-1.0,-1.0
41.466,0.0,0.9999999999999998,8.120115723161841e-32,5,259.293,-0.00617914,18.5672,238.055,238.057,232.757,232.757,0.580744,2118.12,0.00493306,17597.5,8.0,3.58737,8.08023,13.5292,34.1598,200.0,200.0,200.0,187.447,172.019,158.938,146.11,131.715,104.68,86.8206,70.8724,52.6328,37.0005,26.3236,13.192,-1.0,-1.0,-1.0,-1.0,-1.0
41.486,0.0,0.9999999999999998,5.278075220055197e-32,5,259.624,-0.0048367,18.8506,238.334,238.335,232.555,232.555,0.579096,2119.57,0.00871628,17581.0,8.0,3.61557,8.21137,13.896,36.8425,200.0,200.0,200.0,185.75,170.462,157.499,144.804,130.616,104.133,86.0092,70.1032,52.0615,36.5989,26.0651,13.1316,-1.0,-1.0,-1.0,-1.0,-1.0
41.506,0.0,0.9999999999999998,3.430748893035878e-32,5,259.918,-0.00422035,19.1961,238.62,238.621,232.788,232.788,0.576543,2121.03,0.0125038,17600.1,8.0,3.65189,8.36456,14.3171,39.5272,200.0,200.0,200.0,184.052,168.903,156.058,143.497,129.515,103.627,85.2059,69.3337,51.49,36.1967,25.7972,13.0643,-1.0,-1.0,-1.0,-1.0,-1.0
41.526,0.0,0.9999999999999998,2.2299867804733209e-32,5,260.202,-0.00398672,19.4475,238.882,238.882,233.177,233.177,0.573069,2122.49,0.0162942,17630.0,8.0,3.69651,8.541,14.7979,42.2128,200.0,200.0,200.0,182.354,167.344,154.618,142.188,128.409,103.163,84.4107,68.5636,50.9177,35.7943,25.5197,12.9901,-1.0,-1.0,-1.0,-1.0,-1.0
41.546,0.0,0.9999999999999998,1.4494914073076585e-32,5,260.477,-0.00450003,19.7056,239.156,239.157,233.647,233.647,0.56868,2123.95,0.020086,17665.3,8.0,3.74961,8.74175,15.3449,44.9001,200.0,200.0,200.0,180.658,165.786,153.178,140.88,127.302,102.753,83.6259,67.7937,50.3453,35.3916,25.2339,12.9091,-1.0,-1.0,-1.0,-1.0,-1.0
41.566,0.0,0.9999999999999998,9.421694147499781e-33,5,260.758,-0.00551749,19.979,239.413,239.412,234.016,234.016,0.56337,2125.41,0.0238792,17692.8,8.0,3.81125,8.96777,15.9641,47.5868,200.0,200.0,200.0,178.961,164.229,151.74,139.574,126.194,102.4,82.8531,67.0235,49.7731,34.9888,24.9464,12.8213,-1.0,-1.0,-1.0,-1.0,-1.0
41.586,0.12,0.9999999999999998,6.124101195874858e-33,5,261.09,-0.0062709,20.3378,239.681,239.682,233.682,233.682,0.557139,2126.87,0.0276791,17665.6,8.0,3.88159,9.22053,16.6651,50.2793,200.0,200.0,200.0,177.26,162.667,150.296,138.262,125.078,102.002,82.0861,66.2516,49.1991,34.5854,24.6586,12.7268,-1.0,-1.0,-1.0,-1.0,-1.0
41.606,0.1625,0.9999999999999998,3.980665777318658e-33,5,261.35,0.10962,20.8034,240.22,239.389,233.912,233.912,0.55041,2128.33,0.0275266,17685.2,8.0,3.94012,9.36132,16.9397,48.4287,200.0,200.0,200.0,183.033,167.373,154.193,142.472,130.053,109.803,85.2453,67.2764,49.5983,34.652,24.6004,12.6742,-1.0,-1.0,-1.0,-1.0,-1.0
41.626,0.1625,0.9999999999999998,2.587432755257128e-33,5,261.555,-0.93358,21.1348,241.004,238.796,234.437,234.437,0.543991,2129.8,0.0206458,17726.0,8.0,3.96749,9.27919,16.4089,41.2461,108.76,200.0,200.0,200.0,185.26,169.095,155.536,143.814,126.68,102.77,72.2485,51.8313,35.5776,24.9544,12.7015,-1.0,-1.0,-1.0,-1.0,-1.0
41.646,0.04250000000000001,0.9999999999999998,1.6818312909171333e-33,5,261.716,-2.46336,21.4421,241.629,238.457,235.107,235.107,0.538376,2131.26,0.0102274,17776.5,8.0,3.97293,9.07874,15.5476,34.3853,89.3439,200.0,200.0,200.0,200.0,195.451,177.395,162.405,145.214,126.115,82.8741,55.5002,37.1075,25.5805,12.7786,-1.0,-1.0,-1.0,-1.0,-1.0
41.666,0.0,0.9999999999999998,1.0931903390961367e-33,5,261.901,-4.39955,21.7856,242.009,238.888,235.593,235.593,0.533722,2132.73,0.000205692,17812.0,8.0,3.97208,8.88509,14.8006,29.808,72.712,105.732,200.0,200.0,200.0,200.0,200.0,186.03,163.664,143.892,105.925,59.7569,38.8034,26.2624,12.8616,-1.0,-1.0,-1.0,-1.0,-1.0
41.686,0.0,0.9999999999999998,7.105737204124889e-34,5,262.213,-4.82329,22.2191,241.494,239.921,234.93,234.93,0.529643,2134.2,-0.00279648,17757.4,8.0,3.99478,8.88215,14.6632,28.4222,64.9305,95.3649,200.0,200.0,200.0,200.0,200.0,199.886,174.109,151.768,116.562,61.94,39.5714,26.524,12.8647,-1.0,-1.0,-1.0,-1.0,-1.0
41.706,0.0,0.9999999999999998,4.618729182681178e-34,5,262.503,-3.59798,22.8156,241.106,240.892,234.855,234.855,0.526128,2135.67,0.000331577,17756.0,8.0,4.03754,9.03846,14.9753,28.9207,64.9799,94.1649,200.0,200.0,200.0,200.0,200.0,200.0,174.152,151.66,117.115,61.8298,39.4058,26.3861,12.7971,-1.0,-1.0,-1.0,-1.0,-1.0
41.726,0.0,0.9999999999999998,3.002173968742766e-34,5,262.771,-2.26351,23.2478,241.104,241.397,235.22,235.22,0.522812,2137.14,0.00556296,17784.7,8.0,4.0877,9.2561,15.4247,30.0111,67.1655,95.491,200.0,200.0,200.0,200.0,200.0,195.452,170.434,148.707,114.718,60.9007,38.9306,26.121,12.7063,-1.0,-1.0,-1.0,-1.0,-1.0
41.746,0.0,0.9999999999999998,1.951413079682798e-34,5,263.023,-1.29342,23.6164,241.352,241.669,235.773,235.773,0.519241,2138.61,0.0108058,17826.3,8.0,4.1407,9.48327,15.8591,31.0933,68.9789,97.077,200.0,200.0,200.0,200.0,200.0,190.933,166.852,145.855,112.421,60.0184,38.4765,25.8689,12.6151,-1.0,-1.0,-1.0,-1.0,-1.0
41.766,0.0,0.9999999999999998,1.2684185017938187e-34,5,263.279,-0.762183,24.0385,241.681,241.815,236.2,236.2,0.515157,2140.08,0.0152575,17858.1,8.0,4.1955,9.68132,16.2137,31.8969,69.7271,97.6965,200.0,200.0,200.0,200.0,200.0,188.328,164.728,144.114,111.301,59.4979,38.1603,25.679,12.5355,-1.0,-1.0,-1.0,-1.0,-1.0
41.786,0.0,0.9999999999999998,8.244720261659822e-35,5,263.607,-0.468946,24.554,241.965,242.033,235.652,235.652,0.510386,2141.56,0.0193898,17813.2,8.0,4.2554,9.8648,16.5324,32.5769,70.0226,97.8931,200.0,200.0,200.0,200.0,200.0,186.481,163.183,142.818,110.638,59.1388,37.9014,25.5154,12.4618,-1.0,-1.0,-1.0,-1.0,-1.0
41.806,0.0,0.9999999999999998,5.359068170078885e-35,5,263.874,-0.260629,25.2791,242.245,242.311,235.797,235.797,0.504827,2143.03,0.0235135,17827.6,8.0,4.32281,10.0453,16.8461,33.2472,70.2133,98.1627,200.0,200.0,200.0,200.0,200.0,184.683,161.676,141.55,109.992,58.8117,37.6486,25.3554,12.3895,-1.0,-1.0,-1.0,-1.0,-1.0
41.826,0.0,0.9999999999999998,3.4833943105512753e-35,5,264.12,-0.135529,25.802,242.479,242.531,236.263,236.263,0.498413,2144.51,0.0275752,17863.8,8.0,4.39628,10.2223,17.1518,33.8916,70.2691,98.4232,200.0,200.0,200.0,200.0,200.0,183.04,160.288,140.373,109.421,58.5362,37.4081,25.2012,12.3187,-1.0,-1.0,-1.0,-1.0,-1.0
41.846,0.0,0.9999999999999998,2.264206301858329e-35,5,264.354,-0.0676856,26.1575,242.72,242.751,236.886,236.886,0.491099,2145.99,0.0315549,17910.7,8.0,4.46965,10.3959,17.4485,34.5034,70.1925,98.633,200.0,200.0,200.0,200.0,200.0,181.585,159.045,139.308,108.939,58.3224,37.1818,25.0534,12.2491,-1.0,-1.0,-1.0,-1.0,-1.0
41.866,0.0,0.9999999999999998,1.471734096207914e-35,5,264.597,-0.0365776,26.4485,242.949,242.961,237.384,237.384,0.482941,2147.47,0.033641,17947.8,8.0,4.54275,10.5672,17.7384,35.088,70.0057,98.81,200.0,200.0,200.0,200.0,200.0,180.291,157.924,138.335,108.524,58.1665,36.9666,24.9104,12.1804,-1.0,-1.0,-1.0,-1.0,-1.0
41.886,0.0,0.9999999999999998,9.566271625351441e-36,5,264.908,-0.0213638,26.8092,243.19,243.197,236.969,236.969,0.47467,2148.94,0.0336716,17913.4,8.0,4.61558,10.7374,18.0253,35.6616,69.7564,99.0652,200.0,200.0,200.0,200.0,199.218,179.053,156.847,137.397,108.117,58.0515,36.7559,24.7695,12.1121,-1.0,-1.0,-1.0,-1.0,-1.0
41.906,0.0,0.9999999999999998,6.218076556478437e-36,5,265.162,-0.0130118,27.2989,243.457,243.46,237.196,237.196,0.466382,2150.41,0.0336868,17933.4,8.0,4.68847,10.9073,18.3112,36.2305,69.4613,99.465,200.0,200.0,200.0,200.0,197.872,177.845,155.793,136.476,107.7,57.9742,36.5471,24.6293,12.0439,-1.0,-1.0,-1.0,-1.0,-1.0
41.926,0.0,0.9999999999999998,4.0417497617109845e-36,5,265.4,-0.00996358,27.6014,243.679,243.679,237.683,237.683,0.458097,2151.88,0.0336911,17970.9,8.0,4.76129,11.0768,18.596,36.7948,69.1266,100.083,200.0,200.0,200.0,200.0,196.551,176.659,154.755,135.568,107.274,57.935,36.34,24.4898,11.9758,-1.0,-1.0,-1.0,-1.0,-1.0
41.946,0.0,0.9999999999999998,2.6271373451121398e-36,5,265.639,-0.00880839,27.719,243.894,243.895,238.196,238.196,0.449806,2153.35,0.033694,18009.4,8.0,4.83415,11.2464,18.8808,37.3587,68.7601,101.082,200.0,200.0,200.0,200.0,195.235,175.479,153.72,134.662,106.828,57.9337,36.133,24.3504,11.9076,-1.0,-1.0,-1.0,-1.0,-1.0
41.966,0.0,0.9999999999999998,1.707639274322891e-36,5,265.883,-0.0080027,27.8698,244.127,244.127,238.59,238.59,0.441506,2154.83,0.0336959,18038.6,8.0,4.90708,11.4161,19.1659,37.9233,68.3675,102.813,200.0,200.0,200.0,200.0,193.918,174.295,152.684,133.755,106.359,57.9712,35.9258,24.2109,11.8394,-1.0,-1.0,-1.0,-1.0,-1.0
41.986,0.0,0.9999999999999998,1.1099655283098791e-36,5,266.148,-0.00771309,27.9917,244.352,244.353,238.735,238.735,0.4332,2156.31,0.0336997,18043.4,8.0,4.98008,11.586,19.4513,38.4821,67.9509,107.933,200.0,200.0,200.0,200.0,192.598,173.11,151.645,132.846,105.868,58.0505,35.7183,24.0712,11.7712,-1.0,-1.0,-1.0,-1.0,-1.0
42.006,0.0,0.9999999999999998,7.214775934014215e-37,5,266.43,-0.00592445,28.31,244.614,244.616,238.534,238.534,0.424887,2157.79,0.0337078,18034.2,8.0,5.05317,11.7563,19.7375,38.9704,67.5128,200.0,200.0,200.0,200.0,200.0,191.265,171.913,150.599,131.93,105.354,58.1744,35.5099,23.931,11.7028,-1.0,-1.0,-1.0,-1.0,-1.0
42.026,0.0,0.9999999999999998,4.689604357109239e-37,5,266.674,-0.00535054,28.5556,244.845,244.846,238.855,238.855,0.416559,2159.27,0.033713,18058.9,8.0,5.12636,11.9267,20.0239,39.3766,67.0521,200.0,200.0,200.0,200.0,200.0,189.937,170.721,149.557,131.018,104.825,58.3491,35.3017,23.7909,11.6344,-1.0,-1.0,-1.0,-1.0,-1.0
42.046,0.0,0.9999999999999998,3.0482428321210058e-37,5,266.912,-0.00525158,28.6787,245.063,245.064,239.275,239.275,0.408223,2160.75,0.0337169,18090.7,8.0,5.19963,12.0973,20.3104,39.7113,66.5689,200.0,200.0,200.0,200.0,200.0,188.612,169.53,148.515,130.106,104.279,58.5815,35.0973,23.6506,11.5659,-1.0,-1.0,-1.0,-1.0,-1.0
42.066,0.0,0.9999999999999998,1.9813578408786538e-37,5,267.152,-0.00553182,28.8374,245.295,245.295,239.628,239.628,0.399886,2162.23,0.0337188,18117.1,8.0,5.27289,12.2678,20.5967,39.9806,66.0685,200.0,200.0,200.0,200.0,200.0,187.29,168.342,147.475,129.196,103.719,58.8773,34.9073,23.5105,11.4974,-1.0,-1.0,-1.0,-1.0,-1.0
42.086,0.0,0.9999999999999998,1.2878825965711249e-37,5,267.398,-0.00623885,28.9642,245.517,245.517,239.903,239.903,0.391538,2163.71,0.0337188,18137.6,8.0,5.34624,12.4384,20.8833,40.1915,65.5808,200.0,200.0,200.0,200.0,200.0,185.971,167.157,146.438,128.286,103.144,59.2441,34.7328,23.3703,11.4288,-1.0,-1.0,-1.0,-1.0,-1.0
42.106,0.0,0.9999999999999998,8.371236877712312e-38,5,267.677,-0.00608486,29.2305,245.76,245.761,239.688,239.688,0.383178,2165.2,0.0337226,18121.1,8.0,5.41972,12.6095,21.1707,40.3513,65.1161,200.0,200.0,200.0,200.0,200.0,184.643,165.964,145.392,127.37,102.55,59.6868,34.5728,23.2296,11.3601,-1.0,-1.0,-1.0,-1.0,-1.0
42.126,0.0,0.9999999999999998,5.441303970513003e-38,5,267.919,-0.00574767,29.4842,245.991,245.992,239.944,239.944,0.374806,2166.69,0.0337264,18140.9,8.0,5.49331,12.7808,21.4585,40.4633,64.6739,200.0,200.0,200.0,200.0,200.0,183.313,164.77,144.345,126.455,101.942,60.2178,34.4293,23.0888,11.2913,-1.0,-1.0,-1.0,-1.0,-1.0
42.146,0.0,0.9999999999999998,3.5368475808334523e-38,5,268.154,-0.00589131,29.6484,246.208,246.209,240.3,240.3,0.366433,2168.18,0.0337288,18168.2,8.0,5.56689,12.9521,21.7461,40.5296,64.2541,200.0,200.0,200.0,200.0,200.0,181.986,163.578,143.302,125.541,101.321,60.8136,34.303,22.948,11.2225,-1.0,-1.0,-1.0,-1.0,-1.0
42.166,0.0,0.9999999999999998,2.298950927541744e-38,5,268.388,-0.00602621,29.7741,246.429,246.43,240.662,240.662,0.358058,2169.67,0.0337312,18195.3,8.0,5.64049,13.1234,22.0339,40.5553,63.8593,200.0,200.0,200.0,200.0,200.0,180.665,162.384,142.257,124.626,100.688,61.3273,34.1944,22.8072,11.1537,-1.0,-1.0,-1.0,-1.0,-1.0
42.186,0.0,0.9999999999999998,1.4943181029021337e-38,5,268.627,-0.00662134,29.8888,246.647,246.647,240.95,240.95,0.349663,2171.16,0.0337312,18216.8,8.0,5.71426,13.295,22.3221,40.5425,63.4919,200.0,200.0,200.0,200.0,200.0,179.354,161.194,141.214,123.712,100.043,61.7583,34.1041,22.6662,11.0847,-1.0,-1.0,-1.0,-1.0,-1.0
42.206,0.0,0.9999999999999998,9.71306766886387e-39,5,268.891,-0.00674902,30.0552,246.873,246.873,240.873,240.873,0.341254,2172.65,0.033734,18210.1,8.0,5.78816,13.467,22.6048,40.4962,63.1556,200.0,200.0,200.0,200.0,200.0,178.041,159.996,140.166,122.795,99.3823,62.1103,34.0325,22.5249,11.0157,-1.0,-1.0,-1.0,-1.0,-1.0
42.226,0.0,0.9999999999999998,6.313493984761515e-39,5,269.131,-0.00614201,30.2587,247.104,247.105,241.08,241.08,0.332855,2174.14,0.0337388,18226.7,8.0,5.86199,13.639,22.8546,40.415,62.8516,198.83,200.0,200.0,200.0,200.0,176.736,158.796,139.115,121.875,98.7096,62.3964,33.9811,22.3876,10.9466,-1.0,-1.0,-1.0,-1.0,-1.0
42.246,0.0,0.9999999999999998,4.103771090094985e-39,5,269.364,-0.00612207,30.3983,247.32,247.321,241.391,241.391,0.324439,2175.64,0.0337416,18250.5,8.0,5.93595,13.8111,23.0711,40.3043,62.5821,197.621,200.0,200.0,200.0,200.0,175.442,157.597,138.065,120.955,98.0262,62.6228,33.9505,22.2613,10.8775,-1.0,-1.0,-1.0,-1.0,-1.0
42.266,0.0,0.9999999999999998,2.6674512085617402e-39,5,269.595,-0.00629205,30.4798,247.534,247.535,241.722,241.722,0.31602,2177.13,0.0337436,18275.3,8.0,6.00994,13.9833,23.2553,40.1631,62.3523,196.407,200.0,200.0,200.0,200.0,174.164,156.399,137.016,120.037,97.3323,62.7946,33.9418,22.1465,10.8083,4.10388,4.10442,4.10621,4.10926,4.11357
42.286,0.0,0.9999999999999998,1.7338432855651312e-39,5,269.829,-0.00638207,30.5651,247.75,247.751,241.996,241.996,0.307585,2178.63,0.0337464,18295.8,8.0,6.08407,14.1559,23.4096,39.995,62.1649,195.19,200.0,200.0,200.0,200.0,172.9,155.197,135.965,119.115,96.6275,62.9163,33.9559,22.0431,10.739,-1.0,-1.0,-1.0,-1.0,-1.0
42.306,0.0,0.9999999999999998,1.1269981356173352e-39,5,270.078,-0.00641271,30.6556,247.966,247.967,242.079,242.079,0.299145,2180.13,0.0337498,18300.5,8.0,6.15826,14.3286,23.5353,39.8014,62.0265,193.97,200.0,200.0,200.0,200.0,171.65,153.994,134.911,118.194,95.9114,62.9913,33.9938,21.9517,10.6697,-1.0,-1.0,-1.0,-1.0,-1.0
42.326,0.0,0.9999999999999998,7.325487881512679e-40,5,270.318,-0.00595893,30.8011,248.194,248.195,242.211,242.211,0.290703,2181.63,0.0337545,18312.1,8.0,6.23247,14.4922,23.6334,39.5834,61.9421,192.747,200.0,200.0,200.0,200.0,170.424,152.788,133.856,117.269,95.1844,63.0243,34.0569,21.8726,10.6003,-1.0,-1.0,-1.0,-1.0,-1.0
42.346,0.0,0.9999999999999998,4.761567122983242e-40,5,270.55,-0.00607909,30.9106,248.409,248.41,242.472,242.472,0.282248,2183.13,0.0337569,18332.0,8.0,6.30678,14.6373,23.7056,39.3415,61.9184,191.519,200.0,200.0,200.0,200.0,169.242,151.585,132.801,116.347,94.4496,63.0182,34.1466,21.8061,10.5308,-1.0,-1.0,-1.0,-1.0,-1.0
42.366,0.0,0.9999999999999998,3.0950186299391076e-40,5,270.779,-0.00629507,30.9698,248.62,248.62,242.763,242.763,0.273788,2184.64,0.0337598,18354.0,8.0,6.38114,14.7642,23.7525,39.0765,61.9624,190.287,200.0,200.0,200.0,200.0,168.118,150.381,131.748,115.423,93.7056,62.9765,34.2646,21.7527,10.4613,-1.0,-1.0,-1.0,-1.0,-1.0
42.386,0.0,0.9999999999999998,2.0117621094604198e-40,5,271.01,-0.00646723,31.0287,248.833,248.834,243.02,243.02,0.265316,2186.14,0.0337617,18373.2,8.0,6.45559,14.8735,23.7758,38.7907,62.087,189.053,199.295,200.0,200.0,200.0,167.109,149.177,130.693,114.499,92.9551,62.9014,34.4118,21.7125,10.3917,-1.0,-1.0,-1.0,-1.0,-1.0
42.406,0.0,0.9999999999999998,1.3076453711492729e-40,5,271.243,-0.00667918,31.0721,249.045,249.046,243.232,243.232,0.256828,2187.65,0.0337645,18388.2,8.0,6.5302,14.9657,23.7761,38.4862,62.3087,187.814,197.961,200.0,200.0,200.0,166.46,147.97,129.635,113.574,92.2042,62.7925,34.5901,21.6861,10.323,-1.0,-1.0,-1.0,-1.0,-1.0
42.426,0.0,0.9999999999999998,8.499694912470274e-41,5,271.483,-0.00621105,31.1563,249.264,249.265,243.332,243.332,0.248336,2189.15,0.0337693,18396.7,8.0,6.60478,15.0414,23.755,38.1617,62.6451,186.574,196.628,200.0,200.0,200.0,200.0,146.759,128.575,112.646,91.4511,62.6539,34.8012,21.6736,10.2598,-1.0,-1.0,-1.0,-1.0,-1.0
42.446,0.0,0.9999999999999998,5.524801693105679e-41,5,271.712,-0.00607254,31.2227,249.477,249.478,243.563,243.563,0.239845,2190.66,0.0337731,18414.2,8.0,6.67532,15.1007,23.7118,37.8221,63.1208,185.331,195.292,200.0,200.0,200.0,200.0,145.548,127.516,111.717,90.6985,62.4873,35.0479,21.6758,10.2027,-1.0,-1.0,-1.0,-1.0,-1.0
42.466,0.0,0.9999999999999998,3.591121100518691e-41,5,271.941,-0.00634364,31.2646,249.687,249.688,243.805,243.805,0.231335,2192.17,0.0337755,18432.5,8.0,6.73867,15.1444,23.6486,37.4951,63.7732,184.082,193.954,200.0,200.0,200.0,200.0,144.339,126.456,110.79,89.9462,62.2941,35.3317,21.6931,10.1519,-1.0,-1.0,-1.0,-1.0,-1.0
42.486,0.0,0.9999999999999998,2.3342287153371494e-41,5,272.166,-0.00639597,31.4989,249.915,249.914,244.011,244.011,0.222825,2193.68,0.0337779,18447.8,8.0,6.79482,15.1726,23.5659,37.1875,64.6639,182.831,192.616,200.0,200.0,200.0,200.0,143.129,125.397,109.862,89.1929,62.0774,35.635,21.7258,10.1075,-1.0,-1.0,-1.0,-1.0,-1.0
42.506,0.0,0.9999999999999998,1.5172486649691472e-41,5,272.392,-0.00623389,31.744,250.121,250.121,244.192,244.192,0.214615,2195.19,0.0310423,18461.6,8.0,6.84372,15.1858,23.4644,36.901,65.893,181.579,191.277,200.0,200.0,200.0,200.0,141.916,124.335,108.932,88.4385,61.835,35.9037,21.7747,10.0696,-1.0,-1.0,-1.0,-1.0,-1.0
42.526,0.0,0.9999999999999998,9.862116322299457e-42,5,272.654,-0.00476562,32.1915,250.35,250.35,243.837,243.837,0.207158,2196.7,0.027908,18434.6,8.0,6.88593,15.1851,23.3457,36.6377,67.6795,180.326,189.94,199.189,200.0,200.0,200.0,140.691,123.265,107.996,87.6794,61.5678,36.1353,21.8394,10.0378,-1.0,-1.0,-1.0,-1.0,-1.0
42.546,0.0,0.9999999999999998,6.410375609494648e-42,5,272.873,-0.00452489,32.6301,250.559,250.558,244.051,244.051,0.200511,2198.21,0.0247657,18451.2,8.0,6.92093,15.1692,23.2081,36.3953,70.5537,179.066,188.598,197.781,200.0,200.0,200.0,139.479,122.202,107.066,86.9247,61.2823,36.3353,21.9219,10.0128,-1.0,-1.0,-1.0,-1.0,-1.0
42.566,0.0,0.9999999999999998,4.166744146171521e-42,5,273.08,-0.00444171,33.0708,250.766,250.766,244.387,244.387,0.194646,2199.72,0.02162,18477.2,8.0,6.94889,15.1396,23.0534,36.1764,92.2584,177.804,187.255,196.373,200.0,200.0,200.0,138.265,121.138,106.134,86.1685,60.9756,36.5035,22.0219,9.99445,-1.0,-1.0,-1.0,-1.0,-1.0
42.586,0.0,0.9999999999999998,2.7083836950114886e-42,5,273.281,-0.0037521,33.5122,250.953,250.953,244.78,244.78,0.18958,2201.24,0.0184738,18506.9,8.0,6.96997,15.0965,22.883,35.9844,150.689,176.54,185.912,194.965,200.0,200.0,200.0,137.047,120.072,105.2,85.4111,60.6487,36.6411,22.1401,9.98276,-1.0,-1.0,-1.0,-1.0,-1.0
42.606,0.0,0.9999999999999998,1.7604494017574676e-42,5,273.533,-0.00253563,33.9733,251.147,251.149,244.493,244.493,0.185298,2202.75,0.0153281,18482.5,8.0,6.98426,15.0402,22.6967,35.8203,151.296,175.275,184.571,193.559,200.0,200.0,200.0,135.821,119.0,104.262,84.6509,60.3018,36.7496,22.2768,9.97773,-1.0,-1.0,-1.0,-1.0,-1.0
42.626,0.0,0.9999999999999998,1.144292111142354e-42,5,273.743,-0.000979908,34.5344,251.364,251.365,244.683,244.683,0.181814,2204.27,0.012181,18499.2,8.0,6.99187,14.9713,22.4952,35.686,151.226,174.009,183.229,192.152,199.096,200.0,200.0,134.593,117.926,103.321,83.8894,59.9362,36.8305,22.433,9.97962,-1.0,-1.0,-1.0,-1.0,-1.0
42.646,0.0,0.9999999999999998,7.437898722425302e-43,5,273.939,6.08457e-05,34.9071,251.545,251.546,245.1,245.1,0.179123,2205.78,0.00902956,18531.4,8.0,6.9926,14.8894,22.2785,35.5828,150.891,172.739,181.885,190.743,197.637,200.0,200.0,133.367,116.853,102.383,83.1268,59.554,36.8854,22.6095,9.98847,-1.0,-1.0,-1.0,-1.0,-1.0
42.666,0.0,0.9999999999999998,4.834634169576447e-43,5,274.133,0.00105959,35.0435,251.718,251.719,245.579,245.579,0.177236,2207.3,0.00587672,18567.3,8.0,6.98663,14.7951,22.0604,35.5131,150.401,171.467,180.541,189.334,196.176,200.0,200.0,132.139,115.777,101.442,82.3648,59.155,36.9156,22.7871,10.0043,-1.0,-1.0,-1.0,-1.0,-1.0
42.686,0.0,0.9999999999999998,3.1425122102246907e-43,5,274.335,0.00227916,35.0209,251.895,251.896,245.972,245.972,0.176142,2208.82,0.00272148,18597.0,8.0,6.97412,14.6889,21.8579,35.48,149.81,170.192,179.196,187.924,194.715,200.0,200.0,130.908,114.701,100.5,81.6015,58.7395,36.9213,22.9451,10.0272,-1.0,-1.0,-1.0,-1.0,-1.0
42.706,0.0,0.9999999999999998,2.042632936646049e-43,5,274.545,0.00348849,34.9159,252.081,252.082,246.275,246.275,0.175858,2210.35,-0.000436131,18619.1,8.0,6.95492,14.5707,21.6709,35.4859,149.145,168.915,177.85,186.512,193.253,200.0,200.0,129.678,113.625,99.5581,80.8379,58.309,36.905,23.0843,10.0573,-1.0,-1.0,-1.0,-1.0,-1.0
42.726,0.0,0.9999999999999998,1.3277114088199318e-43,5,274.76,0.00464007,34.7835,252.275,252.276,246.495,246.495,0.176376,2211.87,-0.00359613,18635.7,8.0,6.92907,14.4408,21.5001,35.5341,148.422,167.635,176.503,185.1,191.79,198.998,200.0,128.446,112.547,98.6158,80.074,57.8638,36.8668,23.2047,10.0948,-1.0,-1.0,-1.0,-1.0,-1.0
42.746,0.0,0.9999999999999998,8.630124157329557e-44,5,274.981,0.00536029,34.5449,252.459,252.46,246.681,246.681,0.177699,2213.39,-0.00675995,18649.7,8.0,6.89682,14.2993,21.346,35.6279,147.647,166.353,175.153,183.685,190.324,197.478,200.0,127.218,111.473,97.6741,79.3099,57.4049,36.8074,23.3072,10.1395,-1.0,-1.0,-1.0,-1.0,-1.0
42.766,0.0,0.9999999999999998,5.609580702264213e-44,5,275.204,0.00608335,34.1833,252.647,252.647,246.88,246.88,0.17983,2214.92,-0.00992757,18664.9,8.0,6.85812,14.1494,21.2096,35.772,146.833,165.069,173.802,182.268,188.856,195.955,200.0,125.988,110.396,96.7315,78.5459,56.9322,36.728,23.3926,10.1919,-1.0,-1.0,-1.0,-1.0,-1.0
42.786,0.0,0.9999999999999998,3.6462274564717385e-44,5,275.337,0.00710442,33.541,252.828,252.829,248.278,248.278,0.182785,2216.44,-0.0130957,18775.1,8.0,6.81286,14.008,21.0909,35.972,145.987,163.786,172.451,180.851,187.388,194.432,200.0,124.757,109.318,95.7891,77.781,56.4466,36.6292,23.4608,10.2517,-1.0,-1.0,-1.0,-1.0,-1.0
42.806,0.0,0.9999999999999998,2.37004784670663e-44,5,275.572,0.00919185,32.9129,252.992,252.993,248.428,248.428,0.186523,2217.97,-0.0162628,18779.1,8.0,6.76144,13.8786,20.9926,36.2357,145.117,162.503,171.1,179.436,185.922,192.91,200.0,123.52,108.235,94.8417,77.0138,55.9462,36.5106,23.5121,10.3191,-1.0,-1.0,-1.0,-1.0,-1.0
42.826,0.0,0.9999999999999998,1.5405311003593096e-44,5,275.842,0.0109536,32.5074,253.228,253.23,247.997,247.997,0.191086,2219.5,-0.0194319,18747.8,8.0,6.70347,13.7608,20.9138,36.5679,144.221,161.219,169.749,178.019,184.455,191.388,198.879,122.281,107.152,93.8935,76.2455,55.4336,36.374,23.5475,10.3942,-1.0,-1.0,-1.0,-1.0,-1.0
42.846,0.0,0.9999999999999998,1.0013452152335512e-44,5,276.097,0.0113519,31.8624,253.406,253.407,247.891,247.891,0.196472,2221.03,-0.0226095,18740.4,8.0,6.63916,13.6548,20.855,36.976,143.296,159.93,168.392,176.596,182.981,189.859,197.29,121.052,106.075,92.9507,75.4805,54.9108,36.2213,23.568,10.4725,-1.0,-1.0,-1.0,-1.0,-1.0
42.866,0.0,0.9999999999999998,6.508743899018082e-45,5,276.274,0.0102256,31.0938,253.618,253.617,248.729,248.729,0.202672,2222.56,-0.0257934,18819.9,8.0,6.5686,13.5614,20.8177,37.4707,142.349,158.638,167.032,175.17,181.502,188.325,195.696,119.826,105.002,92.0092,74.7163,54.3773,36.0517,23.5734,10.5436,-1.0,-1.0,-1.0,-1.0,-1.0
42.886,0.0,0.9999999999999998,4.2306835343617536e-45,5,276.342,0.0140915,29.8898,253.751,253.752,251.173,251.173,0.209696,2224.09,-0.0289643,18992.4,8.0,6.49515,13.4813,20.8041,38.0721,141.393,157.353,165.679,173.752,180.034,186.802,194.114,118.581,103.914,91.0582,73.9456,53.8285,35.8641,23.5631,10.6072,-1.0,-1.0,-1.0,-1.0,-1.0
42.906,0.0,0.9999999999999998,2.74994429733514e-45,5,276.646,0.0164443,29.0997,253.942,253.942,250.416,250.416,0.217529,2225.62,-0.032141,18926.2,8.0,6.42779,13.4144,20.8143,38.7916,140.419,156.065,164.324,172.33,178.561,185.274,192.527,117.341,102.828,90.1083,73.1756,53.2711,35.6613,23.5386,10.6632,-1.0,-1.0,-1.0,-1.0,-1.0
42.926,0.0,0.9999999999999998,1.787463793267841e-45,5,276.975,0.0169201,28.1974,254.117,254.14,249.429,249.429,0.226186,2227.15,-0.0353273,18854.4,8.0,6.36672,13.3608,20.8492,39.6502,139.425,154.772,162.962,170.902,177.082,183.74,190.932,116.107,101.748,89.1625,72.4084,52.7133,35.4435,23.5003,10.7119,-1.0,-1.0,-1.0,-1.0,-1.0
42.946,0.0,0.9999999999999998,1.1618514656240967e-45,5,277.271,0.0129528,27.2751,254.272,254.301,249.002,249.002,0.235113,2228.69,-0.0332144,18823.7,8.0,6.31192,13.3205,20.9076,40.667,138.402,153.465,161.585,169.459,175.585,182.186,189.317,114.904,100.69,88.2326,71.6514,52.1603,35.2138,23.4498,10.7536,-1.0,-1.0,-1.0,-1.0,-1.0
42.966,0.0,0.9999999999999998,7.55203452655663e-46,5,277.233,0.00955851,25.6592,254.491,254.513,252.77,252.77,0.243256,2230.24,-0.0300134,19128.6,8.0,6.26352,13.2942,20.9937,41.8966,137.37,152.16,160.21,168.016,174.09,180.634,187.704,113.693,99.6282,87.3012,70.8932,51.6066,34.97,23.3857,10.7883,-1.0,-1.0,-1.0,-1.0,-1.0
42.986,0.0,0.9999999999999998,4.9088224422618096e-46,5,277.312,0.0123164,24.1907,254.621,254.632,255.025,255.025,0.25059,2231.78,-0.0267833,19277.9,8.0,6.22195,13.2838,21.1112,43.4192,136.344,150.87,158.852,166.592,172.615,179.105,186.116,112.448,98.5389,86.3482,70.1207,51.0462,34.7084,23.3071,10.8155,-1.0,-1.0,-1.0,-1.0,-1.0
43.006,0.0,0.9999999999999998,3.1907345874701763e-46,5,277.724,0.0150829,23.2497,254.856,254.868,252.813,252.813,0.25707,2233.33,-0.0235532,19102.3,8.0,6.18716,13.2891,21.2604,45.3078,135.304,149.577,157.492,165.165,171.137,177.571,184.522,111.203,97.4503,85.3955,69.3482,50.4848,34.4329,23.2152,10.8354,-1.0,-1.0,-1.0,-1.0,-1.0
43.026,0.0,0.9999999999999998,2.0739774818556146e-46,5,278.142,0.0125944,22.1555,255.054,255.066,250.735,250.735,0.262736,2234.88,-0.0203384,18950.5,8.0,6.15906,13.3093,21.4399,47.2896,134.241,148.27,156.116,163.722,169.642,176.019,182.91,109.984,96.3799,84.4564,68.5854,49.9282,34.1466,23.1121,10.8486,-1.0,-1.0,-1.0,-1.0,-1.0
43.046,0.0,0.9999999999999998,1.3480853632061496e-46,5,278.391,0.00487638,21.133,255.338,255.341,250.787,250.787,0.267573,2236.43,-0.0171369,18983.1,8.0,6.13773,13.3452,21.6522,49.2584,133.157,146.953,154.728,162.266,168.132,174.452,181.28,108.785,95.3261,83.5305,67.8294,49.3755,33.8495,22.9975,10.8547,-1.0,-1.0,-1.0,-1.0,-1.0
43.066,0.0,0.9999999999999998,8.762554860839972e-47,5,278.37,-0.000324228,19.6354,255.593,255.588,254.428,254.428,0.271556,2237.98,-0.0139311,19241.3,8.0,6.12351,13.3986,21.902,51.2318,132.069,145.639,153.343,160.813,166.626,172.889,179.655,107.58,94.2655,82.5987,67.0706,48.821,33.5386,22.8703,10.8537,-1.0,-1.0,-1.0,-1.0,-1.0
43.086,0.0,0.9999999999999998,5.695660659545982e-47,5,278.689,-0.0126805,18.6492,255.799,255.787,253.546,253.546,0.27474,2239.53,-0.0107549,19160.4,8.0,6.11592,13.4673,22.1861,53.1675,130.955,144.306,151.939,159.338,165.096,171.3,178.002,106.414,93.237,81.6917,66.3276,48.2746,33.2199,22.7336,10.8464,-1.0,-1.0,-1.0,-1.0,-1.0
43.106,0.0,0.9999999999999998,3.7021794287048884e-47,5,279.078,-0.0234615,17.8979,256.091,256.078,251.708,251.708,0.277089,2241.09,-0.00757438,19024.1,8.0,6.11537,13.5539,22.5119,55.1045,129.832,142.972,150.533,157.862,163.565,169.71,176.348,105.245,92.2052,80.7816,65.5825,47.7274,32.8889,22.5853,10.8322,-1.0,-1.0,-1.0,-1.0,-1.0
43.126,0.0,0.9999999999999998,2.4064166286581774e-47,5,279.403,-0.0256887,17.2181,256.365,256.357,250.812,250.812,0.27861,2242.64,-0.00436384,18959.2,8.0,6.12225,13.6603,22.8856,57.0655,128.717,141.651,149.14,156.401,162.051,168.138,174.713,104.041,91.1476,79.852,64.8245,47.1729,32.5428,22.4239,10.8109,-1.0,-1.0,-1.0,-1.0,-1.0
43.146,0.0,0.9999999999999998,1.5641708086278155e-47,5,279.521,-0.0219944,16.3759,256.65,256.65,252.552,252.552,0.279282,2244.2,-0.00112564,19102.3,8.0,6.13663,13.7871,23.3115,59.0545,127.607,140.341,147.761,154.954,160.552,166.582,173.097,102.807,90.0648,78.9029,64.0538,46.6113,32.1817,22.2498,10.7825,-1.0,-1.0,-1.0,-1.0,-1.0
43.166,0.0,0.9999999999999998,1.0167110256080801e-47,5,279.758,-0.0179636,15.567,256.827,256.827,252.837,252.837,0.279129,2245.76,0.00211972,19110.5,8.0,6.15823,13.9337,23.7895,61.0486,126.492,139.032,146.383,153.51,159.055,165.029,171.483,101.566,88.9778,77.9508,63.281,46.049,31.8095,22.0648,10.7475,-1.0,-1.0,-1.0,-1.0,-1.0
43.186,0.0,0.9999999999999998,6.608621666452521e-48,5,280.067,-0.0138722,15.1567,257.108,257.109,252.014,252.014,0.278147,2247.32,0.00536888,19049.9,8.0,6.18726,14.101,24.3242,63.0439,125.369,137.723,145.005,152.064,157.557,163.475,169.868,100.323,87.8897,76.9975,62.5073,45.4861,31.4261,21.8691,10.7057,-1.0,-1.0,-1.0,-1.0,-1.0
43.206,0.0,0.9999999999999998,4.2956040831941385e-48,5,280.355,-0.010411,14.6755,257.336,257.337,251.551,251.551,0.276321,2248.88,0.00862282,19016.1,8.0,6.2239,14.2899,24.9217,65.0441,124.241,136.413,143.625,150.617,156.058,161.92,168.253,99.0785,86.7994,76.0425,61.7315,44.922,31.0366,21.6627,10.6573,-1.0,-1.0,-1.0,-1.0,-1.0
43.226,0.0,0.9999999999999998,2.79214265407619e-48,5,280.621,-0.00708642,14.3695,257.59,257.591,251.375,251.375,0.273656,2250.45,0.011883,19003.6,8.0,6.26813,14.5013,25.5866,67.048,123.108,135.102,142.246,149.171,154.56,160.365,166.637,97.8297,85.7054,75.0847,60.955,44.3573,30.6465,21.4459,10.6023,-1.0,-1.0,-1.0,-1.0,-1.0
43.246,0.0,0.9999999999999998,1.8148927251495235e-48,5,280.751,-0.00542015,13.6377,257.779,257.78,252.987,252.987,0.270131,2252.01,0.0151402,19125.7,8.0,6.32019,14.7357,26.3245,69.0508,121.966,133.79,140.863,147.721,153.058,158.807,165.018,96.5845,84.615,74.1289,60.179,43.7925,30.2567,21.2191,10.5407,-1.0,-1.0,-1.0,-1.0,-1.0
43.266,0.0,0.9999999999999998,1.1796802713471902e-48,5,281.028,-0.00516628,13.2302,258.004,258.004,252.598,252.598,0.265767,2253.58,0.018397,19095.2,8.0,6.38008,14.9939,27.087,71.0487,120.817,132.474,139.478,146.268,151.552,157.245,163.394,95.3422,83.5255,73.1751,59.4046,43.2287,29.8669,20.9825,10.4727,4.40601,4.4054,4.40616,4.40826,4.41171
43.286,0.0,0.9999999999999998,7.667921763756736e-49,5,281.288,-0.00496166,12.9822,258.248,258.247,252.385,252.385,0.260544,2255.14,0.0216557,19079.7,8.0,6.44796,15.2775,27.8501,73.0491,119.662,131.157,138.092,144.814,150.045,155.681,161.77,94.0978,82.4361,72.2203,58.6289,42.6639,29.4768,20.736,10.3981,-1.0,-1.0,-1.0,-1.0,-1.0
43.306,0.0,0.9999999999999998,4.984149146441878e-49,5,281.541,-0.00469267,12.7552,258.474,258.474,252.29,252.29,0.254476,2256.71,0.0249192,19072.9,8.0,6.52386,15.5874,28.6144,75.0522,118.501,129.839,136.704,143.359,148.538,154.117,160.144,92.8521,81.3444,71.2635,57.8523,42.099,29.0862,20.4801,10.3172,-1.0,-1.0,-1.0,-1.0,-1.0
43.326,0.0,0.9999999999999998,3.239696945187221e-49,5,281.747,-0.00429303,12.559,258.704,258.704,252.772,252.772,0.247554,2258.28,0.0281841,19113.0,8.0,6.60788,15.9247,29.3788,77.0561,117.335,128.52,135.315,141.903,147.029,152.551,158.517,91.6056,80.2521,70.3065,57.0754,41.5333,28.6953,20.2145,10.2298,-1.0,-1.0,-1.0,-1.0,-1.0
43.346,0.0,0.9999999999999998,2.1058030143716936e-49,5,281.977,-0.00453671,12.3353,258.9,258.9,252.94,252.94,0.239766,2259.85,0.0314504,19122.1,8.0,6.70036,16.2906,30.1439,79.0615,116.163,127.2,133.925,140.445,145.519,150.984,156.889,90.3595,79.159,69.3487,56.2974,40.9671,28.3041,19.9403,10.1361,-1.0,-1.0,-1.0,-1.0,-1.0
43.366,0.0,0.9999999999999998,1.3687719593416008e-49,5,282.214,-0.00419284,12.2325,259.121,259.121,252.963,252.963,0.23112,2261.42,0.0347206,19124.2,8.0,6.80123,16.6868,30.9103,81.0719,114.987,125.88,132.535,138.988,144.008,149.417,155.261,89.1282,78.0634,68.3889,55.5183,40.4001,27.9123,19.6642,10.0359,-1.0,-1.0,-1.0,-1.0,-1.0
43.386,0.0,0.9999999999999998,8.897017735720406e-50,5,282.445,-0.00398688,12.2339,259.34,259.34,253.01,253.01,0.221614,2262.99,0.0379931,19127.8,8.0,6.91066,17.1009,31.6771,83.0823,113.806,124.559,131.144,137.528,142.496,147.849,153.631,87.9245,76.9668,67.4284,54.7385,39.8327,27.5203,19.3881,9.92952,-1.0,-1.0,-1.0,-1.0,-1.0
43.406,0.0,0.9999999999999998,5.783061528218263e-50,5,282.672,-0.00390539,12.3092,259.552,259.552,253.084,253.084,0.211243,2264.57,0.0412671,19133.5,8.0,7.02866,17.5151,32.4445,85.0948,112.62,123.236,129.752,136.068,140.984,146.279,152.0,86.7569,75.8698,66.4673,53.9582,39.2649,27.128,19.1118,9.81682,-1.0,-1.0,-1.0,-1.0,-1.0
43.426,0.0,0.9999999999999998,3.7589899933418714e-50,5,282.898,-0.00392079,12.4413,259.76,259.761,253.157,253.157,0.200007,2266.14,0.044543,19139.1,8.0,7.15545,17.9297,33.2127,86.2623,111.43,121.913,128.358,134.607,139.469,144.708,150.367,85.6385,74.7718,65.5052,53.1776,38.6968,26.7354,18.8352,9.69792,-1.0,-1.0,-1.0,-1.0,-1.0
43.446,0.0,0.9999999999999998,2.4433434956722164e-50,5,283.115,-0.00395639,12.5857,259.963,259.963,253.317,253.317,0.187902,2267.72,0.0478198,19151.5,8.0,7.29115,18.3447,33.9814,86.5496,110.235,120.588,126.964,133.145,137.954,143.136,148.734,84.5951,73.6727,64.5422,52.3955,38.1278,26.3424,18.5583,9.57279,-1.0,-1.0,-1.0,-1.0,-1.0
43.466,0.0,0.9999999999999998,1.5881732721869406e-50,5,283.326,-0.00411276,12.7467,260.161,260.163,253.521,253.521,0.174937,2269.29,0.0510985,19167.0,8.0,7.43582,18.7599,34.7505,86.5061,109.035,119.262,125.568,131.681,136.437,141.562,147.098,83.6887,72.5733,63.5792,51.6138,37.5587,25.9492,18.2813,9.44154,-1.0,-1.0,-1.0,-1.0,-1.0
43.486,0.0,0.9999999999999998,1.0323126269215115e-50,5,283.53,-0.00479822,13.1029,260.366,260.366,253.728,253.728,0.161097,2270.87,0.0543753,19182.6,8.0,7.58966,19.1752,35.5194,86.2692,107.83,117.935,124.17,130.215,134.918,139.986,145.46,83.1462,71.475,62.6167,50.8322,36.9898,25.556,18.0042,9.30423,-1.0,-1.0,-1.0,-1.0,-1.0
43.506,0.0,0.9999999999999998,6.710032074989826e-51,5,283.755,-0.00614901,13.4592,260.551,260.55,253.655,253.655,0.146383,2272.44,0.0576541,19172.8,8.0,7.75218,19.5909,36.2891,85.9003,106.621,116.606,122.771,128.747,133.398,138.409,143.821,149.686,70.3756,61.6533,50.0498,36.4203,25.1624,17.7269,9.16155,-1.0,-1.0,-1.0,-1.0,-1.0
43.526,0.0,0.9999999999999998,4.3615208487433866e-51,5,283.971,-0.00518955,13.9792,260.762,260.763,253.617,253.617,0.130798,2274.02,0.0609395,19174.2,8.0,7.91693,20.0074,37.0609,85.4428,105.41,115.279,121.373,127.282,131.88,136.833,142.184,147.983,69.271,60.6859,49.2647,35.8492,24.768,17.449,9.01799,-1.0,-1.0,-1.0,-1.0,-1.0
43.546,0.0,0.9999999999999998,2.8349885516832014e-51,5,284.166,-0.00525503,14.3986,260.943,260.943,253.881,253.881,0.114349,2275.6,0.0642235,19194.5,8.0,8.08166,20.4237,37.832,84.9104,104.194,113.949,119.973,125.814,130.359,135.255,140.544,146.276,68.1684,59.7198,48.4805,35.2786,24.3737,17.1713,8.87446,-1.0,-1.0,-1.0,-1.0,-1.0
43.566,0.0,0.9999999999999998,1.842742558594081e-51,5,284.349,-0.00575414,14.6704,261.117,261.116,254.282,254.282,0.0970103,2277.18,0.0675065,19225.2,8.0,8.24669,20.8407,38.6043,84.3171,102.978,112.618,118.572,124.344,128.836,133.675,138.903,144.567,67.0647,58.7529,47.6954,34.7071,23.9789,16.8931,8.73065,-1.0,-1.0,-1.0,-1.0,-1.0
43.586,0.0,0.9999999999999998,1.1977826630861527e-51,5,284.535,-0.0066979,14.8074,261.284,261.284,254.644,254.644,0.0790013,2278.75,0.0686352,19252.3,8.0,8.41162,21.2574,39.3758,83.6742,101.759,111.286,117.169,122.874,127.312,132.094,137.259,142.857,65.9619,57.7867,46.9109,34.1362,23.5843,16.6151,8.58694,-1.0,-1.0,-1.0,-1.0,-1.0
43.606,0.0,0.9999999999999998,7.785587310059994e-52,5,284.746,-0.00623719,14.9593,261.465,261.465,254.633,254.633,0.0609185,2280.33,0.0686385,19251.2,8.0,8.5768,21.675,40.1499,82.9931,100.542,109.955,115.768,121.404,125.789,130.514,135.618,141.149,64.8546,56.8168,46.1238,33.5635,23.1888,16.3365,8.44301,-1.0,-1.0,-1.0,-1.0,-1.0
43.626,0.0,0.9999999999999998,5.060631751538996e-52,5,284.932,-0.00671206,15.0412,261.643,261.642,254.941,254.941,0.0428255,2281.91,0.0686366,19274.6,8.0,8.74203,22.0925,40.923,82.2742,99.3229,108.621,114.364,119.931,124.264,128.931,133.973,139.437,63.7495,55.8485,45.3376,32.9914,22.7935,16.058,8.29904,-1.0,-1.0,-1.0,-1.0,-1.0
43.646,0.0,0.9999999999999998,3.2894106385003474e-52,5,285.121,-0.00727262,15.0318,261.813,261.813,255.21,255.21,0.024714,2283.49,0.0686356,19294.8,8.0,8.90744,22.5104,41.6971,81.5235,98.103,107.287,112.959,118.458,122.737,127.347,132.327,137.724,62.643,54.879,44.5505,32.4186,22.3977,15.7791,8.15491,-1.0,-1.0,-1.0,-1.0,-1.0
43.666,0.0,0.9999999999999998,2.1381169150252257e-52,5,285.314,-0.00701944,14.8322,261.975,261.975,255.449,255.449,0.00658576,2285.07,0.0686394,19312.8,8.0,9.07305,22.9291,42.4732,80.7464,96.8837,105.954,111.556,116.986,121.212,125.765,130.683,136.013,61.5323,53.9063,43.7612,31.8445,22.0012,15.4998,8.01062,-1.0,-1.0,-1.0,-1.0,-1.0
43.686,0.0,0.9999999999999998,1.3897759947663966e-52,5,285.495,-0.00515989,14.5365,262.149,262.15,255.823,255.823,-0.0115433,2286.65,0.0686452,19347.6,8.0,9.23868,23.3481,43.2501,79.9452,95.664,104.62,110.152,115.514,119.687,124.182,129.039,134.302,60.4206,52.9328,42.9712,31.27,21.6045,15.2205,7.8663,-1.0,-1.0,-1.0,-1.0,-1.0
43.706,0.0,0.9999999999999998,9.033543965981577e-53,5,285.662,-0.00658492,14.0271,262.296,262.297,256.451,256.451,-0.0296911,2288.23,0.0686461,19387.4,8.0,9.40444,23.767,44.0262,79.1205,94.4423,103.284,108.745,114.039,118.158,122.597,127.391,132.587,59.311,51.9607,42.1822,30.6958,21.2078,14.941,7.72187,-1.0,-1.0,-1.0,-1.0,-1.0
43.726,0.0,0.9999999999999998,5.8718035778880255e-53,5,285.879,-0.00523313,13.6941,262.485,262.488,256.331,256.331,-0.0478474,2289.82,0.0686547,19378.2,8.0,9.57036,24.1869,44.8053,78.2774,93.2221,101.95,107.34,112.566,116.633,121.014,125.747,130.875,58.1958,50.9843,41.3902,30.12,20.8103,14.6611,7.57732,-1.0,-1.0,-1.0,-1.0,-1.0
43.746,0.0,0.9999999999999998,3.8166723256272167e-53,5,286.087,-0.00396443,13.4608,262.68,262.681,256.307,256.307,-0.0660186,2291.4,0.0686633,19377.0,8.0,9.73642,24.6071,45.5851,77.4148,92.0008,100.615,105.935,111.092,115.106,119.429,124.101,129.162,57.0802,50.0075,40.5978,29.5438,20.4125,14.381,7.43266,-1.0,-1.0,-1.0,-1.0,-1.0
43.766,0.0,0.9999999999999998,2.480837011657691e-53,5,286.29,-0.00343363,13.2691,262.868,262.87,256.351,256.351,-0.0841999,2292.99,0.0686709,19380.3,8.0,9.90256,25.0275,46.3649,76.534,90.7781,99.2777,104.527,109.616,113.577,117.843,122.452,127.447,55.965,49.031,39.8054,28.9677,20.0146,14.1008,7.28792,-1.0,-1.0,-1.0,-1.0,-1.0
43.786,0.0,0.9999999999999998,1.6125440575774994e-53,5,286.465,-0.00366854,13.0835,263.051,263.051,256.724,256.724,-0.102403,2294.58,0.0686728,19409.0,8.0,10.0688,25.4479,47.1441,75.6368,89.5533,97.9383,103.117,108.138,112.044,116.253,120.801,125.728,54.8513,48.0554,39.0136,28.3915,19.6167,13.8205,7.14305,-1.0,-1.0,-1.0,-1.0,-1.0
43.806,0.0,0.9999999999999998,1.0481536374253747e-53,5,286.663,-0.00431793,12.9466,263.226,263.226,256.77,256.77,-0.120613,2296.17,0.0686757,19411.9,8.0,10.2352,25.8685,47.9237,74.7247,88.3277,96.598,101.706,106.658,110.511,114.663,119.148,124.007,53.7372,47.0794,38.2214,27.8152,19.2185,13.54,6.99812,-1.0,-1.0,-1.0,-1.0,-1.0
43.826,0.0,0.9999999999999998,6.812998643264935e-54,5,286.858,-0.00461825,12.8955,263.408,263.409,256.821,256.821,-0.138837,2297.75,0.0686776,19415.9,8.0,10.4017,26.2894,48.7039,73.7988,87.1011,95.2567,100.294,105.177,108.977,113.071,117.493,122.286,52.6311,46.1028,37.4287,27.2384,18.8201,13.2594,6.85308,-1.0,-1.0,-1.0,-1.0,-1.0
43.846,0.0,0.9999999999999998,4.4284491181222076e-54,5,287.051,-0.00435996,12.8531,263.583,263.584,256.885,256.885,-0.157071,2299.34,0.0686824,19420.8,8.0,10.5683,26.7108,49.4853,72.86,85.8743,93.9151,98.8812,103.696,107.442,111.479,115.839,120.564,51.5705,45.1247,36.635,26.6611,18.4213,12.9785,6.70795,-1.0,-1.0,-1.0,-1.0,-1.0
43.866,0.0,0.9999999999999998,2.878491926779435e-54,5,287.239,-0.00393932,12.8548,263.76,263.761,256.988,256.988,-0.175333,2300.94,0.0686871,19429.4,8.0,10.7351,27.1328,50.2301,71.909,84.647,92.5731,97.4683,102.214,105.907,109.886,114.184,118.842,50.5774,44.1455,35.8401,26.0828,18.0219,12.6972,6.5626,-1.0,-1.0,-1.0,-1.0,-1.0
43.886,0.0,0.9999999999999998,1.871019752406633e-54,5,287.414,-0.00436853,12.8195,263.925,263.926,257.239,257.239,-0.193597,2302.53,0.0686886,19447.7,8.0,10.902,27.5546,50.6298,70.946,83.4178,91.2289,96.0531,100.73,104.37,108.291,112.526,117.116,49.6924,43.167,35.0459,25.505,17.6227,12.4159,6.41724,-1.0,-1.0,-1.0,-1.0,-1.0
43.906,0.0,0.9999999999999998,1.2161628390643115e-54,5,287.597,-0.00457439,12.8089,264.093,264.094,257.367,257.367,-0.211877,2304.12,0.0686909,19457.4,8.0,11.069,27.9768,50.7541,69.9725,82.1883,89.8842,94.6373,99.2455,102.831,106.695,110.868,115.391,49.0024,42.1876,34.2509,24.9265,17.2231,12.1344,6.27176,-1.0,-1.0,-1.0,-1.0,-1.0
43.926,0.0,0.9999999999999998,7.905058453918025e-55,5,287.779,-0.00473203,12.8141,264.261,264.261,257.495,257.495,-0.230164,2305.72,0.0686933,19467.1,8.0,11.236,28.3993,50.7086,68.9888,80.9577,88.5385,93.2205,97.7598,101.292,105.097,109.208,113.663,48.8332,41.2079,33.4556,24.3478,16.8233,11.8527,6.12622,-1.0,-1.0,-1.0,-1.0,-1.0
43.946,0.0,0.9999999999999998,5.138287995046716e-55,5,287.958,-0.00481874,12.8314,264.427,264.427,257.625,257.625,-0.248457,2307.31,0.0686957,19476.9,8.0,11.4031,28.8218,50.5382,67.995,79.7262,87.1918,91.8026,96.2728,99.7514,103.499,107.548,111.935,118.731,40.2278,32.6601,23.769,16.4234,11.571,5.98064,-1.0,-1.0,-1.0,-1.0,-1.0
43.966,0.0,0.9999999999999998,3.3398871967803656e-55,5,288.135,-0.00486133,12.8556,264.591,264.591,257.765,257.765,-0.266765,2308.91,0.0686981,19487.6,8.0,11.5704,29.2447,50.2721,66.9918,78.4942,85.8442,90.384,94.7851,98.21,101.9,105.886,110.205,116.896,39.247,31.8639,23.1897,16.0232,11.2891,5.83494,-1.0,-1.0,-1.0,-1.0,-1.0
43.986,0.0,0.9999999999999998,2.1709266779072377e-55,5,288.311,-0.00487347,12.8806,264.752,264.753,257.909,257.909,-0.285088,2310.51,0.0687005,19498.5,8.0,11.7378,29.668,49.933,65.9797,77.2612,84.4961,88.9646,93.2967,96.6678,100.299,104.223,108.475,115.061,38.2654,31.0671,22.6099,15.6227,11.0069,5.68911,-1.0,-1.0,-1.0,-1.0,-1.0
44.006,0.0,0.9999999999999998,1.4111023406397046e-55,5,288.484,-0.00488023,12.9039,264.913,264.913,258.059,258.059,-0.30342,2312.1,0.0687029,19509.8,8.0,11.9053,30.0915,49.5308,64.9593,76.0277,83.147,87.5442,91.8072,95.1245,98.6982,102.559,106.743,113.224,37.2834,30.2699,22.0299,15.2219,10.7246,5.54322,-1.0,-1.0,-1.0,-1.0,-1.0
44.026,0.0,0.9999999999999998,9.172165214158081e-56,5,288.656,-0.00488403,12.9758,265.075,265.075,258.206,258.206,-0.32177,2313.7,0.0687053,19520.9,8.0,12.0729,30.5154,49.0763,63.9311,74.7934,81.7972,86.123,90.3168,93.5804,97.0962,100.895,105.01,111.386,36.3005,29.4721,21.4493,14.8208,10.4421,5.39719,-1.0,-1.0,-1.0,-1.0,-1.0
44.046,0.0,0.9999999999999998,5.961907389202753e-56,5,288.826,-0.00492319,13.0464,265.231,265.231,258.349,258.349,-0.340145,2315.3,0.0687076,19531.4,8.0,12.2408,30.9399,48.5784,62.8955,73.5587,80.4471,84.7015,88.8262,92.0359,95.4937,99.2293,103.277,109.548,35.3456,28.6731,20.8679,14.4191,10.1591,5.25095,-1.0,-1.0,-1.0,-1.0,-1.0
44.066,0.0,0.9999999999999998,3.8752398029817895e-56,5,289.003,-0.00470545,13.169,265.392,265.392,258.377,258.377,-0.358524,2316.91,0.068711,19533.8,8.0,12.4087,31.3647,48.0414,61.8523,72.3234,79.0962,83.2793,87.3345,90.4904,93.8902,97.5634,101.544,107.709,34.4745,27.8738,20.2863,14.0174,9.87605,5.10468,-1.0,-1.0,-1.0,-1.0,-1.0
44.086,0.0,0.9999999999999998,2.5189058719381634e-56,5,289.169,-0.0047541,13.2757,265.547,265.547,258.533,258.533,-0.376908,2318.51,0.0687138,19545.8,8.0,12.5766,31.7894,47.4687,60.8016,71.087,77.744,81.8556,85.8416,88.9434,92.2854,95.8958,99.8079,105.868,33.7328,27.0745,19.7046,13.6155,9.59295,4.95837,-1.0,-1.0,-1.0,-1.0,-1.0
44.106,0.0,0.7499999999999998,1.6372888167598062e-56,5,289.331,-0.00477714,13.393,265.701,265.702,258.718,258.718,-0.395298,2320.11,0.0687157,19559.8,8.0,12.7446,32.1629,46.8658,59.7442,69.8496,76.3908,80.4307,84.3477,87.3956,90.6792,94.2267,98.0706,104.025,33.2294,26.2749,19.1229,13.2136,9.30977,4.81202,-1.0,-1.0,-1.0,-1.0,-1.0
44.126,0.0,0.5624999999999998,1.0642377308938741e-56,5,289.327,-0.00527065,13.539,265.788,265.788,257.6,257.6,-0.413721,2321.72,0.0687157,19474.4,8.0,12.9129,32.3613,46.236,58.6856,68.6119,75.0372,79.0057,82.8531,85.8471,89.0724,92.557,96.3331,102.182,33.3025,25.4744,18.5403,12.811,9.02614,4.66542,-1.0,-1.0,-1.0,-1.0,-1.0
44.146,0.0,0.42187499999999983,6.917545250810183e-57,5,289.132,-0.00571922,13.717,265.686,265.686,256.479,256.479,-0.432115,2323.32,0.0687172,19388.8,8.0,13.0809,32.4185,45.5812,57.6273,67.3746,73.6841,77.5809,81.359,84.299,87.4663,90.8882,94.5961,100.34,107.869,24.675,17.9585,12.409,8.74293,4.51904,-1.0,-1.0,-1.0,-1.0,-1.0
44.166,0.0,0.3164062499999999,4.496404413026619e-57,5,288.776,-0.00550639,13.9239,265.428,265.429,255.577,255.577,-0.450486,2324.92,0.0687196,19320.4,8.0,13.2488,32.374,44.9043,56.57,66.1386,72.3324,76.1578,79.8667,82.7526,85.8619,89.2211,92.861,98.4996,105.866,23.8763,17.3773,12.0075,8.46004,4.37284,-1.0,-1.0,-1.0,-1.0,-1.0
44.186,0.0,0.23730468749999992,2.922662868467302e-57,5,288.31,-0.00530841,14.0478,265.049,265.05,254.736,254.736,-0.46883,2326.52,0.0687219,19256.4,8.0,13.4164,32.2454,44.2082,55.5143,64.9043,70.9826,74.7367,78.3763,81.2086,84.2599,87.5562,91.1283,96.6616,103.89,23.0789,16.797,11.6065,8.17758,4.22686,-1.0,-1.0,-1.0,-1.0,-1.0
44.206,0.0,0.17797851562499994,0.35,5,287.761,-0.00501485,14.2351,264.555,264.555,253.904,253.904,-0.48715,2328.12,0.0687248,19193.2,8.0,13.5838,32.0496,43.495,54.4606,63.6725,69.6355,73.3185,76.889,79.6675,82.6609,85.8948,89.3992,94.8277,101.919,22.2915,16.2174,11.2061,7.89549,4.08107,-1.0,-1.0,-1.0,-1.0,-1.0
44.226,0.0,0.13348388671874994,0.5774999999999999,5,286.51,-0.00727294,14.3736,258.455,258.459,251.119,251.029,-0.505424,2329.71,0.0687162,18976.4,8.0,13.7505,31.7978,42.7653,53.4086,62.4422,68.2897,71.9014,75.4027,78.1275,81.063,84.2343,87.6707,92.9941,99.948,21.5941,15.6403,10.8071,7.61431,3.93567,-1.0,-1.0,-1.0,-1.0,-1.0
44.246,0.0,0.10011291503906246,0.7253749999999999,5,284.454,-0.0181666,14.6755,252.506,252.47,248.398,248.203,-0.52358,2331.29,0.0686681,18763.7,8.0,13.9156,31.4952,42.0196,52.357,61.2114,66.9426,70.4823,73.9137,76.5841,79.461,82.569,85.9367,91.1534,97.9676,21.0543,15.0698,10.4122,7.33562,3.79135,-1.0,-1.0,-1.0,-1.0,-1.0
44.266,0.0,0.07508468627929685,0.8214937499999999,5,281.923,-0.0341114,14.8234,246.581,246.526,245.165,244.865,-0.541583,2332.86,0.068586,18513.0,8.0,14.0787,31.152,41.2626,51.3094,59.9839,65.5985,69.0659,72.4274,75.0431,77.8611,80.9051,84.2037,89.3129,95.9868,20.7755,14.5066,10.0216,7.05979,3.64835,9.25475,9.2616,9.2713,9.28384,9.29925
44.286,0.0,0.056313514709472635,0.8839709374999999,5,279.007,-0.0578943,14.8816,241.566,241.753,241.748,241.338,-0.559405,2334.41,0.0684554,18249.1,8.0,14.2393,30.7738,40.4954,50.2655,58.7596,64.2567,67.6515,70.9423,73.5029,76.2613,79.2411,82.4697,87.4704,94.0017,20.999,13.952,9.63639,6.78741,3.5069,-1.0,-1.0,-1.0,-1.0,-1.0
44.306,0.0,0.04223513603210448,0.9245811093749999,4,275.793,-0.0851772,14.9843,238.334,238.399,238.175,237.658,-0.577012,2335.95,0.0682928,17974.3,8.0,14.3974,30.3658,39.7218,49.2292,57.5433,62.9233,66.2452,69.4655,71.9711,74.67,77.5854,80.7439,85.6359,92.0246,122.378,13.4058,9.25659,6.5187,3.36725,-1.0,-1.0,-1.0,-1.0,-1.0
44.326,0.0,0.031676352024078355,0.95097772109375,4,272.551,-0.107539,15.1301,233.416,233.417,236.199,236.197,-0.594397,2337.47,0.0681288,19527.4,8.0,14.5534,29.9354,38.9459,48.2052,56.3414,61.6058,64.856,68.0066,70.4576,73.0979,75.9497,79.0393,83.824,90.0717,120.965,12.8696,8.88124,6.2532,3.22931,-1.0,-1.0,-1.0,-1.0,-1.0
44.346,0.0,0.023757264018058766,0.9681355187109375,4,269.376,-0.0955962,15.3849,227.919,227.857,233.353,233.325,-0.611555,2338.97,0.0680858,19454.6,8.0,14.7087,29.4932,38.1796,47.209,55.176,60.3304,63.5129,66.5976,68.9975,71.5825,74.3745,77.3996,82.0839,88.2004,119.555,12.4075,8.50683,5.98928,3.09282,-1.0,-1.0,-1.0,-1.0,-1.0
44.366,0.0,0.017817948013544076,0.9792880871621094,4,266.185,-0.0705309,15.4589,221.867,221.766,229.088,228.582,-0.628489,2340.45,0.068113,19237.1,8.0,14.828,29.0376,37.4184,46.233,54.0361,59.0846,62.2018,65.223,67.5736,70.1058,72.8406,75.8035,80.3918,86.3831,118.154,12.0759,8.13521,5.72782,2.95792,-1.0,-1.0,-1.0,-1.0,-1.0
44.386,0.0,0.013363461010158057,0.9865372566553711,4,262.686,-0.0734926,15.502,217.367,217.57,225.235,224.397,-0.645194,2341.92,0.068031,18902.2,8.0,14.8929,28.5612,36.6486,45.2554,52.8913,57.8313,60.8812,63.8374,66.1373,68.6145,71.2902,74.1889,78.6776,84.5385,116.781,11.9433,7.77163,5.47132,2.82512,-1.0,-1.0,-1.0,-1.0,-1.0
44.406,0.0,0.010022595757618543,0.9912492168259912,4,259.089,-0.105361,15.5361,214.182,214.371,221.496,220.488,-0.661675,2343.36,0.0678293,18581.1,8.0,14.91,28.0678,35.8717,44.2771,51.7423,56.5712,59.5523,62.4415,64.6892,67.1099,69.7243,72.5566,76.942,82.6673,115.436,12.084,7.43133,5.21967,2.69437,-1.0,-1.0,-1.0,-1.0,-1.0
44.426,0.0,0.007516946818213907,0.9943119909368943,4,255.465,-0.150022,15.679,209.394,209.533,219.285,218.508,-0.677894,2344.79,0.067538,18413.6,8.0,14.8886,27.5607,35.0913,43.3015,50.5949,55.3112,58.2225,61.0436,63.2381,65.6015,68.1538,70.9182,75.1982,80.7846,114.116,12.7188,7.18161,4.97288,2.56585,-1.0,-1.0,-1.0,-1.0,-1.0
44.446,0.0,0.005637710113660431,0.6463027941089813,4,251.978,-0.178772,15.9141,203.505,203.499,216.417,215.616,-0.693859,2346.19,0.0672662,18163.1,8.0,14.8343,27.047,34.3196,42.3425,49.4673,54.0738,56.9169,59.6715,61.8141,64.1214,66.6131,69.3115,73.4885,78.9399,112.812,14.7311,7.04575,4.74205,2.43926,-1.0,-1.0,-1.0,-1.0,-1.0
44.466,0.0,0.0042282825852453226,0.42009681617083783,4,248.882,-0.192824,15.9556,207.631,207.505,215.27,214.495,-0.709575,2347.58,0.0670401,18070.8,8.0,14.7516,26.5286,33.5613,41.4013,48.3622,52.8617,55.6387,58.3289,60.4211,62.6743,65.1069,67.7414,71.8191,77.14,111.52,105.907,7.04187,4.57851,2.31449,-1.0,-1.0,-1.0,-1.0,-1.0
44.486,0.0,0.003171211938933992,0.2730629305110446,4,246.092,-0.209553,16.1189,218.706,218.961,214.082,213.295,-0.725083,2348.95,0.066766,17971.8,8.0,14.6437,26.0022,32.8086,40.4662,47.2632,51.6559,54.3663,56.9921,59.034,61.2326,63.6061,66.1766,70.1545,75.3442,110.245,104.785,7.19693,4.4973,2.19535,-1.0,-1.0,-1.0,-1.0,-1.0
44.506,0.0,0.002378408954200494,0.177490904832179,4,244.284,-0.221964,16.7342,222.277,222.117,213.057,212.348,-0.74003,2350.35,0.0579964,17894.0,8.0,14.5119,25.4667,32.0589,39.5337,46.1663,50.4516,53.0952,55.656,57.6472,59.7911,62.1052,64.6109,68.488,73.5452,108.986,103.675,7.56543,4.50343,2.11174,-1.0,-1.0,-1.0,-1.0,-1.0
44.526,0.0,0.0017838067156503705,0.11536908814091634,4,242.947,-0.242954,17.5887,221.797,221.589,212.903,212.502,-0.750661,2351.8,0.03429,17902.0,8.0,14.358,24.9203,31.3083,38.5986,45.0647,49.2411,51.817,54.3118,56.2514,58.3393,60.593,63.0328,66.8072,71.729,107.74,102.576,8.22492,4.60402,2.07094,-1.0,-1.0,-1.0,-1.0,-1.0
44.546,-0.12,0.001337855036737778,0.07498990729159563,4,241.836,-0.202964,19.3571,221.346,221.227,212.43,212.051,-0.755921,2353.25,0.0107858,17856.6,8.0,14.1865,24.3712,30.5693,37.681,43.9866,48.0586,50.5697,53.0014,54.8919,56.9265,59.1226,61.4998,65.1772,69.9713,106.489,101.463,9.32994,4.81158,2.07132,-1.0,-1.0,-1.0,-1.0,-1.0
44.566,-0.1625,0.0010033912775533334,0.04874343973953716,4,240.861,-0.438843,21.0349,219.751,221.22,210.353,212.655,-0.756869,2354.68,-0.00346691,17794.2,8.0,14.0642,24.0439,30.2025,37.3483,43.7193,47.8512,50.4062,52.8856,54.8167,56.8986,59.1495,61.5907,65.3764,70.3299,104.797,99.6959,10.4555,5.01638,2.09319,-1.0,-1.0,-1.0,-1.0,-1.0
44.586,-0.1625,0.000752543458165,0.03168323583069915,4,239.93,0.478146,22.6533,218.247,221.425,208.837,212.711,-0.755229,2356.1,-0.00899965,17732.7,8.0,14.027,24.0463,30.4069,37.9244,44.7281,49.193,51.9748,54.6897,56.8146,59.1161,61.6167,64.3433,68.6023,74.231,102.406,96.8981,10.7931,5.12036,2.11899,-1.0,-1.0,-1.0,-1.0,-1.0
44.606,-0.1625,0.00056440759362375,0.020594103289954452,4,239.066,1.93477,23.731,217.328,221.125,207.632,212.049,-0.751644,2357.51,-0.010465,17654.0,8.0,14.0183,24.1766,30.8708,38.9366,46.3835,51.3483,54.4736,57.5475,59.9702,62.6112,65.5003,68.6745,73.6829,101.945,99.6748,93.5919,10.7766,5.19097,2.15092,-1.0,-1.0,-1.0,-1.0,-1.0
44.626,-0.1625,0.00042330569521781253,0.013386167138470394,4,238.228,3.57314,24.19,216.614,220.527,206.705,211.239,-0.746591,2358.91,-0.00988609,17581.4,8.0,14.0104,24.3636,31.4457,40.1617,48.3931,53.9825,57.5437,61.079,63.8885,66.9746,70.3793,75.0622,100.442,99.2815,96.7846,90.0182,10.7315,5.27315,2.19377,-1.0,-1.0,-1.0,-1.0,-1.0
44.646,-0.1625,0.0003174792714133594,0.008701008640005756,4,237.415,5.00916,24.2169,216.089,219.77,205.952,210.216,-0.740126,2360.31,-0.010732,17506.3,8.0,13.9833,24.5301,31.9946,41.377,50.4445,56.7196,60.7688,64.8286,68.084,71.7551,99.5888,98.9147,97.9035,96.6427,93.9225,86.4426,10.8734,5.39837,2.24998,-1.0,-1.0,-1.0,-1.0,-1.0
44.666,-0.1625,0.00023810945356001956,0.005655655616003742,4,236.629,6.21917,23.8202,215.63,218.956,205.164,209.133,-0.732232,2361.69,-0.0117944,17427.5,8.0,13.9295,24.6431,32.4553,42.4728,52.3705,59.3492,63.9096,68.5282,98.596,97.9511,97.2681,96.5457,95.4625,94.1114,91.1864,82.9998,11.252,5.57984,2.32093,-1.0,-1.0,-1.0,-1.0,-1.0
44.686,-0.1625,0.00017858209017001468,0.0036761761504024324,4,235.864,7.28508,23.0914,215.196,218.209,204.291,208.074,-0.722996,2363.06,-0.0141347,17346.1,8.0,13.8525,24.7117,32.8412,43.4639,54.187,61.8872,66.9831,97.0819,96.4341,95.7495,95.0261,94.261,93.1141,91.6816,88.5749,79.6728,11.8445,5.81486,2.40721,-1.0,-1.0,-1.0,-1.0,-1.0
44.706,-0.1625,0.000133936567627511,0.0023895144977615812,4,235.116,8.14266,22.1248,214.808,217.53,203.622,207.018,-0.712187,2364.42,-0.0179074,17274.6,8.0,13.7482,24.7125,33.1048,44.2579,55.7378,64.1228,95.9515,95.0622,94.3842,93.6684,92.9123,92.1129,90.914,89.4146,86.1619,76.5981,12.7436,6.11569,2.50989,-1.0,-1.0,-1.0,-1.0,-1.0
44.726,-0.1625,0.00010045242572063325,0.0015531844235450278,4,234.378,8.45403,21.2363,214.395,216.759,203.217,206.1,-0.700016,2365.78,-0.0223983,17216.5,8.0,13.617,24.6389,33.2281,44.8086,56.9312,65.9213,94.0878,93.1678,92.4676,91.7288,90.9488,90.1243,88.8874,87.3404,83.9829,73.883,13.9317,6.49077,2.62977,-1.0,-1.0,-1.0,-1.0,-1.0
44.746,-0.1625,7.533931929047494e-05,0.001009569875304268,4,233.678,8.92147,20.05,213.985,216.112,202.198,205.134,-0.686501,2367.13,-0.027427,17136.2,8.0,13.474,24.5536,33.327,45.323,58.0915,93.2552,92.2545,91.308,90.5881,89.8292,89.0281,88.1813,86.9105,85.3239,81.8749,71.2281,14.9483,6.91288,2.7629,-1.0,-1.0,-1.0,-1.0,-1.0
44.766,-0.1625,5.6504489467856206e-05,0.0006562204189477742,4,232.959,8.73401,19.0821,213.603,215.415,202.189,204.474,-0.671571,2368.47,-0.0340036,17109.3,8.0,13.2998,24.3604,33.2137,45.439,58.6068,91.6096,90.5937,89.6344,88.9056,88.1377,87.3276,86.4717,85.1878,83.5883,80.112,69.286,16.1186,7.44318,2.91558,-1.0,-1.0,-1.0,-1.0,-1.0
44.786,-0.1625,4.237836710089216e-05,0.0004265432723160532,4,232.301,8.20196,18.1115,213.049,214.416,201.321,203.531,-0.655682,2369.8,-0.0408252,17027.5,8.0,13.1151,24.1463,33.0508,45.4538,58.954,90.0132,88.9871,88.0195,87.2852,86.512,85.6969,84.8361,83.5465,81.9422,78.4599,67.5911,17.2168,8.04014,3.08106,-1.0,-1.0,-1.0,-1.0,-1.0
44.806,-0.04250000000000001,3.178377532566912e-05,0.0002772531270054346,4,231.647,8.40154,16.7012,212.814,214.071,200.332,202.773,-0.638457,2371.13,-0.0474198,16959.9,8.0,12.9334,23.9533,32.9239,45.5356,59.4206,88.4035,87.3668,86.3905,85.6503,84.8714,84.0507,83.1843,81.8888,80.2787,76.7879,65.8511,18.1434,8.65705,3.25856,-1.0,-1.0,-1.0,-1.0,-1.0
44.826,0.0,2.383783149425184e-05,0.0001802145325535325,4,230.981,7.72533,15.6631,212.536,213.425,200.705,202.283,-0.619939,2372.45,-0.0558875,16955.6,8.0,12.7282,23.6221,32.5163,45.0618,58.9301,87.0002,85.9699,85.001,84.2674,83.4962,82.6844,81.8284,80.5508,78.966,75.5443,65.0944,19.4338,9.34063,3.46079,-1.0,-1.0,-1.0,-1.0,-1.0
44.846,0.0,1.7878373620688882e-05,0.35011713944615974,4,230.468,7.18261,14.2169,212.232,212.619,198.669,200.951,-0.60023,2373.76,-0.0651925,16809.2,8.0,12.5203,23.2556,32.0307,44.4246,58.1496,85.6627,84.6437,83.6872,82.9638,82.2041,81.4056,80.5646,79.3116,77.7609,74.4286,64.5524,20.8071,10.0295,3.68102,-1.0,-1.0,-1.0,-1.0,-1.0
44.866,0.0,1.3408780215516662e-05,0.5775761406400038,4,229.756,6.81748,12.5932,200.157,200.531,194.462,196.402,-0.578822,2375.07,-0.0752323,16438.8,8.0,12.3056,22.845,31.4538,43.6029,57.0522,84.3959,83.3935,82.454,81.7446,81.0006,80.2195,79.3982,78.1761,76.6681,73.4446,64.1927,22.3374,10.7482,3.92532,-1.0,-1.0,-1.0,-1.0,-1.0
44.886,0.0,1.0056585161637497e-05,0.7254244914160025,4,228.722,5.70491,11.2213,180.275,181.586,190.858,192.906,-0.55587,2376.37,-0.0877164,16110.4,8.0,12.0635,22.2902,30.5874,42.2095,54.9476,83.3422,82.3716,81.4635,80.7789,80.0621,79.3108,78.5225,77.3512,75.9102,72.8522,64.423,24.5371,11.6099,4.19572,-1.0,-1.0,-1.0,-1.0,-1.0
44.906,0.0,7.542438871228123e-06,0.8215259194204017,4,228.106,4.57089,9.35973,157.794,160.408,176.725,180.331,-0.531291,2377.66,-0.10137,14965.4,8.0,11.8134,21.6909,29.6338,40.6509,52.5817,82.3619,81.4269,80.5538,79.8966,79.2096,78.4908,77.7381,76.622,75.2518,72.3652,64.6744,27.1826,12.5568,4.47272,-1.0,-1.0,-1.0,-1.0,-1.0
44.926,0.0,5.656829153421092e-06,0.8839918476232611,4,227.724,3.50111,7.46186,129.037,131.65,161.55,165.872,-0.505114,2378.93,-0.110543,13727.1,8.0,11.566,21.1052,28.7099,39.1582,50.344,81.3683,80.4668,79.6264,78.9948,78.3354,77.6467,76.9268,75.8621,74.5567,71.8248,64.7314,30.0734,13.5416,4.75254,-1.0,-1.0,-1.0,-1.0,-1.0
44.946,0.0,4.242621865065819e-06,0.9245947009551198,4,226.364,2.446,6.06763,104.651,107.794,153.565,157.806,-0.478826,2380.18,-0.114992,13036.6,8.0,11.3238,20.5437,27.835,37.7656,48.2869,80.351,79.4801,78.6694,78.0609,77.4266,76.765,76.0745,75.0557,73.8094,71.2139,64.6077,33.1581,14.5491,5.03303,-1.0,-1.0,-1.0,-1.0,-1.0
44.966,0.0,3.1819663987993645e-06,0.9509865556208278,4,224.969,1.43752,4.70278,86.9628,90.1327,138.418,143.332,-0.452715,2381.42,-0.119313,11830.7,8.0,11.086,20.0008,26.997,36.4477,46.3633,79.3209,78.4788,77.6956,77.1086,76.4973,75.8606,75.1971,74.2201,73.0283,70.5547,64.3622,36.4835,15.5841,5.31419,-1.0,-1.0,-1.0,-1.0,-1.0
44.986,0.0,2.3864747990995235e-06,0.968141261153538,4,222.431,0.535667,3.98125,73.7544,76.6788,134.643,139.559,-0.426841,2382.66,-0.123206,11533.1,8.0,10.8554,19.488,26.2171,35.2417,44.63,78.2664,77.4506,76.6918,76.1237,75.5329,74.9183,74.2787,73.3386,72.1949,69.8283,63.9842,39.9288,16.6212,5.59318,-1.0,-1.0,-1.0,-1.0,-1.0
45.006,0.015197760000000001,1.7898560993246426e-06,0.9792918197497997,4,219.134,-0.234681,3.74265,66.2302,68.8788,135.527,140.793,-0.401311,2383.87,-0.126648,11635.4,8.0,10.6327,19.0056,25.4941,34.142,43.0731,50.189,76.4024,75.6652,75.114,74.5413,73.9462,73.3278,72.4202,71.3186,69.0464,63.4994,43.4376,17.649,5.86827,-1.0,-1.0,-1.0,-1.0,-1.0
45.026,0.015562079999999999,1.342392074493482e-06,0.9865396828373698,4,215.321,-0.871627,3.83614,63.0536,65.7383,139.165,144.759,-0.376193,2385.07,-0.129684,11968.6,8.0,10.4176,18.5509,24.8216,33.1343,41.6657,48.0795,75.3431,74.6251,74.0889,73.5324,72.9547,72.355,71.4764,70.4122,68.2239,62.9331,46.8944,18.662,6.13857,-1.0,-1.0,-1.0,-1.0,-1.0
45.046,0.015871319999999998,1.0067940558701114e-06,0.9912507938442904,4,211.166,-1.36331,4.17814,62.2431,64.9308,145.115,151.07,-0.351505,2386.24,-0.132261,12489.9,8.0,10.2106,18.1242,24.1996,32.2174,40.4035,46.4195,74.2745,73.5735,73.0504,72.5082,71.9459,71.3629,70.5098,69.4787,67.3647,62.2958,48.4354,19.648,6.40298,-1.0,-1.0,-1.0,-1.0,-1.0
45.066,0.01610952,7.550955419025835e-07,0.9943130159987887,4,206.976,-1.68282,4.58324,61.724,64.4939,151.031,157.609,-0.327246,2387.39,-0.134246,13003.7,8.0,10.0121,17.7285,23.6333,31.3995,39.2975,45.0497,73.1924,72.506,71.9944,71.4645,70.9156,70.347,69.5161,68.5136,66.4645,61.5865,49.0042,20.5853,6.65979,-1.0,-1.0,-1.0,-1.0,-1.0
45.086,0.01626924,5.663216564269376e-07,0.9963034603992127,4,203.231,-1.84458,4.75064,58.6544,61.7421,153.151,159.89,-0.303376,2388.52,-0.135577,13177.1,8.0,9.82207,17.3637,23.1223,30.6789,38.344,43.9153,72.0945,71.4206,70.9186,70.3992,69.8617,69.3054,68.4937,67.5159,65.5229,60.8094,49.1324,21.4586,6.90817,-1.0,-1.0,-1.0,-1.0,-1.0
45.106,0.01632636,4.247412423202032e-07,0.9975972492594882,4,199.845,-1.82414,4.76692,51.6368,54.7541,154.184,160.436,-0.279829,2389.63,-0.136053,13238.6,8.0,9.64114,17.0339,22.6746,30.0705,37.5655,43.0523,70.9698,70.3054,69.8113,69.3004,68.7722,68.2261,67.43,66.4728,64.5269,59.9523,48.9569,22.2372,7.14616,-1.0,-1.0,-1.0,-1.0,-1.0
45.126,0.01627044,3.185559317401524e-07,0.9984382120186673,4,196.694,-1.62337,4.70238,42.1644,45.2798,154.297,159.839,-0.256557,2390.72,-0.135587,13214.6,8.0,9.46918,16.7397,22.2911,29.5759,36.9651,42.5298,69.8138,69.1566,68.6684,68.1641,67.6432,67.1051,66.3218,65.3811,63.4738,59.0152,48.5529,22.9019,7.37255,-1.0,-1.0,-1.0,-1.0,-1.0
45.146,0.01612932,2.389169488051143e-07,0.9989848378121338,4,193.891,-1.31467,4.43254,30.7117,33.6949,151.276,156.832,-0.233553,2391.8,-0.134411,12948.4,8.0,9.30415,16.4716,21.9549,29.1646,36.4943,42.4844,68.6387,67.987,67.5035,67.0045,66.4896,65.9582,65.1854,64.2587,62.3842,58.0267,48.0068,23.4715,7.58893,-1.0,-1.0,-1.0,-1.0,-1.0
45.166,0.015934559999999997,1.7918771160383572e-07,0.9993401445778869,4,191.309,-0.953785,4.05514,15.6428,18.88,148.593,153.62,-0.210831,2392.86,-0.132788,12705.7,8.0,9.14409,16.2206,21.6487,28.8057,36.1051,68.1592,67.4569,66.8099,66.3305,65.8361,65.3265,64.801,64.0376,63.1235,61.2787,57.0134,47.3816,23.9726,7.79731,-1.0,-1.0,-1.0,-1.0,-1.0
45.186,0.01570236,1.343907837028768e-07,0.9995710939756265,4,188.783,-0.562779,3.69333,0.0,2.10411,146.796,151.46,-0.188371,2393.91,-0.130853,12541.9,8.0,8.98777,15.9815,21.3632,28.4828,35.7724,66.975,66.2751,65.6325,65.1568,64.6668,64.162,63.642,62.8874,61.9851,60.1681,55.9898,46.7101,24.4205,7.99899,-1.0,-1.0,-1.0,-1.0,-1.0
45.206,0.01545972,1.0079308777715759e-07,0.9997212110841572,4,186.266,-0.18104,3.35736,0.0,0.0,144.66,149.645,-0.166211,2394.94,-0.128831,12365.3,8.0,8.8339,15.7474,21.0852,28.172,35.4579,65.8022,65.1052,64.467,63.9951,63.5094,63.0095,62.495,61.7492,60.8586,59.0692,54.9763,46.0282,24.8404,8.19581,-1.0,-1.0,-1.0,-1.0,-1.0
45.226,0.015238319999999998,7.55948158328682e-08,0.9998187872047022,4,183.919,0.148346,2.91242,0.0,0.0,140.291,145.258,-0.144348,2395.96,-0.126986,11999.7,8.0,8.68065,15.5099,20.7991,27.8443,35.1151,64.6529,63.9599,63.3268,62.8591,62.3782,61.8836,61.3751,60.6388,59.7606,58.0002,53.9947,45.3701,25.2651,8.39063,-1.0,-1.0,-1.0,-1.0,-1.0
45.246,0.01503804,5.669611187465115e-08,0.9998822116830565,4,181.519,0.426826,2.54501,0.0,0.0,137.543,142.351,-0.12277,2396.96,-0.125317,11767.1,8.0,8.52799,15.269,20.5048,27.4997,34.7438,63.5269,62.8387,62.2113,61.7482,61.2726,60.7838,60.2817,59.5553,58.6903,56.9601,53.0435,44.733,25.6956,8.58373,-1.0,-1.0,-1.0,-1.0,-1.0
45.266,0.0,4.2522083905988365e-08,0.9999234375939867,4,178.967,0.645184,2.31222,0.0,0.0,135.556,140.325,-0.101535,2397.96,-0.123897,11600.0,8.0,8.37594,15.0237,20.1995,27.1321,34.3673,62.428,61.7458,61.1246,60.6667,60.1967,59.7142,59.2188,58.5031,57.6519,55.9532,52.1274,44.1225,26.1403,8.77547,6.69343,6.67579,6.66027,6.64683,6.63547
45.286,0.0,3.189156292949127e-08,0.9999502344360913,4,176.364,0.791488,2.11821,0.0,0.0,132.335,137.825,-0.080625,2398.94,-0.122844,11345.8,8.0,8.22369,14.7702,19.8765,26.7291,34.0143,61.3625,60.6872,60.0731,59.6209,59.1571,58.6814,58.1935,57.4892,56.6527,54.9871,51.2543,43.5486,26.6157,8.96758,-1.0,-1.0,-1.0,-1.0,-1.0
45.306,0.0,2.3918672197118455e-08,0.9999676523834593,4,173.865,0.876444,1.8649,0.0,0.0,128.262,133.672,-0.0600449,2399.9,-0.122134,11007.1,8.0,8.07154,14.51,19.5381,26.2947,33.7004,60.3284,59.6608,59.0545,58.6085,58.1513,57.6829,57.2028,56.5106,55.6895,54.0583,50.4197,43.0045,27.1206,9.15998,-1.0,-1.0,-1.0,-1.0,-1.0
45.326,0.0,1.793900414783884e-08,0.9999789740492485,4,171.339,0.914257,1.66812,0.0,0.0,125.616,130.943,-0.0397994,2400.85,-0.121664,10785.1,8.0,7.9203,14.2466,19.1912,25.8412,33.488,59.3203,58.6609,58.0627,57.6231,57.1729,56.712,56.24,55.5601,54.7548,53.1583,49.6137,42.4773,27.6437,9.35166,-1.0,-1.0,-1.0,-1.0,-1.0
45.346,0.0,1.3454253110879131e-08,0.9999863331320116,4,168.718,0.912259,1.56203,0.0,0.0,123.571,128.894,-0.0198775,2401.79,-0.121414,10614.8,8.0,7.77007,13.9809,18.8372,25.3716,33.555,58.3374,57.6865,57.0968,56.6638,56.2208,55.7675,55.3037,54.6364,53.8471,52.2855,48.8339,41.9638,28.1842,9.54263,-1.0,-1.0,-1.0,-1.0,-1.0
45.366,0.0,1.009068983315935e-08,0.9999911165358075,4,166.123,0.870894,1.44407,0.0,0.0,120.242,126.333,-0.000287294,2402.71,-0.121425,10354.1,8.0,7.62075,13.712,18.4747,24.8832,58.5165,57.3813,56.7394,56.1585,55.7323,55.2966,54.8512,54.3959,53.7414,52.9681,51.4417,48.0822,41.4664,28.749,9.7335,-1.0,-1.0,-1.0,-1.0,-1.0
45.386,0.0,7.568017374869513e-09,0.9999942257482749,4,163.678,0.80368,1.24584,0.0,0.0,116.139,122.159,0.0189608,2403.62,-0.121633,10012.2,8.0,7.47289,13.4424,18.1083,24.3839,57.5695,56.4481,55.8153,55.2433,54.8241,54.3958,53.9584,53.5115,52.8698,52.1126,50.6211,47.3519,40.978,29.2509,9.92355,-1.0,-1.0,-1.0,-1.0,-1.0
45.406,0.0,5.6760130311521346e-09,0.9999962467363787,4,161.259,0.724196,1.06789,0.0,0.0,113.342,119.282,0.0379218,2404.51,-0.121934,9777.22,8.0,7.32674,13.1744,17.7428,23.8838,56.6398,55.5324,54.9088,54.3457,53.9334,53.5125,53.0829,52.6445,52.0154,51.2741,49.8169,46.6352,40.4904,29.572,10.1121,-1.0,-1.0,-1.0,-1.0,-1.0
45.426,0.0,4.2570097733641005e-09,0.9999975603786462,4,158.808,0.638497,0.94062,0.0,0.0,111.104,117.032,0.0565753,2405.39,-0.122298,9590.21,8.0,7.18264,12.9094,17.3804,23.3865,55.7261,54.6328,54.0183,53.4641,53.0587,52.6451,52.2233,51.7931,51.1765,50.4507,49.0269,45.9301,40.0019,29.7666,10.2986,-1.0,-1.0,-1.0,-1.0,-1.0
45.446,0.0,3.1927573300230754e-09,0.99999841424612,4,156.355,0.547592,0.828237,0.0,0.0,108.302,115.015,0.0749166,2406.26,-0.122736,9375.95,8.0,7.04059,12.6471,17.0208,22.8917,54.8291,53.7499,53.1445,52.5991,52.2005,51.7941,51.3799,50.9579,50.3535,49.6431,48.2519,45.2372,39.5144,29.8713,10.4833,-1.0,-1.0,-1.0,-1.0,-1.0
45.466,0.0,2.3945679975173064e-09,0.999998969259978,4,154.085,0.447083,0.606649,0.0,0.0,103.467,110.167,0.0929767,2407.12,-0.123277,8971.68,8.0,6.90023,12.3864,16.6624,22.3964,53.949,52.8841,52.2878,51.7511,51.3592,50.96,50.5534,50.1395,49.5471,48.8517,47.4924,44.5575,39.0301,29.9088,10.6668,-1.0,-1.0,-1.0,-1.0,-1.0
45.486,0.0,1.7959259981379798e-09,0.9999993300189857,4,151.852,0.353336,0.394033,0.0,0.0,100.178,106.677,0.11076,2407.96,-0.123799,8691.24,8.0,6.76219,12.1306,16.3111,21.9116,53.0805,52.0296,51.4422,50.9141,50.5288,50.1366,49.7375,49.3313,48.7508,48.0699,46.7416,43.8834,38.5413,29.8842,10.8476,-1.0,-1.0,-1.0,-1.0,-1.0
45.506,0.0,1.346944498603485e-09,0.9999995645123407,4,149.575,0.271484,0.238657,0.0,0.0,97.6013,104.017,0.128337,2408.79,-0.12427,8473.01,8.0,6.6261,11.8794,15.967,21.4382,52.2225,51.1853,50.6067,50.087,49.7081,49.3227,48.9308,48.5323,47.9631,47.2964,45.9981,43.2138,38.0474,29.8088,11.0259,-1.0,-1.0,-1.0,-1.0,-1.0
45.526,0.0,1.0102083739526136e-09,0.9999997169330215,4,147.241,0.200136,0.14545,0.0,0.0,95.4272,101.766,0.145622,2409.61,-0.124693,8288.22,8.0,6.49256,11.6338,15.6313,20.9778,51.3754,50.3517,49.7815,49.2701,48.8975,48.5187,48.1338,47.7428,47.1847,46.5317,45.2623,42.5491,37.5497,29.6912,11.201,-1.0,-1.0,-1.0,-1.0,-1.0
45.546,0.01502064,7.576562804644603e-10,0.9999998160064639,4,145.014,0.126009,-0.0197491,0.0,0.0,90.7525,97.9258,0.16263,2410.41,-0.125172,7917.06,8.0,6.36095,11.3911,15.299,20.5212,50.5432,49.5329,48.9712,48.4679,48.1014,47.7293,47.3513,46.9675,46.4203,45.7807,44.5396,41.8953,37.0553,29.5456,11.3743,-1.0,-1.0,-1.0,-1.0,-1.0
45.566,0.015075479999999999,5.682422103483452e-10,0.9999998804042015,4,142.868,0.0566399,-0.215298,0.0,0.0,86.5392,93.4352,0.179362,2411.2,-0.125629,7557.11,8.0,6.23164,11.1531,14.9736,20.0748,49.7221,48.725,48.1716,47.6762,47.3159,46.9501,46.5789,46.2022,45.6657,45.0391,43.8253,41.2476,36.5592,29.371,11.5447,-1.0,-1.0,-1.0,-1.0,-1.0
45.586,0.015120960000000001,4.261816577612589e-10,0.9999999222627309,4,140.719,0.000730633,-0.378921,0.0,0.0,83.462,90.0962,0.195844,2411.98,-0.126008,7290.31,8.0,6.10469,10.9207,14.6569,19.6422,48.91,47.9258,47.3806,46.8928,46.5384,46.1789,45.8143,45.4445,44.9182,44.3043,43.1171,40.6034,36.0594,29.1684,11.7118,-1.0,-1.0,-1.0,-1.0,-1.0
45.606,0.01515684,3.196362433209442e-10,0.9999999494707751,4,138.518,-0.0415495,-0.485551,0.0,0.0,80.9056,87.3309,0.212068,2412.75,-0.126307,7068.22,8.0,5.98014,10.6939,14.3489,19.2299,48.1071,47.1355,46.5982,46.1181,45.7694,45.4159,45.0577,44.6947,44.1784,43.5768,42.4152,39.9632,35.5569,28.9422,11.8753,-1.0,-1.0,-1.0,-1.0,-1.0
45.626,0.015184320000000001,2.3972718249070815e-10,0.9999999671560038,4,136.246,-0.0723663,-0.525719,0.0,0.0,78.6877,84.9318,0.228002,2413.51,-0.126536,6875.0,8.0,5.85816,10.4728,14.0495,18.8542,47.3143,46.3551,45.8255,45.3527,45.0097,44.6622,44.3102,43.9537,43.4472,42.8574,41.7206,39.3283,35.0533,28.6964,12.035,-1.0,-1.0,-1.0,-1.0,-1.0
45.646,0.015221400000000001,1.797953868680311e-10,0.9999999786514024,4,134.133,-0.111499,-0.673104,0.0,0.0,73.3874,80.3998,0.243723,2414.25,-0.126845,6449.06,8.0,5.7375,10.2531,13.7513,18.505,46.5368,45.59,45.0681,44.6027,44.2652,43.9236,43.5778,43.2278,42.7308,42.1528,41.0403,38.706,34.5572,28.4422,12.1939,-1.0,-1.0,-1.0,-1.0,-1.0
45.666,0.01525428,1.3484654015102333e-10,0.9999999861234116,4,132.075,-0.146021,-0.833307,0.0,0.0,69.1959,75.818,0.259204,2414.99,-0.127119,6085.68,8.0,5.61885,10.0376,13.4592,18.1978,45.7698,44.8352,44.3209,43.8627,43.5307,43.1948,42.855,42.5114,42.0237,41.4571,40.3683,38.0902,34.0623,28.1749,12.3501,-1.0,-1.0,-1.0,-1.0,-1.0
45.686,0.015278759999999999,1.011349051132675e-10,0.9999999909802175,4,130.017,-0.170598,-0.967514,0.0,0.0,65.9908,72.252,0.274445,2415.71,-0.127323,5803.45,8.0,5.50239,9.82706,13.1746,17.9449,45.0118,44.0892,43.5825,43.1313,42.8047,42.4744,42.1405,41.803,41.3244,40.769,39.7031,37.4793,33.5675,27.8947,12.5028,-1.0,-1.0,-1.0,-1.0,-1.0
45.706,0.0152946,7.585117883495063e-11,0.9999999941371414,4,127.919,-0.184768,-1.05489,0.0,0.0,63.2494,69.1887,0.289449,2416.42,-0.127455,5560.95,8.0,5.38806,9.62127,12.8973,17.7614,44.2632,43.3525,42.853,42.4087,42.0873,41.7626,41.4344,41.1029,40.6333,40.0886,39.0451,36.8739,33.0734,27.6036,12.6522,-1.0,-1.0,-1.0,-1.0,-1.0
45.726,0.01530336,5.688838412621297e-11,0.9999999961891419,4,125.761,-0.190758,-1.08513,0.0,0.0,60.8065,66.4521,0.304188,2417.12,-0.127528,5343.91,8.0,5.27598,9.42029,12.6271,17.675,43.5248,42.6257,42.1334,41.696,41.3797,41.0603,40.7378,40.4122,39.9512,39.4171,38.3952,36.275,32.5814,27.3034,12.798,-1.0,-1.0,-1.0,-1.0,-1.0
45.746,0.015320760000000001,4.266628809465973e-11,0.9999999975229422,4,123.706,-0.203768,-1.18166,0.0,0.0,55.9333,62.3928,0.318703,2417.8,-0.127673,5235.99,8.0,5.16535,9.22108,12.3586,17.7336,42.801,41.9135,41.4284,40.9977,40.6865,40.3724,40.0554,39.7356,39.2832,38.7595,37.7588,35.6882,32.0976,27.0011,12.9429,-1.0,-1.0,-1.0,-1.0,-1.0
45.766,0.01533936,3.1999716070994796e-11,0.9999999983899125,4,121.73,-0.219612,-1.3123,0.0,0.0,50.988,57.0236,0.332969,2418.48,-0.127828,5235.99,8.0,5.05659,9.02518,12.0945,18.1967,42.0888,41.2129,40.7348,40.3107,40.0045,39.6957,39.3842,39.0701,38.626,38.1124,37.1324,35.1101,31.6187,26.6944,13.0855,-1.0,-1.0,-1.0,-1.0,-1.0
45.786,0.01535316,2.3999787053246095e-11,0.9999999989534432,4,119.789,-0.230898,-1.44451,0.0,0.0,47.1642,52.7324,0.347014,2419.15,-0.127943,5235.99,8.0,4.94968,8.83309,11.8359,43.0116,41.3863,40.5219,40.0508,39.6332,39.3319,39.0282,38.7221,38.4135,37.9777,37.4739,36.5142,34.5387,31.143,26.3825,13.2254,-1.0,-1.0,-1.0,-1.0,-1.0
45.806,0.015359399999999999,1.7999840289934573e-11,0.999999999319738,4,117.813,-0.233915,-1.53682,0.0,0.0,43.8158,49.0127,0.360816,2419.8,-0.127995,5235.99,8.0,4.84487,8.6455,11.5841,42.3022,40.6931,39.8399,39.3756,38.9645,38.668,38.3694,38.0684,37.7654,37.3375,36.8434,35.9033,33.9732,30.6697,26.0653,13.3618,-1.0,-1.0,-1.0,-1.0,-1.0
45.826,0.015359159999999998,1.349988021745093e-11,0.9999999995578297,4,115.788,-0.230436,-1.57965,0.0,0.0,40.7858,45.6422,0.3744,2420.44,-0.127993,5235.99,8.0,4.74191,8.46178,11.338,41.6027,40.0097,39.1676,38.7101,38.3053,38.0136,37.7198,37.424,37.1263,36.7062,36.2216,35.3006,33.4148,30.2002,25.7445,13.4951,-1.0,-1.0,-1.0,-1.0,-1.0
45.846,0.015355079999999998,1.0124910163088197e-11,0.9999999997125893,4,113.705,-0.222906,-1.57146,0.0,0.0,37.8783,42.4504,0.387737,2421.07,-0.127959,5235.99,8.0,4.64093,8.28195,11.1094,40.9142,39.3371,38.5061,38.0552,37.6566,37.3695,37.0806,36.7899,36.4974,36.0849,35.6096,34.7073,32.8643,29.7354,25.4217,13.6134,-1.0,-1.0,-1.0,-1.0,-1.0
45.866,0.015368759999999999,7.593682622316147e-12,0.9999999998131831,4,111.804,-0.231325,-1.6801,0.0,0.0,31.5531,36.9913,0.400841,2421.7,-0.128073,5235.99,8.0,4.54121,8.10283,10.9016,40.2414,38.6806,37.8607,37.4165,37.024,36.7416,36.4575,36.1717,35.8843,35.4795,35.0131,34.1292,32.328,29.2819,25.1035,13.7108,-1.0,-1.0,-1.0,-1.0,-1.0
45.886,0.01537944,5.69526196673711e-12,0.999999999878569,4,109.919,-0.238371,-1.78462,0.0,0.0,26.4125,31.389,0.413731,2422.31,-0.128162,5235.99,8.0,4.4432,7.92709,10.7224,39.5787,38.0341,37.2252,36.7875,36.4011,36.1232,35.8438,35.5629,35.2806,34.8831,34.4257,33.5595,31.799,28.8328,24.7841,13.7869,-1.0,-1.0,-1.0,-1.0,-1.0
45.906,0.015385799999999998,4.271446475052832e-12,0.9999999999210699,4,108.057,-0.242121,-1.88843,0.0,0.0,22.2322,26.7469,0.426404,2422.91,-0.128215,5235.99,8.0,4.34698,7.75489,10.5754,38.9257,37.3973,36.5993,36.1679,35.7875,35.5141,35.2393,34.9632,34.6859,34.2956,33.8469,32.9982,31.2771,28.3881,24.4636,13.8438,-1.0,-1.0,-1.0,-1.0,-1.0
45.926,0.015385679999999999,3.203584856289624e-12,0.9999999999486955,4,106.164,-0.239615,-1.95733,0.0,0.0,18.4951,22.6086,0.438845,2423.5,-0.128214,5235.99,8.0,4.2527,7.58671,10.4663,38.282,36.7697,35.9823,35.5573,35.1828,34.9137,34.6435,34.3721,34.0997,33.7164,33.2761,32.4444,30.7618,27.9473,24.1421,13.8828,-1.0,-1.0,-1.0,-1.0,-1.0
45.946,0.01538028,2.402688642217218e-12,0.999999999966652,4,104.223,-0.232256,-1.98201,0.0,0.0,15.0492,18.798,0.451088,2424.07,-0.128169,5235.99,8.0,4.16006,7.42187,10.4,37.6482,36.1518,35.3751,34.9564,34.5876,34.3229,34.0571,33.7903,33.5226,33.1464,32.7143,31.8992,30.2539,27.5114,23.8206,13.9063,-1.0,-1.0,-1.0,-1.0,-1.0
45.966,0.015371999999999999,1.8020164816629136e-12,0.9999999999783238,4,102.228,-0.222255,-1.9598,0.0,0.0,11.7226,15.167,0.463075,2424.64,-0.1281,5235.99,8.0,4.06943,7.2609,10.3885,37.0253,35.5447,34.7785,34.3659,34.0028,33.7423,33.4809,33.2187,32.9556,32.5861,32.1622,31.3632,29.7542,27.0812,23.5,13.9153,-1.0,-1.0,-1.0,-1.0,-1.0
45.986,0.01537692,1.3515123612471852e-12,0.6499999999859105,4,100.322,-0.22181,-1.99381,0.0,0.0,6.46893,10.1945,0.47484,2425.2,-0.128141,5235.99,8.0,3.98014,7.11083,10.4415,36.4169,34.9523,34.1965,33.79,33.4325,33.1761,32.919,32.6613,32.4028,32.04,31.6239,30.8408,29.2669,26.661,23.1845,13.913,-1.0,-1.0,-1.0,-1.0,-1.0
46.006,0.01538676,1.0136342709353888e-12,0.42249999999084187,4,98.5062,-0.228906,-2.06681,0.0,0.0,5.76737,8.57208,0.486394,2425.75,-0.128223,5235.99,8.0,3.89232,6.97924,10.5908,35.8201,34.3715,33.6261,33.2256,32.8736,32.6214,32.3685,32.1151,31.8611,31.5048,31.0965,30.3288,28.7892,26.2481,22.872,13.8995,-1.0,-1.0,-1.0,-1.0,-1.0
46.026,0.015395879999999999,7.602257032015416e-13,0.2746249999940472,4,96.7193,-0.234297,-2.15254,0.902307,1.48128,9.52761,11.8161,0.497734,2426.29,-0.128299,5235.99,8.0,3.80617,6.86782,10.9041,35.2337,33.801,33.0659,32.6712,32.3246,32.0764,31.8278,31.5786,31.3291,30.9791,30.5784,29.8257,28.3194,25.841,22.5613,13.8754,-1.0,-1.0,-1.0,-1.0,-1.0
46.046,0.015399,5.701692774011562e-13,0.17850624999613068,4,94.9338,-0.234578,-2.22051,6.53953,7.24428,16.0055,17.8901,0.508861,2426.81,-0.128325,5235.99,8.0,3.72177,6.77839,11.6633,34.6564,33.2394,32.5143,32.1255,31.7843,31.5401,31.2954,31.0505,30.8053,30.4615,30.0683,29.3303,27.8563,25.4386,22.2517,13.841,-1.0,-1.0,-1.0,-1.0,-1.0
46.066,0.135399,4.276269580508672e-13,0.11602906249748496,4,93.133,-0.229454,-2.25715,15.5492,16.3819,24.2062,25.708,0.519778,2427.33,-0.128308,5235.99,8.0,3.63909,6.71227,36.2834,34.0883,32.6871,31.9719,31.5888,31.2529,31.0125,30.7719,30.531,30.29,29.9524,29.5664,28.8428,27.4003,25.0413,21.9436,13.7975,-1.0,-1.0,-1.0,-1.0,-1.0
46.086,0.255399,3.207202185381504e-13,0.07541889062336522,4,91.3068,-0.212775,-2.25324,27.0497,28.0423,33.4565,34.6375,0.530486,2427.84,-0.128307,5235.99,8.0,3.55795,6.67014,35.712,33.5313,32.1457,31.4403,31.0629,30.7321,30.4956,30.2589,30.0221,29.7852,29.4536,29.0747,28.365,26.9531,24.651,21.639,13.7465,-1.0,-1.0,-1.0,-1.0,-1.0
46.106,0.375399,2.405401639036128e-13,0.0490222789051874,4,89.4585,-0.177629,-2.2115,40.2981,41.4794,43.2766,44.2019,0.54101,2428.34,-0.128631,5235.99,8.0,3.47733,6.64836,35.1588,32.9936,31.6238,30.9282,30.5563,30.2306,29.9978,29.765,29.5322,29.2994,28.9736,28.6015,27.9055,26.5233,24.2757,21.3454,13.6924,-1.0,-1.0,-1.0,-1.0,-1.0
46.126,0.39095579545454545,1.804051229277096e-13,0.03186448128837181,4,87.6765,-0.121287,-2.19019,54.3155,55.5175,51.8967,53.958,0.55142,2428.82,-0.130127,5235.99,8.0,3.39455,6.63121,34.6439,32.4967,31.1435,30.4575,30.0911,29.7704,29.5414,29.3123,29.0833,28.8545,28.5344,28.1691,27.4862,26.1323,23.9363,21.0815,13.6455,-1.0,-1.0,-1.0,-1.0,-1.0
46.146,0.39553268181818185,1.353038421957822e-13,0.020711912837441677,4,86.1274,-0.0812558,-2.25362,67.7073,68.148,59.3369,61.0243,0.561883,2429.3,-0.134383,5235.99,8.0,3.3056,6.5807,34.2032,32.079,30.744,30.0677,29.7067,29.3909,29.1654,28.94,28.7148,28.4897,28.175,27.8161,27.1456,25.8182,23.6688,20.8801,13.623,-1.0,-1.0,-1.0,-1.0,-1.0
46.166,0.39916381818181823,1.0147788164683664e-13,0.013462743344337091,4,84.8984,-0.11723,-2.36492,75.2962,74.718,67.9191,68.7917,0.572694,2429.77,-0.143303,5784.74,8.0,3.20994,6.4456,33.878,31.7847,30.471,29.8042,29.4485,29.1374,28.9153,28.6934,28.4716,28.2501,27.9405,27.5875,26.9283,25.6246,23.515,20.7788,13.6458,-1.0,-1.0,-1.0,-1.0,-1.0
46.186,0.40097436363636363,7.610841123512748e-14,0.00875078317381911,4,84.2856,-0.31806,-2.60661,77.3884,75.2524,74.5811,72.4566,0.584074,2430.24,-0.15558,6194.55,8.0,3.11052,6.25026,33.6312,31.5744,30.2835,29.627,29.2763,28.9697,28.7508,28.5322,28.3138,28.0956,27.7907,27.4431,26.7944,25.512,23.4377,20.7449,13.699,-1.0,-1.0,-1.0,-1.0,-1.0
46.206,0.4015112045454546,5.70813084263456e-14,0.005688009062982422,4,84.1039,-0.519502,-2.89244,77.835,75.1387,75.5233,72.5513,0.596195,2430.7,-0.168107,6230.05,8.0,3.01407,6.05953,33.3869,31.3671,30.0983,29.453,29.1072,28.8049,28.5892,28.3737,28.1584,27.9435,27.6432,27.3008,26.6621,25.4003,23.3607,20.7101,13.7495,-1.0,-1.0,-1.0,-1.0,-1.0
46.226,0.4018583636363636,4.2810981319759204e-14,0.0036972058909385745,4,83.9864,-0.629612,-3.13704,77.8836,75.0899,75.3536,72.5893,0.609093,2431.17,-0.177722,6224.31,8.0,2.92296,5.89516,33.1188,31.1342,29.8863,29.2522,28.9118,28.6137,28.4011,28.1887,27.9766,27.7648,27.4689,27.1318,26.503,25.2616,23.2572,20.6502,13.7856,-1.0,-1.0,-1.0,-1.0,-1.0
46.246,0.40219725,3.2108235989819406e-14,0.0024031838291100737,4,83.8717,-0.592693,-3.30898,77.8148,75.1136,75.1698,72.6084,0.622005,2431.69,-0.172075,6217.36,8.0,2.83696,5.75499,32.8291,30.8779,29.6498,29.0265,28.6919,28.3983,28.1886,27.9793,27.7703,27.5616,27.2702,26.9382,26.3192,25.0981,23.1289,20.5671,13.808,-1.0,-1.0,-1.0,-1.0,-1.0
46.266,0.4025615454545454,2.4081176992364555e-14,0.001562069488921548,4,83.7484,-0.437423,-3.3853,77.7875,75.1571,75.1012,72.4899,0.634564,2432.21,-0.166515,6209.43,8.0,2.75286,5.61844,32.5396,30.6219,29.4132,28.8004,28.4716,28.1831,27.9766,27.7702,27.5642,27.3586,27.0715,26.7445,26.135,24.9338,22.9989,20.4818,13.8277,2.24185,2.23355,2.22605,2.21934,2.2134
46.286,0.4029276136363637,1.8060882744273417e-14,0.0010153451677990062,4,83.6245,-0.387587,-3.51379,77.8615,75.0563,75.0572,72.2027,0.646843,2432.73,-0.162283,6194.65,8.0,2.66745,5.46223,32.2758,30.3944,29.2052,28.6029,28.2799,27.9966,27.7937,27.5906,27.3875,27.1848,26.9018,26.5796,25.9793,24.7968,22.894,20.4186,13.8572,-1.0,-1.0,-1.0,-1.0,-1.0
46.306,0.4031539318181818,1.3545662058205062e-14,0.0006599743590693541,4,83.5479,-1.14752,-4.16141,78.0082,74.9257,75.0359,71.9151,0.658525,2433.25,-0.160439,6182.17,8.0,2.58151,5.27633,32.0569,30.2161,29.047,28.4552,28.138,27.8597,27.6606,27.4612,27.2615,27.0617,26.7825,26.4647,25.8727,24.7072,22.833,20.3941,13.9043,-1.0,-1.0,-1.0,-1.0,-1.0
46.326,0.4033793636363636,1.0159246543653796e-14,0.0004289833333950802,4,83.4716,-2.06452,-4.83055,78.0525,74.8906,75.2092,71.7053,0.66925,2433.78,-0.159375,6181.29,8.0,2.50176,5.09929,31.8479,30.0471,28.8991,28.3173,28.0056,27.7322,27.5366,27.3408,27.1448,26.9486,26.6737,26.3599,25.7758,24.6261,22.7785,20.3743,13.9501,-1.0,-1.0,-1.0,-1.0,-1.0
46.346,0.4036163181818182,7.619434907740348e-15,0.00027883916670680214,4,83.3914,-2.57063,-5.31905,77.8933,74.89,75.1337,71.7355,0.679195,2434.31,-0.156767,6179.39,8.0,2.4316,4.96561,31.6034,29.8379,28.7109,28.1385,27.8319,27.5631,27.3709,27.1784,26.9857,26.793,26.523,26.2143,25.6379,24.5042,22.6838,20.3173,13.9732,-1.0,-1.0,-1.0,-1.0,-1.0
46.366,0.40387661363636373,5.714576180805261e-15,0.0001812454583594214,4,83.3033,-2.67826,-5.64443,77.5304,74.8255,74.8679,71.9206,0.688578,2434.84,-0.151592,6175.87,8.0,2.36985,4.87518,31.318,29.5828,28.476,27.9124,27.6108,27.3464,27.1573,26.968,26.7786,26.5892,26.3238,26.0206,25.4529,24.3357,22.5439,20.2179,13.9718,-1.0,-1.0,-1.0,-1.0,-1.0
46.386,0.40421461363636363,4.285932135603946e-15,0.00011780954793362391,4,83.1889,-2.43308,-5.76523,77.2756,74.6174,74.71,71.9071,0.6976,2435.37,-0.145546,6168.48,8.0,2.31129,4.79754,31.0232,29.3169,28.2305,27.6755,27.3785,27.1183,26.9323,26.7462,26.56,26.3738,26.113,25.815,25.257,24.1562,22.3929,20.1073,13.9632,-1.0,-1.0,-1.0,-1.0,-1.0
46.406,0.40460697727272726,3.214449101702959e-15,7.657620615685555e-05,4,83.0561,-2.05445,-5.73982,77.2214,74.4164,74.6647,71.7265,0.706443,2435.91,-0.140111,6158.91,8.0,2.2525,4.71288,30.7379,29.0613,27.9958,27.4498,27.1576,26.9016,26.7186,26.5355,26.3524,26.1693,25.913,25.6203,25.0723,23.9878,22.2518,20.0047,13.9581,-1.0,-1.0,-1.0,-1.0,-1.0
46.426,0.4049340454545454,2.4108368262772196e-15,4.977453400195611e-05,4,82.9454,-2.2071,-6.04125,77.3269,74.2437,74.5661,71.4299,0.715098,2436.44,-0.136371,6142.05,8.0,2.1916,4.60486,30.4803,28.8365,27.7927,27.2572,26.9696,26.7177,26.5377,26.3577,26.1776,25.9976,25.7457,25.458,24.9197,23.8519,22.1407,19.9283,13.9659,-1.0,-1.0,-1.0,-1.0,-1.0
46.446,0.4052079318181818,1.808127619707915e-15,3.235344710127147e-05,4,82.8527,-3.14603,-6.68296,77.5396,74.1509,74.4426,71.1759,0.722929,2436.97,-0.135422,6125.98,8.0,2.13228,4.47267,30.2661,28.6599,27.6387,27.1152,26.8328,26.5849,26.4078,26.2306,26.0535,25.8764,25.6286,25.3457,24.8164,23.7654,22.0751,19.8911,13.9916,-1.0,-1.0,-1.0,-1.0,-1.0
46.466,0.4055323409090909,1.3560957147809362e-15,2.1029740615826457e-05,4,82.7429,-4.06012,-7.19603,77.6992,74.0405,74.3809,70.7594,0.72987,2437.51,-0.136602,6107.04,8.0,2.07682,4.33145,30.0802,28.5159,27.5173,27.0058,26.73,26.487,26.3127,26.1383,25.9639,25.7896,25.5457,25.2673,24.7465,23.7126,22.0406,19.88,14.0285,-1.0,-1.0,-1.0,-1.0,-1.0
46.486,0.40597168181818183,1.017071786085702e-15,1.3669331400287198e-05,4,82.5942,-4.57498,-7.48497,77.5867,73.7709,74.7284,70.5465,0.736268,2438.05,-0.137584,6112.59,8.0,2.02644,4.20688,29.8856,28.3639,27.3869,26.8867,26.6171,26.3797,26.2093,26.0383,25.8666,25.6949,25.4548,25.1806,24.668,23.6506,21.9987,19.8608,14.059,-1.0,-1.0,-1.0,-1.0,-1.0
46.506,0.4064349545454546,7.628038395642765e-16,8.885065410186679e-06,4,82.4374,-4.78806,-7.61009,77.3427,73.4253,74.7856,70.4564,0.742339,2438.59,-0.136936,6110.79,8.0,1.97989,4.10006,29.6744,28.1952,27.2386,26.7491,26.4854,26.2532,26.0866,25.9193,25.7515,25.5832,25.3467,25.0767,24.572,23.5707,21.9412,19.8265,14.0803,-1.0,-1.0,-1.0,-1.0,-1.0
46.526,0.4069171363636364,5.721028796732074e-16,5.775292516621341e-06,4,82.2742,-4.75924,-7.60128,77.0893,73.1281,74.6609,70.3879,0.748236,2439.13,-0.135726,6102.42,8.0,1.93562,4.0063,29.4482,28.011,27.0738,26.5946,26.3364,26.1092,25.9462,25.7826,25.6185,25.4538,25.2225,24.957,24.46,23.4745,21.8696,19.7787,14.0937,-1.0,-1.0,-1.0,-1.0,-1.0
46.546,0.40738897727272727,4.2907715975490553e-16,3.7539401358038717e-06,4,82.1145,-4.73508,-7.63296,76.8778,72.921,74.4939,70.2986,0.754096,2439.68,-0.134125,6091.58,8.0,1.89221,3.91998,29.2107,27.8133,26.8969,26.4274,26.1747,25.9523,25.7927,25.6326,25.472,25.3109,25.0847,24.8251,24.3364,23.3664,21.7877,19.7212,14.1009,-1.0,-1.0,-1.0,-1.0,-1.0
46.566,0.40780881818181824,3.2180786981617912e-16,2.4400610882725168e-06,4,81.9724,-5.35982,-8.03968,76.8266,72.836,74.4005,70.0845,0.759507,2440.22,-0.133577,6078.55,8.0,1.85069,3.83109,28.983,27.6257,26.7325,26.2726,26.0251,25.8074,25.6512,25.4945,25.3374,25.1798,24.9585,24.7046,24.2263,23.2711,21.7175,19.6748,14.112,-1.0,-1.0,-1.0,-1.0,-1.0
46.586,0.4082753409090909,2.413559023621343e-16,1.586039707377136e-06,4,81.8145,-5.91935,-8.3529,76.758,72.7077,74.3518,69.8395,0.764333,2440.76,-0.133938,6066.32,8.0,1.81303,3.74531,28.7621,27.4442,26.5769,26.1263,25.8839,25.6707,25.5178,25.3644,25.2106,25.0564,24.8398,24.5914,24.1237,23.1847,21.6545,19.6359,14.1246,-1.0,-1.0,-1.0,-1.0,-1.0
46.606,0.408772,1.8101692677160074e-16,0.3500010309258098,4,81.6464,-6.26552,-8.55376,76.5497,72.5158,74.2529,69.6949,0.768747,2441.3,-0.134015,6056.08,8.0,1.77989,3.67518,28.5309,27.2499,26.408,25.9681,25.7305,25.5216,25.3718,25.2216,25.071,24.9199,24.7079,24.4648,24.0071,23.0866,21.5792,19.5869,14.1294,-1.0,-1.0,-1.0,-1.0,-1.0
46.626,0.4102339090909091,1.3576269507870055e-16,0.5775006701017764,4,81.1516,-6.47782,-8.65359,68.6659,61.9207,70.2118,66.4956,0.772839,2441.85,-0.132297,5743.1,8.0,1.75066,3.6216,28.2867,27.0396,26.2212,25.7938,25.5612,25.3563,25.2095,25.0623,24.9146,24.7667,24.559,24.3209,23.8727,22.972,21.4877,19.5241,14.1247,-1.0,-1.0,-1.0,-1.0,-1.0
46.646,0.41334534090909086,1.0182202130902541e-16,0.7253754355661547,4,80.0985,-6.64848,-8.63762,59.8181,47.3357,65.4263,63.5038,0.776467,2442.39,-0.128738,5413.61,8.0,1.72737,3.59745,28.0226,26.8009,26.0032,25.5871,25.3607,25.1601,25.016,24.8715,24.7267,24.5816,24.3779,24.1445,23.7054,22.8235,21.3645,19.4328,14.102,-1.0,-1.0,-1.0,-1.0,-1.0
46.666,0.41758659090909095,7.636651598176906e-17,0.8214940331180005,4,78.663,-6.76188,-8.52024,50.6286,30.8571,60.3033,60.8772,0.779482,2442.93,-0.122773,5235.99,8.0,1.71237,3.61667,27.7326,26.5249,25.7446,25.3381,25.117,24.9213,24.7802,24.6383,24.496,24.3535,24.1535,23.9245,23.4937,22.6296,21.1977,19.3002,14.0539,-1.0,-1.0,-1.0,-1.0,-1.0
46.686,0.4217814545454545,5.727488698632679e-17,0.5339711215267003,4,77.2432,-7.05608,-8.5213,41.0492,12.3443,50.1482,57.0045,0.781652,2443.46,-0.115314,5235.99,8.0,1.70623,3.67712,27.427,26.2271,25.4617,25.0635,24.8472,24.6558,24.5178,24.3788,24.239,24.0989,23.9024,23.6773,23.2545,22.4071,21.0028,19.1399,13.9869,-1.0,-1.0,-1.0,-1.0,-1.0
46.706,0.4263867045454545,4.295616523974509e-17,0.3470812289923553,4,75.6845,-7.33131,-8.47242,42.9148,5.13845,45.744,57.1935,0.78282,2443.97,-0.107171,5235.99,8.0,1.7097,3.77818,27.116,25.92,25.1678,24.7771,24.5651,24.3775,24.2424,24.1063,23.9693,23.8316,23.6383,23.417,23.0015,22.1699,20.7931,18.9642,13.9074,-1.0,-1.0,-1.0,-1.0,-1.0
46.726,0.43116361363636363,3.2217123929808816e-17,0.22560279884503093,4,74.0677,-7.2966,-8.31054,50.7592,5.69617,45.8621,59.707,0.783127,2444.48,-0.0980657,5235.99,8.0,1.72283,3.93369,26.795,25.601,24.8603,24.4763,24.268,24.0839,23.9513,23.8179,23.6836,23.5486,23.3584,23.1407,22.7321,21.9155,20.566,18.771,13.8148,-1.0,-1.0,-1.0,-1.0,-1.0
46.746,0.435383,2.416284294735661e-17,0.1466418192492701,4,72.6396,-6.88244,-8.08993,58.6629,10.8512,48.5954,61.1346,0.782871,2444.98,-0.0879195,5235.99,8.0,1.74285,4.1475,26.4692,25.2764,24.5461,24.1682,23.9635,23.7825,23.6523,23.5213,23.3895,23.257,23.0703,22.856,22.4541,21.6519,20.3292,18.5682,13.7146,-1.0,-1.0,-1.0,-1.0,-1.0
46.766,0.43869681818181816,1.8122132210517458e-17,0.09531718251202558,4,71.518,-6.23535,-7.8489,62.2038,18.1558,52.9759,61.1646,0.782304,2445.47,-0.0773557,5235.99,8.0,1.76526,4.40586,26.1566,24.9631,24.2433,23.8715,23.6702,23.4925,23.3646,23.236,23.1067,22.9767,22.7936,22.5829,22.1875,21.3993,20.1024,18.3744,13.6183,-1.0,-1.0,-1.0,-1.0,-1.0
46.786,0.4413210454545455,1.3591599157888094e-17,0.061956168632816624,4,70.6298,-5.51894,-7.61394,63.1871,26.0903,57.7305,60.7247,0.781632,2445.96,-0.0678704,5235.99,8.0,1.78736,4.70745,25.8634,24.6661,23.9572,23.5917,23.3939,23.2194,23.0939,22.9677,22.8409,22.7134,22.5339,22.3274,21.9385,21.1639,19.892,18.196,13.5302,-1.0,-1.0,-1.0,-1.0,-1.0
46.806,0.44335820454545455,1.019369936841607e-17,0.0402715096113308,4,69.9403,-4.75555,-7.39796,63.4413,33.9853,60.8922,60.2629,0.781008,2446.44,-0.0590242,5235.99,8.0,1.80851,5.10224,25.5831,24.3789,23.6811,23.3219,23.1277,22.9564,22.8333,22.7095,22.5852,22.4602,22.2844,22.0822,21.7001,20.9389,19.6914,18.027,13.4475,-1.0,-1.0,-1.0,-1.0,-1.0
46.826,0.4449397727272727,7.645274526312053e-18,0.026176481247365022,4,69.405,-4.02743,-7.21872,63.598,42.0061,61.8699,59.7924,0.780493,2446.92,-0.0510972,5235.99,8.0,1.82775,5.72117,25.3201,24.1046,23.4183,23.0655,22.8749,22.7069,22.5862,22.4649,22.343,22.2206,22.0484,21.8505,21.4762,20.7281,19.5043,17.871,13.3723,-1.0,-1.0,-1.0,-1.0,-1.0
46.846,0.4461419772727273,5.73395589473404e-18,0.017014712810787265,4,68.9981,-3.40215,-7.10648,63.6922,48.5872,62.061,59.361,0.780107,2447.39,-0.0443133,5235.99,8.0,1.84509,27.4106,25.0787,23.8451,23.1707,22.8246,22.6377,22.473,22.3547,22.2359,22.1166,21.9967,21.8282,21.6345,21.2686,20.5337,19.3328,17.7301,13.3058,-1.0,-1.0,-1.0,-1.0,-1.0
46.866,0.4470327727272727,4.30046692105053e-18,0.011059563327011723,4,68.6966,-2.85895,-7.0527,63.7276,53.2857,62.016,59.0368,0.779833,2447.87,-0.0382965,5235.99,8.0,1.86137,27.2302,24.8531,23.5956,22.9326,22.5931,22.4099,22.2486,22.1327,22.0164,21.8996,21.7823,21.6174,21.428,21.0704,20.3497,19.1709,17.5989,13.2451,-1.0,-1.0,-1.0,-1.0,-1.0
46.886,0.4476479090909091,3.2253501907878973e-18,0.00718871616255762,4,68.4884,-2.38846,-7.05518,63.7171,56.0391,61.9068,58.8348,0.779632,2448.34,-0.0323032,5235.99,8.0,1.87779,27.0604,24.636,23.3531,22.697,22.364,22.1845,22.0265,21.913,21.7991,21.6848,21.57,21.4088,21.2236,20.8741,20.1685,19.0115,17.4708,13.1863,-1.0,-1.0,-1.0,-1.0,-1.0
46.906,0.44808577272727274,2.419012643090923e-18,0.004672665505662452,4,68.3402,-1.96318,-7.09793,63.667,57.6452,61.7754,58.7375,0.779409,2448.81,-0.0247186,5235.99,8.0,1.89547,26.891,24.4201,23.1125,22.4581,22.1315,21.9556,21.8007,21.6896,21.5781,21.4662,21.3539,21.1961,21.0151,20.6735,19.9842,18.8487,17.3396,13.1263,-1.0,-1.0,-1.0,-1.0,-1.0
46.926,0.44841875000000003,1.8142594823181922e-18,0.003037232578680594,4,68.2275,-1.56133,-7.16002,63.5913,58.5986,61.6369,58.6868,0.779061,2449.29,-0.016784,5235.99,8.0,1.9155,26.7171,24.2016,22.8706,22.2133,21.8929,21.7205,21.5688,21.4599,21.3507,21.2412,21.1313,20.9769,20.7999,20.466,19.7931,18.6796,17.2021,13.0634,-1.0,-1.0,-1.0,-1.0,-1.0
46.946,0.4487425681818181,1.3606946117386441e-18,0.0019742011761423863,4,68.1179,-1.13599,-7.19703,63.5581,59.5215,61.5335,58.6217,0.778593,2449.76,-0.00872356,5235.99,8.0,1.93743,26.5436,23.984,22.6301,21.9654,21.6512,21.4822,21.3335,21.2269,21.12,21.0127,20.9052,20.7542,20.581,20.2548,19.5979,18.5074,17.0609,12.9992,-1.0,-1.0,-1.0,-1.0,-1.0
46.966,0.4491680227272727,1.0205209588039832e-18,0.001283230764492551,4,67.9739,-0.534393,-7.01069,63.8313,60.3106,61.625,58.2382,0.778139,2450.23,-0.00244266,5235.99,8.0,1.95618,26.4195,23.8019,22.4182,21.7389,21.4296,21.264,21.1185,21.0141,20.9095,20.8046,20.6994,20.5517,20.3825,20.0638,19.4227,18.3558,16.9384,12.9466,-1.0,-1.0,-1.0,-1.0,-1.0
46.986,0.44949775000000003,7.653907191029874e-19,0.0008340999969201582,4,67.8623,-0.028648,-6.77781,64.0832,60.3617,61.7325,57.9408,0.777873,2450.71,0.00200623,5235.99,8.0,1.9706,26.3501,23.6589,22.2378,21.5396,21.2279,21.0658,20.9234,20.8214,20.719,20.6165,20.5137,20.3694,20.204,19.8929,19.2675,18.2251,16.8347,12.9065,-1.0,-1.0,-1.0,-1.0,-1.0
47.006,0.44976159090909096,5.740430393272405e-19,0.0005421649979981029,4,67.773,0.320783,-6.58021,64.2253,60.2772,61.7833,57.7316,0.777751,2451.18,0.00527638,5235.99,8.0,1.98236,26.3222,23.5454,22.0813,21.3617,21.0404,20.8787,20.7394,20.6396,20.5396,20.4393,20.3389,20.1979,20.0364,19.7327,19.1228,18.1063,16.7415,12.8742,-1.0,-1.0,-1.0,-1.0,-1.0
47.026,0.44998229545454543,4.3053227949543037e-19,0.0003524072486987669,4,67.6983,0.525612,-6.44246,64.2993,60.1907,61.8013,57.5808,0.777694,2451.65,0.00777405,5235.99,8.0,1.99304,26.3279,23.4555,21.9439,21.2009,20.8689,20.7018,20.5611,20.4632,20.3654,20.2675,20.1693,20.0316,19.8739,19.5774,18.9825,17.9924,16.6534,12.8465,-1.0,-1.0,-1.0,-1.0,-1.0
47.046,0.4501666590909091,3.2289920962157275e-19,0.00022906471165419848,4,67.6359,0.609681,-6.36696,64.3508,60.1298,61.8138,57.4658,0.777575,2452.13,0.0114943,5235.99,8.0,2.0038,26.3642,23.3868,21.8236,21.0554,20.7121,20.5392,20.3935,20.2925,20.1941,20.0979,20.002,19.8675,19.7135,19.424,18.8438,17.8793,16.5676,12.8205,-1.0,-1.0,-1.0,-1.0,-1.0
47.066,0.45032590909090914,2.4217440721617957e-19,0.000148892062575229,4,67.582,0.608273,-6.34384,64.3527,60.0624,61.8047,57.3808,0.777252,2452.6,0.0150592,5235.99,8.0,2.01573,26.4271,23.336,21.7177,20.923,20.5676,20.3886,20.2378,20.1332,20.0313,19.9318,19.8349,19.7027,19.5523,19.2697,18.7036,17.7638,16.4811,12.7938,-1.0,-1.0,-1.0,-1.0,-1.0
47.086,0.45048279545454545,1.8163080541213469e-19,9.677984067389886e-05,4,67.5289,0.578426,-6.33357,64.3197,59.9979,61.7758,57.3238,0.776684,2453.08,0.0184471,5235.99,8.0,2.02971,26.5129,23.3002,21.6239,20.8013,20.4335,20.2482,20.092,19.9837,19.8781,19.7751,19.6746,19.5382,19.388,19.112,18.5597,17.6439,16.392,12.765,-1.0,-1.0,-1.0,-1.0,-1.0
47.106,0.4507466363636364,1.3622310405910101e-19,6.290689643803426e-05,4,67.4396,0.725488,-6.08582,64.5093,59.8172,61.8745,57.0728,0.775988,2453.56,0.0205848,5235.99,8.0,2.04186,26.6592,23.305,21.5619,20.7076,20.3256,20.1332,19.971,19.8585,19.7487,19.6417,19.5373,19.3954,19.2393,18.9627,18.4236,17.5309,16.3112,12.741,-1.0,-1.0,-1.0,-1.0,-1.0
47.126,0.4509883181818182,1.0216732804432577e-19,4.088948268472227e-05,4,67.3578,0.997434,-5.66056,64.4679,59.762,61.8224,56.9788,0.775403,2454.04,0.0222217,5235.99,8.0,2.05174,26.8488,23.3381,21.522,20.6334,20.2362,20.0362,19.8675,19.7505,19.6364,19.525,19.4164,19.2688,19.1063,18.8187,18.2881,17.4178,16.2307,12.7189,-1.0,-1.0,-1.0,-1.0,-1.0
47.146,0.4511930681818182,7.662549603324432e-20,2.6578163745069477e-05,4,67.2885,1.18992,-5.30337,64.36,59.7617,61.7016,56.9713,0.77492,2454.51,0.0242812,5235.99,8.0,2.06178,27.0528,23.3791,21.4885,20.565,20.1526,19.9448,19.7696,19.6482,19.5296,19.414,19.3012,19.1479,18.9791,18.6802,18.1438,17.2954,16.1402,12.6932,-1.0,-1.0,-1.0,-1.0,-1.0
47.166,0.4513718181818182,5.746912202493323e-20,1.7275806434295162e-05,4,67.228,1.26289,-5.06475,64.2807,59.743,61.6167,56.9455,0.774428,2454.99,0.0266215,5235.99,8.0,2.07274,27.2873,23.431,21.4633,20.5042,20.0761,19.8606,19.6788,19.5528,19.4298,19.3099,19.1928,19.0338,18.8586,18.5483,17.9934,17.1651,16.0411,12.6642,-1.0,-1.0,-1.0,-1.0,-1.0
47.186,0.45152929545454545,4.3101841518699925e-20,1.1229274182291856e-05,4,67.1747,1.2094,-4.95318,64.2355,59.6922,61.5734,56.8935,0.773791,2455.47,0.0289313,5235.99,8.0,2.08512,27.6816,23.5018,21.4522,20.4557,20.0113,19.7876,19.599,19.4683,19.3407,19.2162,19.0948,18.9298,18.7481,18.4261,17.8499,17.0294,15.9356,12.6328,-1.0,-1.0,-1.0,-1.0,-1.0
47.206,0.45167406818181816,3.2326381139024944e-20,7.299028218489707e-06,4,67.1257,1.07333,-4.93589,64.1843,59.6276,61.5372,56.844,0.772918,2455.94,0.0311562,5235.99,8.0,2.09967,28.4343,23.5937,21.4566,20.4206,19.9591,19.7268,19.5311,19.3954,19.263,19.1339,19.0079,18.8367,18.6481,18.314,17.7159,16.8885,15.8241,12.5979,-1.0,-1.0,-1.0,-1.0,-1.0
47.226,0.4518170681818182,2.4244785854268706e-20,4.74436834201831e-06,4,67.0773,0.901622,-4.97534,64.1116,59.5652,61.4888,56.8099,0.771759,2456.42,0.0334002,5235.99,8.0,2.11721,30.5123,23.7049,21.475,20.3974,19.9179,19.6767,19.4735,19.3327,19.1953,19.0613,18.9306,18.753,18.5574,18.2108,17.5902,16.7415,15.7054,12.5573,-1.0,-1.0,-1.0,-1.0,-1.0
47.246,0.4519925681818182,1.818358939070153e-20,3.0838394223119013e-06,4,67.0179,0.784387,-4.97377,64.044,59.4864,61.4425,56.7633,0.770313,2456.89,0.0356314,5235.99,8.0,2.1386,55.8411,23.8377,21.5087,20.3871,19.8888,19.6382,19.4272,19.281,19.1384,18.9994,18.8638,18.6795,18.4766,18.1171,17.4734,16.5926,15.5802,12.5112,-1.0,-1.0,-1.0,-1.0,-1.0
47.266,0.45221829545454545,1.363769204302615e-20,2.004495624502736e-06,4,66.9415,1.06257,-4.6049,63.8707,59.4947,61.2563,56.8075,0.768819,2457.36,0.0384752,5235.99,8.0,2.16612,54.5606,23.9752,21.5448,20.3788,19.8616,19.6018,19.383,19.2314,19.0836,18.9395,18.799,18.6081,18.3979,18.0257,17.3593,16.4468,15.445,12.458,1.38709,1.38742,1.3882,1.38945,1.39116
47.286,0.4524416590909091,1.0228269032269612e-20,1.3029221559267784e-06,4,66.8659,1.34651,-4.2469,63.6956,59.5369,61.0872,56.8373,0.767397,2457.84,0.0423066,5235.99,8.0,2.20029,53.3411,24.1049,21.5742,20.3648,19.8292,19.5603,19.334,19.1772,19.0244,18.8755,18.7303,18.533,18.3159,17.9316,17.2435,16.3011,15.298,12.3968,-1.0,-1.0,-1.0,-1.0,-1.0
47.306,0.45265113636363635,7.67120177420221e-21,8.46899401352406e-07,4,66.795,1.50733,-3.98675,63.6467,59.5101,61.0263,56.7728,0.765936,2458.31,0.0462519,5235.99,8.0,2.23999,52.1345,24.2542,21.6171,20.3621,19.8073,19.529,19.2948,19.1327,18.9748,18.8208,18.6707,18.4669,18.2427,17.8458,17.1356,16.1629,15.1459,12.3317,-1.0,-1.0,-1.0,-1.0,-1.0
47.326,0.45284111363636365,5.753401330651657e-21,5.504846108790639e-07,4,66.7307,1.5142,-3.85243,63.6805,59.4192,61.0389,56.6487,0.764314,2458.78,0.0503585,5235.99,8.0,2.28457,50.9063,24.4647,21.6913,20.3857,19.8097,19.521,19.2782,19.1101,18.9465,18.787,18.6315,18.4206,18.1885,17.7779,17.0438,16.0384,14.9932,12.2651,-1.0,-1.0,-1.0,-1.0,-1.0
47.346,0.4530157272727273,4.315050997988743e-21,3.578149970713915e-07,4,66.6716,1.41247,-3.80002,63.722,59.3066,61.0655,56.5194,0.76225,2459.28,0.0583951,5235.99,8.0,2.33433,49.6495,24.8744,21.8042,20.4414,19.8415,19.5411,19.2886,19.114,18.9439,18.7783,18.6169,18.3979,18.1572,17.7314,16.9707,15.9296,14.8458,12.1972,-1.0,-1.0,-1.0,-1.0,-1.0
47.366,0.4531835454545454,3.2362882484915573e-21,2.325797480964045e-07,4,66.6148,1.24871,-3.79751,63.7318,59.1966,61.0765,56.4103,0.759584,2459.77,0.0658204,5235.99,8.0,2.39049,48.3723,25.7405,21.9554,20.5285,19.902,19.5886,19.3255,19.1435,18.9664,18.7939,18.626,18.3982,18.1478,17.7054,16.9157,15.8359,14.7107,12.127,-1.0,-1.0,-1.0,-1.0,-1.0
47.386,0.45334368181818185,2.427216186368668e-21,1.5117683626266292e-07,4,66.5606,1.04534,-3.84312,63.6963,59.1057,61.0568,56.3326,0.756307,2460.26,0.0729219,5235.99,8.0,2.4608,47.0893,53.4362,22.1401,20.6426,19.987,19.6595,19.3847,19.1947,19.0099,18.8301,18.655,18.4176,18.1569,17.6965,16.8757,15.7546,14.5861,12.0527,-1.0,-1.0,-1.0,-1.0,-1.0
47.406,0.45348343181818185,1.820412139776501e-21,9.82649435707309e-08,4,66.5133,0.880942,-3.88853,63.5516,59.0685,60.9296,56.3699,0.752401,2460.75,0.0804745,5235.99,8.0,2.55293,45.8464,52.1576,22.3352,20.7642,20.0785,19.7363,19.4495,19.2513,19.0587,18.8712,18.6888,18.4417,18.1704,17.6917,16.8394,15.6771,14.4657,11.9688,-1.0,-1.0,-1.0,-1.0,-1.0
47.426,0.4536329318181818,1.3653091048323758e-21,6.387221332097508e-08,4,66.4627,0.900039,-3.85694,63.252,59.1259,60.6692,56.543,0.747938,2461.24,0.0896708,5235.99,8.0,2.67555,44.7024,50.9731,22.5073,20.8598,20.1457,19.7899,19.4918,19.286,19.086,18.8915,18.7023,18.4461,18.165,17.6695,16.7884,15.5888,14.3393,11.8712,-1.0,-1.0,-1.0,-1.0,-1.0
47.446,0.4538084318181818,1.023981828624282e-21,4.15169386586338e-08,4,66.4033,0.979553,-3.82119,63.0324,59.1603,60.5147,56.5958,0.742939,2461.73,0.0997946,5235.99,8.0,2.83168,43.6201,49.8471,22.7559,20.9455,20.2035,19.8343,19.5252,19.3121,19.1049,18.9036,18.7079,18.4429,18.1524,17.6407,16.7321,15.4971,14.212,11.7636,-1.0,-1.0,-1.0,-1.0,-1.0
47.466,0.45401081818181815,7.679863714682115e-22,2.698601012811197e-08,4,66.3348,1.06033,-3.787,62.9787,59.1183,60.4788,56.5149,0.7374,2462.22,0.109779,5235.99,8.0,3.02651,42.5441,48.7255,23.2314,21.0519,20.2799,19.8963,19.5755,19.3543,19.1395,18.9309,18.7281,18.4538,18.1533,17.6244,16.6866,15.4147,14.0926,11.6506,-1.0,-1.0,-1.0,-1.0,-1.0
47.486,0.45422384090909096,5.759897786011586e-22,1.754090658327278e-08,4,66.2627,1.10784,-3.74838,63.0342,59.013,60.5059,56.3629,0.731171,2462.73,0.125867,5235.99,8.0,3.31344,41.441,47.576,24.3686,21.2028,20.3964,19.9963,19.662,19.4317,19.2082,18.9913,18.7805,18.4956,18.1837,17.6352,16.6646,15.3511,13.9881,11.5348,-1.0,-1.0,-1.0,-1.0,-1.0
47.506,0.45443509090909096,4.31992333950869e-22,1.1401589279127308e-08,4,66.1912,1.11119,-3.70444,63.1098,58.8868,60.5459,56.1975,0.723928,2463.25,0.14243,5235.99,8.0,3.82326,40.3033,46.3916,50.6415,21.4699,20.5619,20.1427,19.7928,19.552,19.3184,19.0918,18.8719,18.5747,18.2496,17.6787,16.6705,15.3096,13.9004,11.4163,-1.0,-1.0,-1.0,-1.0,-1.0
47.526,0.45460320454545455,3.2399425046315175e-22,7.411033031432751e-09,4,66.1343,1.01347,-3.72332,63.1225,58.7993,60.5472,56.0832,0.715689,2463.76,0.158177,5235.99,8.0,4.62589,39.1483,45.1888,49.4076,22.0053,20.7881,20.3309,19.9634,19.7107,19.4657,19.2282,18.9979,18.6869,18.347,17.751,16.7006,15.2873,13.8277,11.2941,-1.0,-1.0,-1.0,-1.0,-1.0
47.546,0.45465845454545456,2.429956878473638e-22,4.817171470431289e-09,4,66.1156,0.742142,-3.93313,62.8801,58.797,60.3603,56.2333,0.706297,2464.27,0.174936,5235.99,8.0,5.29312,38.0704,44.0583,48.2442,23.0523,21.1222,20.5341,20.1199,19.8553,19.5992,19.3511,19.1105,18.7861,18.4318,17.8114,16.7206,15.2574,13.7505,11.1615,-1.0,-1.0,-1.0,-1.0,-1.0
47.566,0.45468475,1.8224676588552285e-22,3.1311614557803375e-09,4,66.1067,0.311129,-4.3724,62.6265,58.797,60.2248,56.3932,0.695515,2464.77,0.192888,5235.99,8.0,5.87638,37.0842,43.0137,47.1631,49.6374,21.6575,20.8265,20.2969,19.9825,19.7058,19.4477,19.1976,18.8605,18.4928,17.8497,16.7215,15.2128,13.6636,11.0172,-1.0,-1.0,-1.0,-1.0,-1.0
47.586,0.45473793181818184,1.3668507441414215e-22,2.0352549462572194e-09,4,66.0887,0.0911133,-4.70568,62.3498,58.797,60.0379,56.5505,0.68333,2465.27,0.211799,5235.99,8.0,6.401,36.1772,42.0425,46.1527,48.6064,22.6968,21.2966,20.5608,20.1596,19.8199,19.5244,19.2612,18.9122,18.5319,17.8677,16.705,15.1549,13.5678,10.8625,-1.0,-1.0,-1.0,-1.0,-1.0
47.606,0.4548652727272728,1.0251380581060661e-22,1.3229157150671926e-09,4,66.0456,0.135979,-4.88819,62.1055,58.8279,59.8653,56.6457,0.669926,2465.76,0.231347,5235.99,8.0,6.87482,35.3326,41.1294,45.1994,47.6316,48.8467,22.1889,21.0006,20.4403,20.0018,19.6377,19.3246,18.9476,18.5553,17.8712,16.6762,15.0878,13.4664,10.7,-1.0,-1.0,-1.0,-1.0,-1.0
47.626,0.4551175909090909,7.688535435795496e-23,8.598952147936752e-10,4,65.9602,0.413188,-4.87325,62.2141,58.8243,59.9,56.4199,0.655339,2466.29,0.260307,5235.99,8.0,7.25036,34.4531,40.1806,44.2103,46.6199,47.8244,48.4674,22.1191,21.0859,20.4219,19.919,19.5156,19.0526,18.6187,17.911,16.6778,15.0443,13.3826,10.5432,-1.0,-1.0,-1.0,-1.0,-1.0
47.646,0.4553944318181818,5.766401576846622e-23,5.58931889615889e-10,4,65.8665,0.709271,-4.73803,62.4626,58.679,60.0253,56.1203,0.639198,2466.83,0.290445,5235.99,8.0,7.51296,33.4995,39.158,43.146,45.5328,46.7272,47.3642,47.9222,48.3212,21.5605,20.6263,19.997,19.351,18.7956,18.0145,16.7326,15.0416,13.3284,10.3991,-1.0,-1.0,-1.0,-1.0,-1.0
47.666,0.4557132272727273,0.25,3.6330572825032783e-10,4,65.7586,1.03819,-4.41815,62.797,58.424,60.2081,55.7465,0.621683,2467.35,0.317379,5235.99,8.0,7.66248,32.4532,38.0433,41.9879,44.3516,45.5349,46.1666,46.7193,47.1144,47.51,47.906,21.4044,20.1068,19.2441,18.2197,16.8582,15.0924,13.3126,10.2707,-1.0,-1.0,-1.0,-1.0,-1.0
47.686,0.3357132272727273,0.4375,2.361487233627131e-10,4,65.8115,1.08028,-4.14533,63.1416,58.3691,59.6274,59.6274,0.602862,2467.86,0.341312,5235.99,8.0,7.72061,31.325,36.8446,40.7452,43.0848,44.2556,44.8813,45.4293,45.821,46.2127,46.6046,46.997,47.5473,20.4084,18.6778,17.0601,15.1999,13.3369,10.1585,-1.0,-1.0,-1.0,-1.0,-1.0
47.706,0.2157132272727273,0.578125,1.534966701857635e-10,4,65.7815,0.175214,-4.22436,63.3352,58.1788,62.7956,62.7956,0.582368,2468.36,0.362427,5295.57,8.0,7.72028,30.1421,35.5861,39.4415,41.7548,42.9142,43.5327,44.0749,44.4627,44.8509,45.2393,45.628,46.1723,46.7958,19.7755,17.3395,15.3601,13.397,10.0601,-1.0,-1.0,-1.0,-1.0,-1.0
47.726,0.0957132272727273,0.68359375,9.977283562074629e-11,4,65.9179,-1.139,-4.39799,63.123,58.2919,65.1252,65.1252,0.55963,2468.84,0.382793,5486.0,8.0,7.73205,29.0127,34.376,38.1813,40.4675,41.6138,42.2262,42.7623,43.1455,43.5292,43.9135,44.2983,44.8376,45.4546,46.6146,17.758,15.528,13.4607,9.96432,-1.0,-1.0,-1.0,-1.0,-1.0
47.746,-0.0242867727272727,0.7626953125,6.48523431534851e-11,4,66.3529,-2.06163,-4.44377,62.7702,59.0415,63.6204,63.6204,0.534605,2469.31,0.406237,5343.56,8.0,7.83241,28.1017,33.3757,37.1265,39.3846,40.5163,41.1217,41.6522,42.0314,42.4108,42.7905,43.1709,43.7044,44.3154,45.4636,18.3086,15.6212,13.4719,9.85572,-1.0,-1.0,-1.0,-1.0,-1.0
47.766,-0.04927068,0.822021484375,4.215402304976531e-11,4,66.821,-2.36781,-4.45071,62.3605,60.1933,61.7273,61.7273,0.507924,2469.69,0.410589,5235.99,8.0,8.06473,27.5132,32.6888,36.3836,38.6124,39.7304,40.3286,40.8532,41.2284,41.6039,41.9797,42.3559,42.8837,43.4885,44.6262,18.8062,15.5708,13.3857,9.72251,-1.0,-1.0,-1.0,-1.0,-1.0
47.786,-0.048855960000000004,0.86651611328125,2.7400114982347454e-11,4,67.2486,-1.99974,-4.44909,62.067,61.347,60.8966,60.8966,0.481387,2470.03,0.407133,5235.99,8.0,8.42567,27.2236,32.2973,35.9366,38.1371,39.2423,39.8339,40.3528,40.7241,41.0959,41.4681,41.8406,42.3632,42.9625,44.0903,18.9645,15.3713,13.1999,9.56447,-1.0,-1.0,-1.0,-1.0,-1.0
47.806,-0.048933359999999995,0.8998870849609375,1.7810074738525845e-11,4,67.6529,-1.42273,-4.43289,61.9621,62.1449,60.9119,60.9119,0.455214,2470.37,0.407778,5235.99,8.0,8.86531,27.0968,32.0705,35.6562,37.8299,38.9229,39.5084,40.0221,40.3898,40.758,41.1267,41.4958,42.0139,42.6081,43.7269,18.7504,15.086,12.9575,9.39307,-1.0,-1.0,-1.0,-1.0,-1.0
47.826,-0.0492018,0.9249153137207031,1.15765485800418e-11,4,68.0687,-0.936479,-4.24653,61.9975,62.6868,61.0246,61.0246,0.429267,2470.71,0.410015,5235.99,8.0,9.34022,27.0233,31.9005,35.4347,37.5826,38.6639,39.2436,39.7523,40.1165,40.4814,40.8467,41.2126,41.7264,42.3158,43.426,18.3635,14.7705,12.6954,9.21744,-1.0,-1.0,-1.0,-1.0,-1.0
47.846,-0.04949628,0.9436864852905273,7.524756577027171e-12,4,68.4687,-0.622663,-3.99259,62.3586,63.056,61.4284,61.4284,0.403357,2471.06,0.412469,5235.99,8.0,9.82546,26.9477,31.7318,35.2158,37.3385,38.4084,38.9823,39.4862,39.847,40.2084,40.5704,40.9332,41.4428,42.0275,43.1294,17.9703,14.453,12.432,9.04163,-1.0,-1.0,-1.0,-1.0,-1.0
47.866,-0.049744199999999995,0.9577648639678955,4.891091775067661e-12,4,68.8691,-0.434663,-3.73552,62.8621,63.3728,61.8797,61.8797,0.377365,2471.41,0.414535,5235.99,8.0,10.308,26.8483,31.5419,34.9763,37.0737,38.1323,38.7005,39.1995,39.5568,39.9149,40.2736,40.6333,41.1387,41.7186,42.812,17.6365,14.1446,12.1744,8.86701,-1.0,-1.0,-1.0,-1.0,-1.0
47.886,-0.04996332,0.9683236479759216,3.17920965379398e-12,4,69.2608,-0.328373,-3.66287,63.2588,63.7085,62.6266,62.6266,0.351242,2471.76,0.416361,5273.33,8.0,10.7911,26.7324,31.3378,34.7231,36.7954,37.8427,38.4051,38.8992,39.2531,39.6078,39.9633,40.3198,40.8209,41.3961,42.481,17.3419,13.8412,11.92,8.69269,-1.0,-1.0,-1.0,-1.0,-1.0
47.906,-0.05017356,0.9762427359819412,2.066486274966087e-12,4,69.6622,-0.252881,-3.77357,63.5882,64.0673,63.4549,63.4549,0.324931,2472.11,0.418113,5342.7,8.0,11.2799,26.6072,31.1267,34.4633,36.5106,37.5467,38.1033,38.5925,38.9431,39.2944,39.6466,40.0,40.4968,41.0672,42.1436,17.0673,13.5397,11.6659,8.51766,-1.0,-1.0,-1.0,-1.0,-1.0
47.926,-0.050381880000000004,0.9821820519864559,1.3432160787279566e-12,4,70.074,-0.194305,-3.97882,63.9468,64.4388,64.3015,64.3015,0.298424,2472.46,0.419849,5414.79,8.0,11.761,26.4752,30.9108,34.1994,36.2217,37.2466,37.7976,38.2819,38.629,38.977,39.3259,39.6762,40.1687,40.7343,41.8022,16.8085,13.2399,11.4112,8.3417,-1.0,-1.0,-1.0,-1.0,-1.0
47.946,-0.050588879999999996,0.9866365389898419,8.730904511731718e-13,4,70.5067,-0.147031,-4.21266,64.3149,64.8285,65.0115,65.0115,0.271697,2472.82,0.421574,5472.6,8.0,12.1773,26.3369,30.6906,33.9315,35.9291,36.9429,37.4881,37.9675,38.3112,38.6558,39.0015,39.3486,39.8368,40.3977,41.457,16.5682,12.9417,11.1558,8.16461,-1.0,-1.0,-1.0,-1.0,-1.0
47.966,-0.05079444,0.9899774042423815,5.675087932625616e-13,4,70.9652,-0.11251,-4.45057,64.6928,65.2393,65.4663,65.4663,0.244735,2473.18,0.423287,5510.47,8.0,12.5362,26.1924,30.4659,33.6597,35.6326,36.6353,37.1748,37.6493,37.9895,38.3308,38.6733,39.0173,39.5012,40.0572,41.1079,16.3511,12.6452,10.8994,7.98632,-1.0,-1.0,-1.0,-1.0,-1.0
47.986,-0.05099652,0.9924830531817861,3.68880715620665e-13,4,71.4392,-0.0874052,-4.67741,65.0823,65.6657,65.777,65.777,0.217517,2473.54,0.424971,5536.37,8.0,12.8477,26.0415,30.2363,33.3833,35.3317,36.3232,36.857,37.3266,37.6634,38.0013,38.3406,38.6814,39.161,39.7122,40.7542,16.1656,12.3508,10.642,7.80672,-1.0,-1.0,-1.0,-1.0,-1.0
48.006,-0.051190679999999995,0.9943622898863396,2.397724651534323e-13,4,71.9177,-0.0719143,-4.89172,65.476,66.0963,66.0856,66.0856,0.190031,2473.9,0.426589,5562.71,8.0,13.1184,25.8833,30.0004,33.1009,35.0248,36.0052,36.5332,36.9979,37.3313,37.6658,38.0019,38.3395,38.8147,39.3611,40.3944,16.0368,12.0592,10.384,7.62583,-1.0,-1.0,-1.0,-1.0,-1.0
48.026,-0.05137356,0.9957717174147547,1.55852102349731e-13,4,72.3924,-0.063204,-5.10894,65.8621,66.5226,66.5345,66.5345,0.162282,2474.27,0.428113,5600.87,8.0,13.3533,25.7171,29.7575,32.8118,34.7112,35.6804,36.2026,36.6623,36.9922,37.3234,37.6563,37.9907,38.4614,39.0029,40.0274,16.0356,11.7715,10.1256,7.44377,-1.0,-1.0,-1.0,-1.0,-1.0
48.046,-0.05154936,0.996828788061066,1.0130386652732515e-13,4,72.8411,-0.0515851,-5.39686,66.231,66.9219,67.4804,67.4804,0.134277,2474.63,0.429578,5683.09,8.0,13.5573,25.5441,29.5089,32.5172,34.3922,35.3501,35.8665,36.3213,36.6477,36.9756,37.3051,37.6363,38.1026,38.6391,39.6548,41.7287,11.4874,9.86636,7.26045,-1.0,-1.0,-1.0,-1.0,-1.0
48.066,-0.051734039999999995,0.9976215910457995,6.584751324276135e-14,4,73.3141,-0.0248779,-5.75318,66.663,67.3095,68.2601,68.2601,0.106015,2475.0,0.431117,5746.31,8.0,13.7367,25.3686,29.2591,32.2219,34.0726,35.0194,35.53,35.9798,36.3027,36.6273,36.9535,37.2815,37.7433,38.2749,39.2817,41.3396,11.2048,9.60503,7.07551,-1.0,-1.0,-1.0,-1.0,-1.0
48.086,-0.051918719999999995,0.9982161932843496,4.2800883607794877e-14,4,73.8219,0.0118979,-6.12834,66.9044,67.7376,68.7367,68.7367,0.0774969,2475.37,0.432656,5785.97,8.0,13.8945,25.1882,29.0056,31.9232,33.7497,34.6853,35.1901,35.6349,35.9544,36.2756,36.5985,36.9232,37.3806,37.9072,38.9052,40.9469,10.9256,9.34233,6.88915,-1.0,-1.0,-1.0,-1.0,-1.0
48.106,-0.052075079999999996,0.9986621449632622,2.782057434506667e-14,4,74.3489,0.0403984,-6.51174,66.9043,68.1806,69.1306,69.1306,0.0487092,2475.75,0.433959,5818.96,8.0,14.0286,24.9957,28.7402,31.6126,33.4148,34.339,34.8379,35.2777,35.5937,35.9114,36.231,36.5524,37.0053,37.5268,38.5156,40.5408,10.655,9.08041,6.70189,-1.0,-1.0,-1.0,-1.0,-1.0
48.126,-0.05220804,0.9989966087224467,1.8083373324293336e-14,4,74.8751,0.0455312,-6.87493,67.0403,68.6537,69.5416,69.5416,0.0196459,2476.12,0.435067,5853.73,8.0,14.1415,24.7928,28.4649,31.292,33.0696,33.9823,34.4752,34.91,35.2224,35.5367,35.8528,36.1709,36.6191,37.1355,38.115,40.1233,10.393,8.81859,6.51351,-1.0,-1.0,-1.0,-1.0,-1.0
48.146,-0.05234904,0.999247456541835,1.1754192660790669e-14,4,75.3805,0.0294327,-7.19407,67.8901,69.1604,69.9873,69.9873,-0.00967526,2476.5,0.436242,5891.34,8.0,14.2394,24.5874,28.1883,30.9704,32.7235,33.6247,34.1118,34.5414,34.8503,35.1611,35.4739,35.7885,36.2321,36.7433,37.7136,39.7048,10.1356,8.55457,6.3235,-1.0,-1.0,-1.0,-1.0,-1.0
48.166,-0.052521,0.9994355924063762,7.640225229513934e-15,4,75.8875,0.012817,-7.47394,68.8616,69.6742,70.4348,70.4348,-0.0392956,2476.88,0.437675,5928.96,8.0,14.3265,24.3849,27.9162,30.6541,32.3832,33.2731,33.7542,34.1788,34.4842,34.7916,35.101,35.4123,35.8513,36.3574,37.3184,39.2928,9.87897,8.28641,6.13117,-1.0,-1.0,-1.0,-1.0,-1.0
48.186,-0.052719119999999994,0.9995766943047821,4.966146399184057e-15,4,76.3688,0.00747232,-7.76512,69.5577,70.1826,71.406,71.406,-0.069227,2477.27,0.439326,6022.61,8.0,14.4027,24.1838,27.6471,30.3416,32.0469,32.9256,33.4009,33.8205,34.1224,34.4264,34.7325,35.0405,35.4749,35.9759,36.9278,38.8854,9.62469,8.01469,5.93661,-1.0,-1.0,-1.0,-1.0,-1.0
48.206,-0.05289012,0.9996825207285867,3.2279951594696375e-15,4,76.8076,0.00312382,-8.11304,70.0046,70.5574,73.4679,73.4679,-0.0994356,2477.65,0.440751,6189.95,8.0,14.4612,23.9723,27.3678,30.0188,31.7001,32.5674,33.0368,33.4513,33.7497,34.0503,34.3529,34.6575,35.0873,35.5831,36.5257,38.4661,9.38274,7.74725,5.74099,-1.0,-1.0,-1.0,-1.0,-1.0
48.226,-0.053051759999999996,0.99976189054644,2.098196853655264e-15,4,77.2785,-0.00758026,-8.50702,70.3817,70.9798,75.3081,75.3081,-0.129927,2478.04,0.442098,6347.0,8.0,14.5052,23.7544,27.0829,29.6904,31.3477,32.2035,32.667,33.0764,33.3713,33.6684,33.9675,34.2688,34.6939,35.1844,36.1175,38.0404,9.14992,7.48511,5.54393,-1.0,-1.0,-1.0,-1.0,-1.0
48.246,-0.0532626,0.99982141790983,1.3638279548759217e-15,4,77.8019,0.0250754,-8.9097,70.7758,71.4618,76.683,76.683,-0.160694,2478.43,0.443855,6456.27,8.0,14.5426,23.5425,26.8061,29.3713,31.0052,31.8499,32.3075,32.712,33.0035,33.2971,33.5929,33.8908,34.3114,34.7968,35.7207,37.6265,8.91652,7.22484,5.34454,-1.0,-1.0,-1.0,-1.0,-1.0
48.266,-0.05350343999999999,0.9998660634323725,8.864881706693491e-16,4,78.4009,0.0671979,-9.25015,71.298,72.0125,77.0264,77.0264,-0.191777,2478.82,0.445862,6481.52,8.0,14.572,23.3317,26.532,29.0558,30.6667,31.5003,31.9522,32.3518,32.6399,32.9302,33.2227,33.5173,33.9333,34.4136,35.3284,37.2174,8.687,6.96814,5.14296,7.8001,7.86108,7.92546,7.99335,8.0649
48.286,-0.05377248,0.7498995475742793,5.76217310935077e-16,4,79.0439,0.108633,-9.5413,71.8961,72.6126,76.7053,76.7053,-0.223207,2479.21,0.448104,6452.4,8.0,14.5937,23.1211,26.2598,28.7427,30.3311,31.1538,31.6,31.9948,32.2796,32.5665,32.8557,33.1471,33.5586,34.0339,34.9397,36.812,8.46293,6.71566,4.93905,-1.0,-1.0,-1.0,-1.0,-1.0
48.306,-0.054063599999999996,0.5624246606807095,3.7454125210780004e-16,4,79.6756,0.13893,-9.79391,72.5126,73.2235,74.1955,74.1955,-0.255022,2479.61,0.45053,6235.39,8.0,14.6072,22.9097,25.988,28.4305,29.9966,30.8085,31.2491,31.6392,31.9206,32.2043,32.4903,32.7784,33.1855,33.6558,34.5526,36.4084,8.24681,6.46844,4.73275,-1.0,-1.0,-1.0,-1.0,-1.0
48.326,-0.054352199999999996,0.42181849551053213,2.4345181387007006e-16,4,80.1314,0.126798,-10.0178,73.0725,73.7201,72.3712,72.3712,-0.287214,2480.01,0.452935,6088.96,8.0,14.6101,22.693,25.7114,28.1138,29.6576,30.4587,30.8937,31.279,31.5571,31.8375,32.1201,32.405,32.8076,33.2729,34.1607,35.9997,8.0459,6.22932,4.52447,-1.0,-1.0,-1.0,-1.0,-1.0
48.346,-0.05463036,0.3163638716328991,1.5824367901554553e-16,4,80.4073,0.0883133,-10.2169,73.4522,74.027,72.0164,72.0164,-0.319727,2480.41,0.455253,6061.08,8.0,14.6021,22.4704,25.4295,27.7918,29.3132,30.1034,30.5328,30.9134,31.1881,31.4651,31.7444,32.0261,32.4241,32.8843,33.763,35.585,7.86557,6.00041,4.31465,-1.0,-1.0,-1.0,-1.0,-1.0
48.366,-0.054917879999999995,0.2372729037246743,1.028583913601046e-16,4,80.6067,0.0650307,-10.4569,73.6758,74.2505,71.9817,71.9817,-0.352526,2480.81,0.457649,6057.87,8.0,14.5858,22.2462,25.147,27.4699,28.969,29.7485,30.1723,30.5481,30.8195,31.0932,31.3692,31.6476,32.0411,32.4962,33.3659,35.1708,7.70623,5.78183,4.10326,-1.0,-1.0,-1.0,-1.0,-1.0
48.386,-0.05522292,0.1779546777935057,6.6857954384068e-17,4,80.7705,0.0494453,-10.6715,73.8305,74.4347,71.8432,71.8432,-0.385574,2481.22,0.460191,6045.8,8.0,14.5621,22.022,24.8659,27.15,28.6273,29.396,29.8144,30.1856,30.4536,30.724,30.9968,31.2719,31.661,32.1111,32.9718,34.7599,7.57185,5.57359,3.89048,-1.0,-1.0,-1.0,-1.0,-1.0
48.406,-0.05552496,0.13346600834512928,4.34576703496442e-17,4,80.9024,0.0637217,-10.9555,73.9709,74.5074,71.5414,71.9867,-0.418845,2481.62,0.462708,6039.38,8.0,14.5292,21.7939,24.5818,26.8275,28.283,29.0411,29.4541,29.8206,30.0853,30.3524,30.6219,30.8938,31.2784,31.7235,32.5752,34.3463,7.47083,5.37646,3.6767,-1.0,-1.0,-1.0,-1.0,-1.0
48.426,-0.05579244,0.10009950625884696,2.824748572726873e-17,4,81.0116,0.0898135,-11.3089,74.0939,74.5074,71.5807,71.8972,-0.452323,2482.02,0.464937,6037.22,8.0,14.4842,21.5566,24.2883,26.4954,27.9287,28.6761,29.0835,29.4452,29.7065,29.9702,30.2364,30.505,30.885,31.3249,32.1673,33.9209,7.42529,5.19451,3.46342,-1.0,-1.0,-1.0,-1.0,-1.0
48.446,-0.05597844,0.07507462969413523,1.8360865722724674e-17,4,81.1119,0.134028,-11.7569,74.108,74.5074,71.6358,71.8137,-0.485933,2482.42,0.466487,6035.96,8.0,14.4233,21.302,23.9763,26.1434,27.5536,28.2898,28.6914,29.048,29.3057,29.5659,29.8286,30.0936,30.4688,30.9033,31.7358,33.4706,7.48667,5.03442,3.26184,-1.0,-1.0,-1.0,-1.0,-1.0
48.466,-0.05607276,0.05630597227060142,1.1934562719771039e-17,4,81.2028,0.144736,-12.1983,74.108,74.5074,71.7016,71.7597,-0.519638,2482.83,0.467273,6036.43,8.0,14.347,21.0294,23.6446,25.7702,27.1562,27.8806,28.276,28.6273,28.8812,29.1376,29.3965,29.6579,30.0279,30.4566,31.2785,32.9931,7.77614,4.90077,3.07553,-1.0,-1.0,-1.0,-1.0,-1.0
48.486,-0.053395319999999996,0.042229479202951066,7.757465767851175e-18,4,81.2877,0.13423,-12.6453,74.108,74.5074,71.7485,71.7542,-0.552945,2483.31,0.444961,6038.19,8.0,14.2585,20.7445,23.2998,25.3829,26.744,27.4562,27.8452,28.1909,28.4409,28.6934,28.9484,29.2059,29.5705,29.9932,30.8039,32.4972,35.5361,4.79597,2.90527,-1.0,-1.0,-1.0,-1.0,-1.0
48.506,-0.0488958,0.0316721094022133,5.042352749103264e-18,4,81.37,0.114487,-13.1107,74.108,74.5074,71.7883,71.7772,-0.583996,2483.85,0.407465,6040.81,8.0,14.1606,20.452,22.9473,24.9875,26.3234,27.0231,27.4056,27.7456,27.9916,28.2401,28.4911,28.7446,29.1038,29.5203,30.3195,31.9908,34.996,4.72404,2.75182,-1.0,-1.0,-1.0,-1.0,-1.0
48.526,-0.044226959999999996,0.023754082051659978,3.2775292869171216e-18,4,81.4519,0.100179,-13.6707,74.108,74.5074,71.8353,71.8433,-0.61244,2484.4,0.368558,6045.73,8.0,14.0553,20.1555,22.5912,24.5886,25.899,26.5863,26.9622,27.2965,27.5383,27.7828,28.0298,28.2793,28.6329,29.0431,29.8307,31.4796,34.4504,4.68998,2.61647,-1.0,-1.0,-1.0,-1.0,-1.0
48.546,-0.16422695999999998,0.017815561538744983,2.130394036496129e-18,4,81.5352,0.1063,-14.3346,74.108,74.5074,71.8862,71.8924,-0.638121,2484.98,0.328489,6049.71,8.0,13.9443,19.8584,22.2356,24.1907,25.476,26.1509,26.5202,26.8488,27.0866,27.327,27.57,27.8155,28.1636,28.5675,29.3435,30.97,33.9063,4.69582,2.49888,-1.0,-1.0,-1.0,-1.0,-1.0
48.566,-0.28422696,0.013361671154058737,1.3847561237224839e-18,4,81.5884,-0.0762714,-14.9109,74.108,74.999,71.8908,71.9009,-0.661031,2485.57,0.288664,6050.08,8.0,13.8401,19.5843,21.9084,23.8252,25.0877,25.7513,26.1147,26.4382,26.6724,26.9091,27.1485,27.3904,27.7335,28.1318,28.8973,30.504,33.4099,4.7304,2.39377,-1.0,-1.0,-1.0,-1.0,-1.0
48.586,-0.40422695999999997,0.010021253365544052,9.000914804196146e-19,4,81.6136,-0.155716,-15.4161,74.108,75.4322,71.8544,71.8766,-0.681285,2486.18,0.251829,6047.35,8.0,13.7654,19.3779,21.6627,23.5518,24.7981,25.454,25.8135,26.1335,26.3651,26.5995,26.8364,27.0759,27.4156,27.8102,28.5692,30.1633,33.0519,4.74858,2.29558,-1.0,-1.0,-1.0,-1.0,-1.0
48.606,-0.40890849999999995,0.007515940024158039,5.8505946227274955e-19,4,81.6002,0.0787442,-15.8577,74.108,75.9643,71.789,71.833,-0.699097,2486.77,0.226267,6042.67,8.0,13.7305,19.2613,21.5253,23.4016,24.6407,25.2941,25.6521,25.9709,26.2018,26.4353,26.6715,26.9102,27.2489,27.6425,28.4003,29.9926,32.8828,4.70892,2.20122,-1.0,-1.0,-1.0,-1.0,-1.0
48.626,-0.40899152272727274,0.005636955018118529,3.802886504772872e-19,4,81.5721,0.815299,-16.3167,74.108,76.7341,71.7049,71.777,-0.714911,2487.36,0.208876,6036.71,8.0,13.7364,19.2395,21.5022,23.3821,24.6245,25.2806,25.6401,25.9603,26.1921,26.4266,26.6638,26.9036,27.2441,27.6401,28.4025,30.0048,32.9256,4.59048,2.11049,-1.0,-1.0,-1.0,-1.0,-1.0
48.646,-0.40908754545454545,0.004227716263588897,2.471876228102367e-19,4,81.5396,1.84636,-16.6296,72.4026,77.5734,71.6027,71.7088,-0.728776,2487.95,0.197411,6029.47,8.0,13.7869,19.3206,21.6046,23.5053,24.7634,25.428,25.7922,26.1164,26.3512,26.5888,26.8292,27.0726,27.4181,27.82,28.5934,30.2199,33.2227,4.38383,2.02305,-1.0,-1.0,-1.0,-1.0,-1.0
48.666,-0.40944534090909096,0.0031707871976916725,1.6067195482665387e-19,4,81.4185,3.49226,-16.8469,71.1046,78.6167,71.4826,71.6287,-0.740854,2488.55,0.194391,6020.99,8.0,13.905,19.5517,21.8895,23.8365,25.1275,25.8088,26.1822,26.515,26.7562,27.0003,27.2473,27.4972,27.8519,28.2644,29.0581,30.7297,33.9191,4.07087,1.93358,-1.0,-1.0,-1.0,-1.0,-1.0
48.686,-0.40970859090909084,0.002378090398268754,1.0443677063732501e-19,4,81.3294,5.17226,-16.706,70.3747,79.1889,68.0701,71.5533,-0.751333,2489.16,0.197406,5870.02,8.0,14.075,19.9001,22.3183,24.3339,25.67,26.3758,26.763,27.1079,27.3578,27.6107,27.8665,28.1252,28.4924,28.9197,29.7428,31.4797,35.0044,3.7312,1.84451,-1.0,-1.0,-1.0,-1.0,-1.0
48.706,-0.4103851818181818,0.0017835677987015656,6.788390091426126e-20,4,81.1004,6.8028,-16.5195,69.9169,79.1722,66.9585,71.4866,-0.760585,2489.76,0.202372,5823.87,8.0,14.2645,20.2984,22.8085,24.9028,26.2912,27.0251,27.4273,27.7855,28.045,28.3077,28.5736,28.8427,29.2249,29.6692,30.5245,32.4078,36.3655,3.42889,1.76055,-1.0,-1.0,-1.0,-1.0,-1.0
48.726,-0.41128956818181817,0.0013376758490261742,4.412453559426982e-20,4,80.7943,8.44343,-16.3796,69.5119,78.8146,66.6045,71.424,-0.768931,2490.34,0.213763,5806.8,8.0,14.462,20.7234,23.3329,25.5106,26.9557,27.7186,28.1371,28.5101,28.7804,29.054,29.3307,29.6107,30.0081,30.4729,31.4002,33.5079,5.32635,3.17025,1.68335,-1.0,-1.0,-1.0,-1.0,-1.0
48.746,-0.41239427272727275,0.2510032568867696,2.8680948136275385e-20,4,80.4204,10.177,-16.3139,69.0954,78.338,66.2824,71.3575,-0.776552,2490.93,0.225577,5790.29,8.0,14.6718,21.1799,23.8973,26.1663,27.6711,28.4667,28.903,29.2916,29.573,29.8584,30.1512,30.4522,30.8878,31.407,32.4466,34.8227,4.51825,2.94492,1.6128,-1.0,-1.0,-1.0,-1.0,-1.0
48.766,-0.4139241363636364,0.43825244266507724,1.8642616288579e-20,4,79.9026,11.8542,-16.1602,68.9711,77.7346,68.9609,68.9609,-0.783383,2491.51,0.237475,5819.09,8.0,14.8911,21.6632,24.4959,26.8619,28.4321,29.2614,29.7217,30.1415,30.4514,30.7702,31.0981,31.4355,31.9245,32.5084,33.681,36.3792,3.99685,2.74985,1.54957,-1.0,-1.0,-1.0,-1.0,-1.0
48.786,-0.41514731818181816,0.5786893319988079,1.211770058757635e-20,4,79.4886,12.5114,-15.6365,68.9711,76.3082,72.3091,72.3091,-0.789802,2492.09,0.243372,6091.65,8.0,15.0598,22.0453,24.9736,27.4207,29.0463,29.9354,30.441,30.9026,31.2439,31.5952,31.957,32.3297,32.8705,33.5174,34.8206,37.8397,3.68574,2.60778,1.49678,-1.0,-1.0,-1.0,-1.0,-1.0
48.806,-0.41543775,0.684016998999106,7.876505381924628e-21,4,79.3903,12.4165,-15.0742,68.9711,74.9354,73.8417,73.8417,-0.796148,2492.67,0.240928,6216.24,8.0,15.1511,22.2645,25.2548,27.7566,29.4477,30.3996,30.9418,31.4374,31.8042,32.1822,32.5717,32.9734,33.5569,34.2561,35.6681,6.63831,3.51577,2.51386,1.45186,-1.0,-1.0,-1.0,-1.0,-1.0
48.826,-0.4150888181818182,0.7630127492493295,5.1197284982510076e-21,4,79.5084,11.9813,-14.7004,68.9711,73.9222,74.7473,74.7473,-0.802356,2493.25,0.232052,6292.59,8.0,15.1705,22.3279,25.3477,27.8781,29.6343,30.6308,31.1992,31.7192,32.1044,32.5016,32.9112,33.3339,33.9486,34.686,36.1783,6.19181,3.43974,2.45738,1.41289,-1.0,-1.0,-1.0,-1.0,-1.0
48.846,-0.41441015909090906,0.8222595619369971,3.3278235238631552e-21,4,79.7381,11.5223,-14.6012,68.9711,73.2982,75.8966,75.8966,-0.808324,2493.82,0.221384,6390.52,8.0,15.1387,22.2808,25.3069,27.8506,29.6565,30.6831,31.2692,31.8059,32.2037,32.614,33.0375,33.4748,34.1111,34.8752,36.424,6.88982,3.42734,2.42909,1.37972,-1.0,-1.0,-1.0,-1.0,-1.0
48.866,-0.41349070454545456,0.8666946714527478,2.163085290511051e-21,4,80.0493,11.0511,-14.667,68.9711,72.9835,77.217,77.217,-0.813852,2494.38,0.207207,6500.22,8.0,15.0726,22.16,25.1764,27.726,29.5636,30.6097,31.2075,31.7552,32.1614,32.5805,33.0133,33.4603,34.1113,34.8935,36.4812,40.2227,3.4667,2.42253,1.35283,-1.0,-1.0,-1.0,-1.0,-1.0
48.886,-0.4124179090909091,0.9000210035895608,1.4060054388321832e-21,4,80.4124,10.555,-14.8354,68.9711,72.8719,78.7253,78.7253,-0.818727,2494.95,0.190519,6634.53,8.0,14.982,21.9873,24.9828,27.5306,29.3865,30.4444,31.0493,31.6037,32.015,32.4396,32.8782,33.3314,33.9917,34.7856,36.3986,40.2088,3.55922,2.43594,1.33301,-1.0,-1.0,-1.0,-1.0,-1.0
48.906,-0.41112825000000003,0.9250157526921706,9.13903535240919e-22,4,80.8489,10.0003,-14.9975,68.9711,72.9238,79.9634,79.9634,-0.822823,2495.53,0.171871,6736.63,8.0,14.8728,21.7754,24.741,27.28,29.1436,30.2067,30.815,31.3727,31.7866,32.214,32.6556,33.1121,33.7773,34.5776,36.2048,40.056,3.71641,2.47056,1.32095,-1.0,-1.0,-1.0,-1.0,-1.0
48.926,-0.4098905909090909,0.943761814519128,5.940372979065974e-22,4,81.2678,9.23752,-15.0734,69.7842,73.1617,81.1319,81.1319,-0.826142,2496.1,0.152306,6834.89,8.0,14.7562,21.5481,24.4801,27.0074,28.874,29.9398,30.5498,31.1094,31.5247,31.9538,32.3972,32.8556,33.524,34.3284,35.9652,39.8455,3.93555,2.52313,1.31467,-1.0,-1.0,-1.0,-1.0,-1.0
48.946,-0.40846797727272727,0.957821360889346,3.861242436392883e-22,4,81.7493,8.4682,-15.096,70.6264,73.6827,81.4375,81.4375,-0.828811,2496.68,0.134616,6853.02,8.0,14.6492,21.3422,24.2446,26.7679,28.6432,29.715,30.3288,30.8921,31.3104,31.7426,32.1894,32.6514,33.3253,34.1369,35.7896,39.7157,4.19528,2.58329,1.3109,-1.0,-1.0,-1.0,-1.0,-1.0
48.966,-0.40693663636363636,0.9683660206670095,2.509807583655374e-22,4,82.2676,7.75667,-15.1153,71.3108,74.3186,81.3879,81.3879,-0.831,2497.25,0.119762,6848.51,8.0,14.549,21.1518,24.0277,26.5538,28.4423,29.5228,30.142,30.7106,31.1329,31.5694,32.0207,32.4877,33.1692,33.9903,35.6642,39.6495,4.52294,2.65263,1.31012,-1.0,-1.0,-1.0,-1.0,-1.0
48.986,-0.4053580227272728,0.9762745155002571,1.631374929375993e-22,4,82.8019,7.10531,-15.1484,71.8812,74.9563,81.3384,81.3384,-0.832738,2497.82,0.105089,6844.19,8.0,14.4524,20.9693,23.8202,26.3548,28.2589,29.3497,29.9752,30.5499,30.9768,31.4184,31.8751,32.3478,33.038,33.8701,35.5683,39.6215,4.98106,2.73168,1.31301,-1.0,-1.0,-1.0,-1.0,-1.0
49.006,-0.40374986363636367,0.9822058866251928,1.0603937040943956e-22,4,83.3462,6.39471,-15.104,72.6041,75.6384,81.0142,81.0142,-0.834027,2498.39,0.0907013,6812.96,8.0,14.3603,20.7969,23.6247,26.1749,28.098,29.2011,29.8342,30.416,30.8486,31.2961,31.7592,32.2387,32.9391,33.7842,35.5109,39.6433,5.69334,2.82051,1.31957,-1.0,-1.0,-1.0,-1.0,-1.0
49.026,-0.40200875,0.9866544149688946,6.892559076613571e-23,4,83.9355,5.64644,-15.0042,73.2882,76.3118,80.0886,80.0886,-0.834945,2498.97,0.0764071,6736.84,8.0,14.2714,20.6311,23.437,26.0092,27.9535,29.0704,29.7119,30.3019,30.7407,31.1948,31.665,32.152,32.8639,33.7234,35.4819,39.7025,49.8887,2.92056,1.32941,-1.0,-1.0,-1.0,-1.0,-1.0
49.046,-0.40034090909090914,0.989990811226671,4.480163399798821e-23,4,84.5,4.88677,-14.9356,73.8952,76.8833,79.754,79.754,-0.835458,2499.55,0.0613081,6710.92,8.0,14.1776,20.4533,23.2367,25.8273,27.7892,28.9177,29.5664,30.1633,30.6075,31.0673,31.5436,32.0372,32.7591,33.6312,35.4178,39.7176,50.165,3.04435,1.34269,-1.0,-1.0,-1.0,-1.0,-1.0
49.066,-0.39872565909090907,0.9924931084200033,2.9121062098692337e-23,4,85.0467,4.15524,-14.9198,74.4586,77.4011,79.9176,79.9176,-0.835495,2500.13,0.0465743,6726.25,8.0,14.0782,20.2627,23.023,25.6266,27.6018,28.7394,29.3937,29.9961,30.4446,30.909,31.3903,31.8893,32.6194,33.502,35.3121,39.6799,50.3597,3.19843,1.36005,-1.0,-1.0,-1.0,-1.0,-1.0
49.086,-0.3971133636363636,0.9943698313150025,1.892869036415002e-23,4,85.5924,3.48819,-14.9528,75.0054,77.9238,80.2924,80.2924,-0.835111,2500.7,0.0328309,6758.45,8.0,13.9755,20.0652,22.8034,25.417,27.4031,28.5483,29.2075,29.8146,30.2668,30.7353,31.2209,31.7246,32.462,33.354,35.1853,39.6152,50.5138,3.38471,1.3822,-1.0,-1.0,-1.0,-1.0,-1.0
49.106,-0.39548629545454544,0.9957773734862518,1.2303648736697513e-23,4,86.1431,2.9009,-15.02,75.5663,78.4862,80.7333,80.7333,-0.834218,2501.28,0.0189101,6795.32,8.0,13.8719,19.867,22.5861,25.2095,27.2065,28.3594,29.0235,29.6354,30.0914,30.5639,31.054,31.5625,32.3072,33.2087,35.0615,39.5551,50.6802,3.6106,1.40997,-1.0,-1.0,-1.0,-1.0,-1.0
49.126,-0.3938199318181818,0.9968330301146888,7.997371678853384e-24,4,86.7071,2.26806,-14.9712,76.5013,79.1861,80.6151,80.6151,-0.832802,2501.86,0.00560921,6781.68,8.0,13.7738,19.6837,22.3921,25.0322,27.0459,28.21,28.8811,29.4999,29.9612,30.4395,30.9357,31.4508,32.2056,33.1201,35.0018,39.5792,50.9953,3.87388,1.44258,-1.0,-1.0,-1.0,-1.0,-1.0
49.146,-0.2738199318181818,0.9976247725860166,5.1982915912547e-24,4,87.266,1.68638,-14.8798,77.3114,79.9297,80.555,80.555,-0.830924,2502.45,-0.00694496,6779.72,8.0,13.6827,19.5178,22.2257,24.891,26.9286,28.1084,28.7891,29.4173,29.8858,30.3718,30.8763,31.4002,32.1686,33.1003,35.0203,39.7069,51.4969,4.17606,1.47876,-1.0,-1.0,-1.0,-1.0,-1.0
49.166,-0.15381993181818182,0.9982185794395124,3.3788895343155555e-24,4,87.8084,1.25219,-14.8168,78.3261,80.9774,80.9697,80.9697,-0.8285,2503.03,-0.0191234,6816.07,8.0,13.5949,19.3611,22.0775,24.7734,26.8395,28.0379,28.7302,29.3694,29.8465,30.3417,30.8559,31.3904,32.1746,33.1266,35.0916,39.9063,52.1361,4.53218,1.51874,-1.0,-1.0,-1.0,-1.0,-1.0
49.186,-0.033819931818181825,0.9986639345796343,2.196278197305111e-24,4,88.3772,1.03116,-14.796,79.454,81.8485,81.6066,81.6066,-0.825407,2503.62,-0.030103,6870.17,8.0,13.5048,19.2013,21.9311,24.6577,26.7528,27.9703,28.6743,29.3248,29.8107,30.3152,30.8395,31.3847,32.1854,33.1582,35.1697,40.1178,52.8136,4.99494,1.56505,-1.0,-1.0,-1.0,-1.0,-1.0
49.206,0.0,0.9989979509347258,1.4275808282483224e-24,4,88.9957,1.06494,-14.8002,80.5233,82.2255,82.2368,82.2368,-0.821463,2504.2,-0.0423225,6922.76,8.0,13.3962,19.0015,21.7338,24.4733,26.5826,27.81,28.5203,29.1772,29.6679,30.1778,30.7079,31.2593,32.0697,33.0551,35.0953,40.1298,53.1508,5.77711,1.62456,-1.0,-1.0,-1.0,-1.0,-1.0
49.226,0.0,0.9992484632010443,9.279275383614096e-25,4,89.6345,1.00536,-14.7943,81.5867,82.4496,82.7754,82.7754,-0.816358,2504.79,-0.0578921,6967.84,8.0,13.2583,18.737,21.4475,24.1688,26.2659,27.4872,28.1943,28.8483,29.337,29.8449,30.373,30.9226,31.7305,32.7131,34.749,39.7806,52.8449,78.4757,1.70437,-1.0,-1.0,-1.0,-1.0,-1.0
49.246,0.0,0.9994363474007832,6.031528999349162e-25,4,90.3208,0.749024,-14.5977,82.567,82.8918,82.5867,82.5867,-0.810006,2505.38,-0.0754708,6950.42,8.0,13.1021,18.4358,21.1087,23.7931,25.8626,27.068,27.766,28.4117,28.8943,29.3958,29.9173,30.4601,31.258,32.2287,34.2403,39.2145,52.1475,77.767,1.80463,-1.0,-1.0,-1.0,-1.0,-1.0
49.266,0.0,0.9995772605505875,3.9204938495769556e-25,4,90.9662,0.47639,-14.3788,83.2776,83.4043,83.0108,83.0108,-0.802358,2505.97,-0.0940183,6987.7,8.0,12.9358,18.1184,20.746,23.3851,25.4198,26.605,27.2913,27.9261,28.4006,28.8937,29.4066,29.9403,30.7248,31.6794,33.6574,38.5491,51.2701,76.8615,1.92425,10.8785,10.8622,10.8483,10.8368,10.8276
49.286,0.0,0.9996829454129406,2.548321002225021e-25,4,91.603,0.261889,-14.1811,83.8973,83.9533,83.6219,83.6219,-0.793294,2506.56,-0.112962,7039.41,8.0,12.7633,17.7945,20.3741,22.9649,24.9621,26.1254,26.7991,27.4222,27.8879,28.3719,28.8752,29.399,30.1691,31.1059,33.0471,37.8472,50.3271,75.877,2.06502,-1.0,-1.0,-1.0,-1.0,-1.0
49.306,0.015655679999999998,0.9997622090597054,1.6564086514462637e-25,4,92.2396,0.10417,-14.0121,84.4897,84.5197,84.28,84.28,-0.782789,2507.15,-0.130464,7095.11,8.0,12.5858,17.4675,19.9981,22.5393,24.4982,25.639,26.2997,26.9107,27.3673,27.8419,28.3355,28.8491,29.6041,30.5226,32.4258,37.1312,49.3595,74.8561,2.22959,-1.0,-1.0,-1.0,-1.0,-1.0
49.326,0.01778532,0.9998216567947791,1.0766656234400713e-25,4,92.8774,0.0333008,-13.8701,85.1189,85.0413,84.9698,84.9698,-0.770828,2507.74,-0.148211,7153.02,8.0,12.401,17.1323,19.6105,22.0984,24.0158,25.1324,25.7788,26.3767,26.8236,27.2879,27.7708,28.2732,29.0118,29.9102,31.7715,36.3714,48.3145,73.7366,2.42294,-1.0,-1.0,-1.0,-1.0,-1.0
49.346,0.01997196,0.9998662425960843,6.998326552360464e-26,4,93.5314,-0.0409096,-13.6909,85.8072,85.5816,85.4368,85.4368,-0.757313,2508.33,-0.166433,7189.62,8.0,12.2086,16.7879,19.2102,21.6412,23.5139,24.6041,25.2352,25.8189,26.255,26.7082,27.1795,27.6697,28.3903,29.2668,31.0821,35.5658,47.189,72.5087,2.64869,-1.0,-1.0,-1.0,-1.0,-1.0
49.366,-0.10002804,0.9998996819470631,4.5489122590343014e-26,4,94.1943,-0.0902758,-13.3559,86.4556,86.1951,85.6922,85.6922,-0.742191,2508.92,-0.18489,7213.29,8.0,12.0098,16.4382,18.8031,21.1753,23.0019,24.065,24.6803,25.2492,25.6742,26.1159,26.5751,27.0528,27.7549,28.6086,30.3763,34.7392,46.0289,71.2203,2.90995,-1.0,-1.0,-1.0,-1.0,-1.0
49.386,-0.22002803999999998,0.9999247614602973,2.956792968372296e-26,4,94.8308,-0.445445,-13.0401,86.7163,87.0288,86.2437,86.2437,-0.725625,2509.51,-0.201276,7259.76,8.0,11.8186,16.1208,18.4437,20.7742,22.5692,23.614,24.2188,24.778,25.1959,25.6301,26.0816,26.5513,27.2416,28.0811,29.8197,34.1123,45.2308,70.3643,3.19653,-1.0,-1.0,-1.0,-1.0,-1.0
49.406,-0.34002804,0.9999435710952229,1.9219154294419927e-26,4,95.4428,-0.741914,-12.7838,86.7345,87.8889,86.8998,86.8998,-0.708,2510.1,-0.213278,7315.75,8.0,11.6472,15.8693,18.18,20.5024,22.294,23.338,23.9428,24.5023,24.9205,25.3552,25.8074,26.278,26.97,27.8121,29.558,33.8795,45.1467,70.3918,3.48922,-1.0,-1.0,-1.0,-1.0,-1.0
49.426,-0.3662865227272727,0.9999576783214172,1.2492450291372953e-26,4,96.0261,-0.864229,-12.6128,86.7123,88.5891,87.7536,87.7536,-0.689611,2510.69,-0.220431,7388.31,8.0,11.4922,15.6758,18.0008,20.3445,22.1579,23.2169,23.831,24.3997,24.8251,25.2676,25.7281,26.2077,26.9136,27.7736,29.56,34.0025,45.7247,71.1961,3.77982,-1.0,-1.0,-1.0,-1.0,-1.0
49.446,-0.3645900227272727,0.999968258741063,8.12009268939242e-27,4,96.6003,-0.779811,-12.5289,86.844,89.3401,88.71,88.71,-0.6706,2511.28,-0.225072,7469.2,8.0,11.3475,15.525,17.8834,20.2707,22.1251,23.2111,23.842,24.4268,24.8647,25.3206,25.7955,26.2906,27.0201,27.9103,29.7643,34.4044,46.8534,72.5478,4.06808,-1.0,-1.0,-1.0,-1.0,-1.0
49.466,-0.36276322727272736,0.9999761940557972,5.2780602481050725e-27,4,97.2186,-0.63641,-12.3819,87.1943,90.0716,89.0158,89.0158,-0.65099,2511.86,-0.228375,7492.31,8.0,11.2068,15.3997,17.8031,20.248,22.1562,23.2772,23.9298,24.5356,24.9897,25.4629,25.9565,26.4716,27.2316,28.1608,30.1024,34.9986,48.3704,74.1972,4.35942,-1.0,-1.0,-1.0,-1.0,-1.0
49.486,-0.36107825000000005,0.9999821455418478,3.4307391612682974e-27,4,97.7889,-0.524976,-12.171,87.6364,90.8216,89.8128,89.8128,-0.630884,2512.45,-0.230757,7561.88,8.0,11.0686,15.2954,17.7534,20.268,22.2409,23.4045,24.0833,24.7144,25.1882,25.6825,26.1986,26.738,27.5352,28.5119,30.5604,35.7722,50.1185,76.0572,4.65383,-1.0,-1.0,-1.0,-1.0,-1.0
49.506,-0.35941218181818185,0.9999866091563858,2.2299804548243933e-27,4,98.3528,-0.311491,-12.0181,88.0554,91.4972,90.8381,90.8381,-0.610364,2513.04,-0.232063,7648.57,8.0,10.9342,15.2165,17.7412,20.3406,22.3926,23.6081,24.319,24.9812,25.4791,25.9993,26.5433,27.1126,27.9555,28.991,31.1721,36.7798,52.1214,78.1598,4.94456,-1.0,-1.0,-1.0,-1.0,-1.0
49.526,-0.35773370454545456,0.9999899568672894,1.4494872956358558e-27,4,98.9209,0.010713,-11.9274,88.4639,92.1254,91.9251,91.9251,-0.589417,2513.63,-0.2319,7740.07,8.0,10.8028,15.1624,17.7662,20.4667,22.6135,23.8914,24.6411,25.3409,25.868,26.4196,26.9973,27.603,28.5019,29.6092,31.9534,38.0556,54.3553,80.4769,5.2305,-1.0,-1.0,-1.0,-1.0,-1.0
49.546,-0.356038090909091,0.999992467650467,9.421667421633063e-28,4,99.4948,0.418685,-11.8807,88.8667,92.7157,93.0096,93.0096,-0.56806,2514.22,-0.230241,7831.21,8.0,10.6731,15.1316,17.827,20.6456,22.904,24.256,25.0518,25.7964,26.3584,26.9477,27.566,28.2155,29.1818,30.3763,32.9201,39.6379,56.784,82.9694,5.51267,-1.0,-1.0,-1.0,-1.0,-1.0
49.566,-0.3542884090909091,0.9999943507378503,6.124083824061491e-28,4,100.087,0.876948,-11.8446,89.2773,93.2728,93.9001,93.9001,-0.546359,2514.81,-0.228032,7900.72,8.0,10.5441,15.1223,17.9214,20.8755,23.2632,24.7017,25.5516,26.3491,26.9524,27.5862,28.2527,28.9545,30.0016,31.301,34.0868,41.569,59.3585,85.7901,5.78759,-1.0,-1.0,-1.0,-1.0,-1.0
49.586,-0.35240340909090917,0.9999957630533877,3.9806544856399696e-28,4,100.725,1.18064,-11.6639,89.8214,93.7968,93.8728,93.8728,-0.524388,2515.39,-0.225902,7900.58,8.0,10.4133,15.125,18.0354,21.1374,23.6684,25.2038,26.1147,26.9719,27.6222,28.3067,29.0283,29.79,30.9302,32.3512,35.4207,43.824,61.9451,89.2924,6.03684,-1.0,-1.0,-1.0,-1.0,-1.0
49.606,-0.35069568181818184,0.9999968222900407,2.5874254156659807e-28,4,101.303,1.38143,-11.4399,90.3488,94.3638,94.4957,94.4957,-0.502289,2515.99,-0.223783,7955.71,8.0,10.288,15.1434,18.1748,21.4401,24.1318,25.7769,26.7573,27.6831,28.3872,29.1303,29.9158,30.7472,31.9962,33.5603,36.9678,46.2999,64.5566,94.0463,6.25592,-1.0,-1.0,-1.0,-1.0,-1.0
49.626,-0.3490411363636364,0.9999976167175305,1.6818265201828875e-28,4,101.863,1.66012,-11.2892,90.817,94.8727,95.5172,95.5172,-0.480062,2516.58,-0.2215,8042.37,8.0,10.172,15.1823,18.3476,21.7968,24.672,26.4439,27.5053,28.5112,29.2786,30.0909,30.9519,31.8662,33.2453,34.9819,38.8023,48.8605,67.2254,102.867,6.44556,-1.0,-1.0,-1.0,-1.0,-1.0
49.646,-0.3473954545454546,0.9999982125381479,1.093187238118877e-28,4,102.42,2.03535,-11.2098,91.2564,95.371,96.6957,96.6957,-0.457664,2517.17,-0.218233,8142.02,8.0,10.0659,15.2449,18.5603,22.2189,25.307,27.2277,28.3848,29.4859,30.329,31.2243,32.1765,33.1912,34.7289,36.6776,41.0139,51.5192,69.9683,162.894,6.60791,-1.0,-1.0,-1.0,-1.0,-1.0
49.666,-0.34573204545454544,0.999998659403611,7.105717047772701e-29,4,102.983,2.49446,-11.1812,91.6767,95.8606,97.8775,97.8775,-0.435103,2517.76,-0.214356,8241.19,8.0,9.96978,15.3333,18.8174,22.7163,26.053,28.1501,29.4215,30.6372,31.5719,32.568,33.6316,34.7698,36.5041,38.7182,43.619,54.2721,72.7839,156.332,6.74582,-1.0,-1.0,-1.0,-1.0,-1.0
49.686,-0.22573204545454545,0.9999989945527082,4.618716081052256e-29,4,103.587,2.97607,-11.1479,92.0973,96.3241,98.5444,98.5444,-0.412364,2518.35,-0.210452,8292.87,8.0,9.88242,15.4439,19.1147,23.2856,26.9099,29.2142,30.6214,31.9742,33.0192,34.1374,35.3368,36.6264,38.6038,41.1497,46.3083,57.0609,75.6141,45.363,6.86449,-1.0,-1.0,-1.0,-1.0,-1.0
49.706,-0.10573204545454545,0.9999992459145312,3.002165452683966e-29,4,104.191,3.12342,-10.7337,93.2638,97.3022,98.5041,98.5041,-0.389568,2518.95,-0.206521,8290.89,8.0,9.8051,15.5804,19.4594,23.9408,27.9012,30.4522,32.0228,33.5419,34.7215,35.99,37.3577,38.8365,41.1101,43.8258,49.0541,59.8857,78.4608,37.5087,6.96396,-1.0,-1.0,-1.0,-1.0,-1.0
49.726,0.0,0.9999994344358983,1.9514075442445782e-29,4,104.797,3.52246,-10.2052,94.1147,98.0631,99.1821,99.1821,-0.366824,2519.54,-0.20279,8349.6,8.0,9.73755,15.7408,19.8492,24.6818,29.0324,31.8754,33.642,35.3625,36.7067,38.1603,39.7369,41.3987,43.7652,46.5199,51.8038,62.6947,81.4941,33.0998,7.0471,-1.0,-1.0,-1.0,-1.0,-1.0
49.746,0.024433319999999998,0.9999995758269238,1.2684149037589758e-29,4,105.45,4.06587,-9.83338,95.2993,98.0558,99.916,99.916,-0.343664,2520.14,-0.203611,8410.71,8.0,9.64894,15.8044,20.0804,25.183,29.8465,32.9304,34.8615,36.7532,38.2389,39.8451,41.499,43.177,45.5627,48.3354,53.6433,64.5532,83.9794,30.8708,7.16727,-1.0,-1.0,-1.0,-1.0,-1.0
49.766,0.023504399999999998,0.9999996818701928,8.244696874433343e-30,4,106.136,4.09648,-9.61014,96.4291,98.137,100.518,100.518,-0.320475,2520.71,-0.19587,8460.93,8.0,9.53179,15.7399,20.0933,25.3362,30.1744,33.3987,35.4278,37.4233,38.9933,40.6233,42.279,43.9581,46.3445,49.1167,54.4208,65.316,85.3139,30.1284,7.33342,-1.0,-1.0,-1.0,-1.0,-1.0
49.786,0.02291676,0.9999997614026446,5.359052968381673e-30,4,106.847,3.80525,-9.52408,97.3328,98.4382,101.02,101.02,-0.297921,2521.29,-0.190973,8502.75,8.0,9.39988,15.6024,19.9784,25.2798,30.2029,33.5005,35.5826,37.6353,39.227,40.8504,42.4994,44.1717,46.5488,49.3107,54.5964,65.4592,85.8322,30.0513,7.52184,-1.0,-1.0,-1.0,-1.0,-1.0
49.806,0.0226992,0.9999998210519834,3.483384429448088e-30,4,107.8,3.07644,-9.20247,98.3384,98.7978,98.1369,98.1369,-0.276014,2521.87,-0.18916,8246.11,8.0,9.25259,15.3876,19.7257,24.9932,29.8964,33.1869,35.2673,37.3202,38.8979,40.5047,42.1378,43.7952,46.1524,48.8934,54.1449,64.9551,85.3044,30.597,7.73579,-1.0,-1.0,-1.0,-1.0,-1.0
49.826,0.02297052,0.9999998657889875,2.264199879141257e-30,4,108.536,1.9761,-8.73616,99.4316,99.1013,98.0082,98.0082,-0.254855,2522.46,-0.191421,8250.82,8.0,9.08524,15.073,19.2951,24.4073,29.1518,32.3283,34.3334,36.3097,37.8492,39.4254,41.0297,42.6599,44.9821,47.6868,52.8802,63.6071,83.3953,31.9958,7.98852,-1.0,-1.0,-1.0,-1.0,-1.0
49.846,0.023357999999999997,0.9999998993417406,1.4717299214418172e-30,4,109.197,1.18429,-8.47692,100.191,99.5699,99.1216,99.1216,-0.234154,2523.05,-0.19465,8347.35,8.0,8.91597,14.7419,18.8333,23.7681,28.3289,31.3722,33.2889,35.175,36.6587,38.1996,39.7705,41.3693,43.6506,46.313,51.4385,62.0681,81.294,33.655,8.24995,-1.0,-1.0,-1.0,-1.0,-1.0
49.866,0.023677319999999998,0.9999999245063055,9.566244489371812e-31,4,109.831,0.679903,-8.48895,100.785,100.195,100.805,100.805,-0.213608,2523.65,-0.197311,8490.48,8.0,8.75195,14.4304,18.4054,23.1843,27.5863,30.5157,32.3575,34.1674,35.5927,37.0989,38.6368,40.2045,42.4451,45.0651,50.1222,60.6523,79.4687,35.2383,8.50505,-1.0,-1.0,-1.0,-1.0,-1.0
49.886,0.02393232,0.9999999433797291,6.218058918091678e-31,4,110.463,0.346034,-8.65303,101.35,100.847,102.708,102.708,-0.193063,2524.25,-0.199436,8651.17,8.0,8.59163,14.1347,18.005,22.6464,26.9104,29.7419,31.5197,33.2649,34.6379,36.1072,37.6131,39.1503,41.351,43.929,48.9181,59.3478,77.8557,36.9207,8.75519,-1.0,-1.0,-1.0,-1.0,-1.0
49.906,0.0241584,0.9999999575347969,4.041738296759591e-31,4,111.111,0.10208,-8.8614,101.943,101.492,104.626,104.626,-0.172462,2524.85,-0.20132,8811.83,8.0,8.43274,13.8463,17.6175,22.1302,26.2664,29.008,30.7272,32.4134,33.7389,35.1683,36.6423,38.1489,40.3094,42.8452,47.7653,58.0922,76.35,39.1363,9.00428,-1.0,-1.0,-1.0,-1.0,-1.0
49.926,-0.0958416,0.9999999681510976,2.627129892893734e-31,4,111.791,-0.0950705,-9.0581,102.568,102.126,106.278,106.278,-0.151736,2525.46,-0.203183,8949.27,8.0,8.2735,13.5587,17.2324,21.6189,25.6304,28.2845,29.947,31.5759,32.8555,34.2417,35.6832,37.1587,39.2779,41.7702,46.6187,56.8389,74.8835,43.0248,9.25589,-1.0,-1.0,-1.0,-1.0,-1.0
49.946,-0.2158416,0.9999999761133231,1.7076344303809272e-31,4,112.516,-0.472065,-9.22431,102.969,102.856,107.386,107.386,-0.131013,2526.07,-0.203385,9039.55,8.0,8.12356,13.3102,16.9145,21.2173,25.1511,27.7534,29.3831,30.9799,32.2341,33.5932,35.0081,36.4582,38.5435,40.9997,45.7882,55.9163,73.8262,123.568,9.48492,-1.0,-1.0,-1.0,-1.0,-1.0
49.966,-0.3153386363636364,0.9999999820849923,1.1099623797476028e-31,4,113.27,-0.688165,-9.26648,103.054,103.829,107.774,107.774,-0.110598,2526.68,-0.199066,9069.55,8.0,7.99974,13.166,16.7748,21.1045,25.0839,27.7275,29.3877,31.0177,32.3003,33.6691,35.0761,36.5181,38.5923,41.0358,45.8016,55.8893,73.8151,121.492,9.64454,-1.0,-1.0,-1.0,-1.0,-1.0
49.986,-0.3131404545454545,0.9999999865637442,7.214755468359419e-32,4,114.014,-0.501345,-9.26804,102.999,104.885,107.942,107.942,-0.0907542,2527.3,-0.189259,9084.74,8.0,7.9087,13.1512,16.8578,21.3579,25.5463,28.3568,30.1335,31.8867,33.2347,34.6201,36.0413,37.4962,39.5866,42.046,46.8346,56.9462,75.2181,41.7226,9.71672,-1.0,-1.0,-1.0,-1.0,-1.0
50.006,-0.3110456818181819,0.9999999899228081,4.689591054433622e-32,4,114.723,0.07658,-9.31023,103.191,105.975,108.535,108.535,-0.0716209,2527.93,-0.175633,9136.79,8.0,7.84321,13.2361,17.1173,21.9128,26.461,29.5601,31.5379,33.4065,34.786,36.2012,37.65,39.1308,41.2541,43.7467,48.5857,58.7594,78.0942,36.8402,9.72676,-1.0,-1.0,-1.0,-1.0,-1.0
50.026,-0.19104568181818188,0.9999999924421061,3.0482341853818544e-32,4,115.4,0.849884,-9.39497,103.514,106.861,109.635,109.635,-0.0532727,2528.56,-0.160002,9231.45,8.0,7.79498,13.3877,17.5013,22.6962,27.7424,31.2421,33.3519,35.2763,36.693,38.1429,39.6244,41.1355,43.2974,45.829,50.7274,60.9749,82.9989,33.5094,9.70308,-1.0,-1.0,-1.0,-1.0,-1.0
50.046,-0.07104568181818188,0.9999999943315796,1.9813522204982053e-32,4,116.071,1.79291,-9.51558,104.219,107.825,111.002,111.002,-0.0357211,2529.19,-0.143922,9341.29,8.0,7.75614,13.5739,17.9577,23.6316,29.2974,33.1057,35.2824,37.2606,38.7129,40.1963,41.7087,43.2484,45.4468,48.015,52.9685,63.2831,151.173,31.0394,9.66892,-1.0,-1.0,-1.0,-1.0,-1.0
50.066,0.015633720000000004,0.9999999957486847,1.2878789433238336e-32,4,116.884,2.61377,-9.5147,105.252,108.482,110.617,110.617,-0.0188572,2529.83,-0.130281,9307.59,8.0,7.70911,13.7176,18.3455,24.4741,30.716,34.6336,36.8567,38.8717,40.3482,41.8538,43.3867,44.9453,47.1674,49.7589,54.7465,65.0988,146.542,29.4385,9.66243,-1.0,-1.0,-1.0,-1.0,-1.0
50.086,0.0,0.9999999968115135,8.371213131604919e-33,4,117.661,3.06739,-9.52608,106.539,108.732,110.878,110.878,-0.00254854,2530.48,-0.121606,9333.41,8.0,7.6369,13.7379,18.5068,24.9213,31.447,35.3948,37.6308,39.6554,41.1376,42.6484,44.1857,45.748,47.9741,50.5688,55.5591,65.9063,143.33,28.7083,9.71373,-1.0,-1.0,-1.0,-1.0,-1.0
50.106,0.0,0.9999999976086351,5.4412885355431974e-33,4,118.401,3.00494,-9.5966,107.708,108.997,111.949,111.949,0.0132635,2531.12,-0.116683,9426.12,8.0,7.54559,13.6594,18.4798,25.0238,31.6317,35.561,37.7866,39.8016,41.277,42.7808,44.3112,45.8666,48.0831,50.6672,55.6381,65.951,141.341,28.5095,9.80612,-1.0,-1.0,-1.0,-1.0,-1.0
50.126,0.0,0.9999999982064763,3.536837548103079e-33,4,119.134,2.80488,-9.71399,108.613,109.47,113.286,113.286,0.0285636,2531.78,-0.113277,9538.37,8.0,7.44869,13.5436,18.3785,24.9854,31.5943,35.4862,37.6918,39.6897,41.1531,42.6452,44.1641,45.7083,47.9099,50.4774,55.4202,65.6861,139.869,28.5158,9.91152,-1.0,-1.0,-1.0,-1.0,-1.0
50.146,0.0,0.9999999986548572,2.2989444062670014e-33,4,119.884,2.57213,-9.85206,109.402,110.048,114.439,114.439,0.0434035,2532.44,-0.110606,9634.41,8.0,7.35055,13.4119,18.2435,24.8809,31.4491,35.2943,37.4754,39.4525,40.9015,42.3793,43.8846,45.4155,47.5991,50.1475,55.0573,65.2694,138.653,28.6283,10.0209,-1.0,-1.0,-1.0,-1.0,-1.0
50.166,-0.12,0.9999999989911429,1.494313864073551e-33,4,120.654,2.33468,-9.9959,110.157,110.68,115.311,115.311,0.0578321,2533.1,-0.108383,9706.45,8.0,7.25259,13.272,18.0897,24.7376,31.2384,35.0314,37.1853,39.1391,40.5719,42.0341,43.5242,45.0404,47.2042,49.7313,54.605,64.7589,137.596,28.8161,10.1314,-1.0,-1.0,-1.0,-1.0,-1.0
50.186,-0.24,0.9999999992433571,9.713040116478081e-34,4,121.436,1.95387,-10.1412,110.588,111.25,115.931,115.931,0.0717659,2533.77,-0.105211,9757.78,8.0,7.16364,13.1645,17.9958,24.7058,31.1577,34.9105,37.0429,38.9784,40.3984,41.8478,43.3254,44.8295,46.9772,49.4864,54.3294,64.4329,136.186,28.8784,10.2245,-1.0,-1.0,-1.0,-1.0,-1.0
50.206,-0.2889604545454546,0.9999999994325178,6.313476075710754e-34,4,122.198,1.73574,-10.251,110.749,111.877,116.426,116.426,0.0849904,2534.44,-0.09915,9799.32,8.0,7.0965,13.1478,18.0763,25.0077,31.4726,35.2213,37.3503,39.2819,40.6988,42.145,43.6191,45.1195,47.2617,49.7643,54.5947,64.7046,133.672,28.5231,10.2739,-1.0,-1.0,-1.0,-1.0,-1.0
50.226,-0.28679772727272723,0.9999999995743883,4.10375944921199e-34,4,122.93,1.82748,-10.3602,110.906,112.629,116.999,116.999,0.0974078,2535.12,-0.0899723,9848.26,8.0,7.05351,13.2343,18.3604,25.6659,32.2162,35.9984,38.1425,40.0858,41.51,42.9627,44.4427,45.9482,48.0964,50.6047,55.4413,65.7281,129.805,27.7529,10.2768,-1.0,-1.0,-1.0,-1.0,-1.0
50.246,-0.28471772727272726,0.9999999996807912,2.6674436419877934e-34,4,123.634,2.17279,-10.485,111.234,113.492,117.767,117.767,0.108938,2535.8,-0.078605,9913.87,8.0,7.03056,13.4059,18.8201,26.5825,33.2718,37.1121,39.2832,41.2477,42.6858,44.1514,45.6431,47.1593,49.3209,51.8422,56.6972,67.5124,124.602,26.7642,10.2458,-1.0,-1.0,-1.0,-1.0,-1.0
50.266,-0.2827056818181818,0.9999999997605934,1.733838367292066e-34,4,124.315,2.677,-10.6301,111.642,114.306,118.763,118.763,0.119557,2536.48,-0.065842,9998.52,8.0,7.0239,13.6477,19.4346,27.6815,34.5403,38.4515,40.6557,42.6465,44.1019,45.5835,47.0899,48.6198,50.7982,53.336,58.2154,70.2191,118.05,25.7062,10.1924,5.30958,5.30104,5.29413,5.28885,5.28519
50.286,-0.28068477272727277,0.9999999998204451,1.1269949387398428e-34,4,124.999,3.26647,-10.766,112.084,115.043,119.608,119.608,0.129224,2537.17,-0.0521801,10066.3,8.0,7.03161,13.9533,20.2001,28.9163,35.9596,39.9474,42.1874,44.2067,45.6806,47.1794,48.7016,50.2459,52.4428,54.9987,59.9043,74.5363,111.566,24.6553,10.1236,-1.0,-1.0,-1.0,-1.0,-1.0
50.306,-0.27863136363636365,0.9999999998653338,7.325467101808979e-35,4,125.694,3.82788,-10.8685,112.583,115.713,120.144,120.144,0.137858,2537.87,-0.0382817,10113.4,8.0,7.05083,14.3088,21.0968,30.2134,37.4384,41.5004,43.7748,45.821,47.3127,48.8279,50.3652,51.9233,54.1372,56.71,61.7035,140.57,105.655,23.6744,10.0469,-1.0,-1.0,-1.0,-1.0,-1.0
50.326,-0.276705,0.9999999998990003,4.761553616175837e-35,4,126.346,4.37479,-10.9922,113.111,116.332,121.165,121.165,0.145411,2538.57,-0.0243362,10201.1,8.0,7.08121,14.714,22.0936,31.5501,38.9483,43.0798,45.3862,47.4577,48.9656,50.4957,52.0467,53.6173,55.8468,58.4347,63.9049,135.914,100.311,22.7667,9.96456,-1.0,-1.0,-1.0,-1.0,-1.0
50.346,-0.15670499999999998,0.9999999999242503,3.095009850514294e-35,4,126.962,4.95839,-11.1452,113.63,116.924,122.56,122.56,0.151857,2539.27,-0.0100873,10319.6,8.0,7.12522,15.1866,23.1581,32.9588,40.5279,44.7267,47.0639,49.1593,50.6828,52.2273,53.7913,55.3738,57.6178,60.2819,66.8621,130.826,95.3707,21.9027,9.87393,-1.0,-1.0,-1.0,-1.0,-1.0
50.366,-0.03670499999999999,0.9999999999431877,2.0117564028342915e-35,4,127.56,5.64845,-11.3136,114.509,117.857,124.059,124.059,0.157217,2539.98,0.00445479,10445.9,8.0,7.18333,15.7357,24.2906,34.4386,42.1746,46.4385,48.8052,50.9236,52.462,54.0198,55.5961,57.1897,59.504,62.6108,71.3535,125.151,90.4433,21.0793,9.77586,-1.0,-1.0,-1.0,-1.0,-1.0
50.386,0.0,0.9999999999573908,1.3076416618422895e-35,4,128.176,6.43463,-11.4838,115.582,118.8,125.477,125.477,0.161566,2540.69,0.0182454,10564.5,8.0,7.24779,16.3192,25.387,35.8416,43.7187,48.0361,50.4267,52.5635,54.1135,55.682,57.2679,58.9386,61.6241,65.4415,137.368,119.05,39.9802,20.3544,9.6812,-1.0,-1.0,-1.0,-1.0,-1.0
50.406,0.0,0.9999999999680431,8.499670801974882e-36,4,128.834,7.06106,-11.6469,116.521,119.334,126.684,126.684,0.16504,2541.4,0.0300624,10665.0,8.0,7.30783,16.8679,26.3087,36.9817,44.9517,49.3022,51.707,53.8543,55.4109,56.9883,58.691,60.6034,63.7787,68.6694,133.383,113.208,34.9552,19.7793,9.60143,-1.0,-1.0,-1.0,-1.0,-1.0
50.426,0.0,0.9999999999760323,5.5247860212836736e-36,4,129.526,7.43292,-11.8242,117.304,119.758,127.618,127.618,0.167623,2542.12,0.0402562,10742.4,8.0,7.36535,17.3856,27.075,37.8954,45.921,50.2892,52.7009,54.8529,56.4189,58.1209,60.0348,62.2342,66.0619,73.092,129.715,108.486,32.6699,19.3117,9.53172,-1.0,-1.0,-1.0,-1.0,-1.0
50.446,0.0,0.9999999999820242,3.591110913834388e-36,4,130.24,7.62312,-12.0082,118.063,120.229,128.328,128.328,0.169267,2542.85,0.0492184,10801.4,8.0,7.4232,17.8561,27.7181,38.6329,46.6869,51.0617,53.4751,55.6327,57.3087,59.1913,61.3512,63.9104,68.7276,134.366,126.286,104.6,31.1733,18.9176,9.46725,-1.0,-1.0,-1.0,-1.0,-1.0
50.466,0.0,0.9999999999865181,2.3342220939923522e-36,4,130.969,7.67196,-12.1867,118.821,120.756,128.868,128.868,0.16996,2543.57,0.057224,10846.2,8.0,7.48337,18.2755,28.262,39.2304,47.2928,51.6658,54.0769,56.3208,58.1491,60.2382,62.6957,65.7411,72.5866,131.491,123.038,101.306,30.0777,18.5758,9.40494,-1.0,-1.0,-1.0,-1.0,-1.0
50.486,0.0,0.9999999999898885,1.5172443610950292e-36,4,131.714,7.60513,-12.3553,119.586,121.324,129.248,129.248,0.169659,2544.3,0.0644309,10877.5,8.0,7.54728,18.6507,28.7211,39.7103,47.7646,52.1292,54.5529,56.9614,58.9591,61.2878,64.1247,67.914,132.854,128.778,119.94,98.4624,29.231,18.2735,9.34273,-1.0,-1.0,-1.0,-1.0,-1.0
50.506,0.0,0.9999999999924164,9.86208834711769e-37,4,132.44,7.46959,-12.5489,120.346,121.923,129.952,129.952,0.168377,2545.04,0.0709931,10939.1,8.0,7.61596,18.9887,29.1102,40.0941,48.1274,52.4782,54.9836,57.5746,59.7635,62.3842,65.7458,71.0308,130.395,126.193,116.953,95.9576,28.5495,18.0009,9.27918,-1.0,-1.0,-1.0,-1.0,-1.0
50.526,0.0,0.9999999999943123,6.410357425626498e-37,4,133.176,7.30771,-12.7393,121.066,122.545,130.567,130.567,0.166124,2545.78,0.0772282,10988.9,8.0,7.69206,19.3071,29.4623,40.4273,48.4331,52.7743,55.4283,58.2302,60.654,63.6673,67.9097,131.471,127.98,123.648,113.957,93.6508,27.949,17.7421,9.21165,-1.0,-1.0,-1.0,-1.0,-1.0
50.546,0.0,0.9999999999957343,4.166732326657224e-37,4,133.936,7.10322,-12.9114,121.798,123.191,130.865,130.865,0.1629,2546.52,0.0831172,11013.0,8.0,7.7754,19.6042,29.7748,40.7071,48.6787,53.0587,55.8853,58.9322,61.6517,65.2381,71.7718,129.199,125.619,121.151,110.959,91.5267,27.4211,17.4971,9.14025,-1.0,-1.0,-1.0,-1.0,-1.0
50.566,-0.12,0.9999999999968008,2.7083760123271955e-37,4,134.712,6.84324,-13.0682,122.552,123.847,130.956,130.956,0.158686,2547.27,0.0885655,11020.0,8.0,7.8653,19.8736,30.0379,40.9209,48.8497,53.3196,56.3333,59.6652,62.7682,67.3121,129.472,127.013,123.346,118.741,108.175,89.5945,26.9722,17.2692,9.06547,-1.0,-1.0,-1.0,-1.0,-1.0
50.586,-0.24,0.9999999999976006,1.760444408012677e-37,4,135.495,6.44466,-13.2123,122.959,124.252,130.942,130.942,0.15342,2548.02,0.0941884,11018.7,8.0,7.96819,20.1541,30.3184,41.1575,49.0464,53.6804,56.9314,60.6578,64.3888,129.65,127.252,124.735,120.967,116.198,105.413,87.6609,26.4956,17.0302,8.98214,-1.0,-1.0,-1.0,-1.0,-1.0
50.606,-0.24744613636363638,0.9999999999982004,1.1442888652082401e-37,4,136.249,6.11534,-13.3508,123.124,124.568,130.987,130.987,0.146975,2548.77,0.100942,11023.1,8.0,8.09511,20.5083,30.7202,41.5537,49.4228,54.3815,58.014,62.4752,68.0255,127.131,124.664,122.065,118.151,113.136,102.305,85.4716,25.8483,16.7388,8.88252,-1.0,-1.0,-1.0,-1.0,-1.0
50.626,-0.24530704545454546,0.9999999999986503,7.437877623853561e-38,4,136.973,5.94938,-13.5149,123.429,125.057,131.196,131.196,0.139324,2549.53,0.108761,11041.4,8.0,8.24699,20.9337,31.2371,42.0995,50.029,55.5116,59.8005,66.123,126.686,124.252,121.691,118.979,114.856,109.469,98.9379,83.0275,25.067,16.4009,8.7676,-1.0,-1.0,-1.0,-1.0,-1.0
50.646,-0.24317386363636365,0.9999999999989877,4.834620455504815e-38,4,137.695,5.90724,-13.7744,123.821,125.536,131.604,131.604,0.130532,2550.29,0.116313,11076.7,8.0,8.41055,21.345,31.725,42.6048,50.7007,56.8579,62.2414,126.29,123.89,121.369,118.705,115.865,111.496,105.737,95.8302,80.5655,24.3515,16.0737,8.64774,-1.0,-1.0,-1.0,-1.0,-1.0
50.666,-0.24108204545454548,0.9999999999992408,3.1425032960781293e-38,4,138.403,5.78417,-14.0485,124.352,126.06,132.205,132.205,0.120662,2551.06,0.123122,11127.9,8.0,8.58012,21.7092,32.131,43.0014,51.3532,58.3577,66.1812,123.708,121.236,118.629,115.858,112.883,108.241,102.461,93.1057,78.2294,23.7496,15.7753,8.52653,-1.0,-1.0,-1.0,-1.0,-1.0
50.686,-0.2390286363636363,0.9999999999994307,2.042627142450784e-38,4,139.098,5.6045,-14.2997,125.0,126.687,132.864,132.864,0.109727,2551.83,0.129763,11183.1,8.0,8.76126,22.0617,32.5157,43.3695,52.1063,60.3791,124.481,121.116,118.565,115.862,112.971,109.837,104.895,99.3943,90.5398,75.8744,23.1801,15.4825,8.40002,-1.0,-1.0,-1.0,-1.0,-1.0
50.706,-0.23731204545454546,0.999999999999573,1.3277076425930098e-38,4,139.679,5.52359,-14.6272,125.701,127.442,134.865,134.865,0.0976829,2552.6,0.137114,11366.0,8.0,8.9563,22.4613,32.9749,43.8339,53.2169,64.5572,121.732,118.252,115.598,112.768,109.712,106.351,101.369,96.205,87.8603,73.1923,22.5424,15.1624,8.26235,-1.0,-1.0,-1.0,-1.0,-1.0
50.726,-0.23579340909090907,0.9999999999996798,8.630099676854564e-39,4,140.193,5.8113,-14.9918,126.235,128.288,137.683,137.683,0.084632,2553.38,0.146962,11593.3,8.0,9.18236,23.027,33.7014,44.6439,55.4276,122.078,118.2,114.528,111.699,108.644,105.28,101.718,97.1116,92.3486,84.6126,69.4506,21.6738,14.7574,8.10406,-1.0,-1.0,-1.0,-1.0,-1.0
50.746,-0.23397340909090913,0.9999999999997599,5.6095647899554666e-39,4,140.809,6.38381,-15.2396,126.638,129.172,138.759,138.759,0.0704745,2554.15,0.159446,11679.4,8.0,9.44451,23.7798,34.7212,45.941,60.2294,117.857,113.708,109.715,106.575,103.1,99.651,96.4323,92.2716,87.9508,80.8917,64.1835,20.621,14.273,7.92583,-1.0,-1.0,-1.0,-1.0,-1.0
50.766,-0.11397340909090914,0.9999999999998199,3.6462171134710534e-39,4,141.449,7.1617,-15.4245,127.012,130.023,139.171,139.171,0.0550976,2554.93,0.173926,11712.0,8.0,9.739,24.691,35.9785,47.9182,120.27,112.789,108.21,103.657,100.159,96.8856,93.8261,90.9606,87.2414,83.3616,76.8429,56.5792,19.4972,13.7416,7.73535,-1.0,-1.0,-1.0,-1.0,-1.0
50.786,-0.022711079999999995,0.999999999999865,2.3700411237561848e-39,4,142.095,8.06774,-15.5597,127.815,131.201,139.241,139.241,0.0384593,2555.71,0.189259,11717.1,8.0,10.0541,25.6905,37.3552,50.7505,115.227,106.989,101.702,97.006,93.9173,91.0258,88.3137,85.7647,82.4439,78.9641,72.1754,31.5946,18.4169,13.2058,7.54044,-1.0,-1.0,-1.0,-1.0,-1.0
50.806,-0.0244248,0.9999999999998987,1.5405267304415203e-39,4,142.762,8.91451,-15.6601,128.845,132.197,139.212,139.212,0.0205653,2556.5,0.20354,11714.7,8.0,10.3644,26.6367,38.6283,54.68,110.139,100.857,95.5773,91.4057,88.6497,86.0616,83.6263,81.3313,78.3316,75.0002,67.2938,27.4432,17.4946,12.7187,7.35137,-1.0,-1.0,-1.0,-1.0,-1.0
50.826,-0.02589516,0.9999999999999241,1.0013423747869882e-39,4,143.456,9.43672,-15.7846,129.689,132.658,139.243,139.243,0.00138283,2557.29,0.215793,11717.8,8.0,10.6544,27.4431,39.6704,120.402,105.304,95.4778,90.7144,86.9335,84.4276,82.0682,79.8429,77.741,74.897,71.2534,62.5962,25.1849,16.7474,12.2966,7.17189,-1.0,-1.0,-1.0,-1.0,-1.0
50.846,-0.027042959999999998,0.999999999999943,6.508725436115423e-40,4,144.17,9.6705,-16.0282,130.342,132.963,139.451,139.451,-0.0190536,2558.08,0.225358,11736.2,8.0,10.9108,28.0427,40.3932,117.078,101.031,91.4418,87.0418,83.538,81.2103,79.0145,76.9402,74.9553,71.9581,68.0385,58.5545,23.7961,16.1739,11.9463,7.00427,-1.0,-1.0,-1.0,-1.0,-1.0
50.866,-0.02752236,0.9999999999999573,4.230671533475025e-40,4,144.894,9.52398,-16.2849,131.111,133.281,139.835,139.835,-0.0406481,2558.88,0.229353,11768.9,8.0,11.1303,28.4261,40.8517,114.364,97.541,88.4881,84.3367,81.0236,78.8193,76.7371,74.7661,72.7469,69.6167,65.5195,55.4667,22.9406,15.7459,11.6595,6.84747,-1.0,-1.0,-1.0,-1.0,-1.0
50.886,-0.027294839999999997,0.9999999999999679,2.7499364967587663e-40,4,145.624,9.08845,-16.5226,132.01,133.703,140.278,140.278,-0.0626996,2559.68,0.227457,11806.2,8.0,11.3236,28.6591,41.1396,112.082,94.8317,86.196,82.2252,79.0515,76.9373,74.9387,73.003,70.9332,67.7268,63.5279,53.1633,22.3736,15.4063,11.4118,6.69694,-1.0,-1.0,-1.0,-1.0,-1.0
50.906,-0.027006119999999998,0.9999999999999759,1.787458722893198e-40,4,146.177,8.69879,-16.9373,132.889,134.264,143.218,143.218,-0.0849965,2560.48,0.225051,12068.6,8.0,11.5103,28.8519,41.4266,109.886,92.3641,84.0946,80.2834,77.2328,75.1986,73.2742,71.3218,69.2068,65.9394,61.6646,51.0622,21.8699,15.0847,11.1711,6.54657,-1.0,-1.0,-1.0,-1.0,-1.0
50.926,-0.02692476,0.9999999999999819,1.1618481698805787e-40,4,146.762,8.58723,-17.2945,133.475,134.961,145.674,145.674,-0.107374,2561.29,0.224373,12263.3,8.0,11.7232,29.1809,42.0701,107.141,89.3754,81.5565,77.9413,75.0427,73.1074,71.2186,69.1957,67.0061,63.6216,59.1861,47.9737,21.1357,14.6799,10.8907,6.3878,-1.0,-1.0,-1.0,-1.0,-1.0
50.946,-0.027011039999999997,0.9999999999999865,7.552013104223762e-41,4,147.478,8.62288,-17.5171,133.992,135.743,146.057,146.057,-0.129918,2562.1,0.225092,12290.1,8.0,11.9593,29.6214,43.1157,103.879,86.0576,78.7349,75.3368,72.6066,70.7499,68.7848,66.6611,64.3658,60.813,56.1328,43.7858,20.2514,14.213,10.5796,6.22188,-1.0,-1.0,-1.0,-1.0,-1.0
50.966,-0.0271632,0.9999999999999898,4.908808517745446e-41,4,148.253,8.72765,-17.7034,134.567,136.458,145.518,145.518,-0.152685,2562.92,0.22636,12241.8,8.0,12.2063,30.1069,44.5544,100.281,82.7274,75.8904,72.7059,70.1217,68.1997,66.1267,63.8941,61.4775,57.726,52.7402,38.3134,19.3454,13.7268,10.2571,6.05243,-1.0,-1.0,-1.0,-1.0,-1.0
50.986,-0.02723004,0.9999999999999923,3.19072553653454e-41,4,149.064,8.70427,-17.863,135.262,137.108,144.486,144.486,-0.175708,2563.74,0.226917,12153.8,8.0,12.4444,30.536,46.2767,96.7026,79.7404,73.321,70.3213,67.7313,65.7169,63.5539,61.2188,58.6896,54.7537,49.4748,30.1989,18.5488,13.2731,9.94795,5.8843,-1.0,-1.0,-1.0,-1.0,-1.0
51.006,-0.02714292,0.9999999999999942,2.073971598747451e-41,4,149.881,8.42174,-17.9719,136.095,137.733,143.449,143.449,-0.199037,2564.57,0.226191,12067.4,8.0,12.6637,30.8618,48.287,93.3456,77.1934,71.1118,68.2291,65.5507,63.4706,61.233,58.823,56.2114,52.1354,46.6258,27.434,17.8905,12.8683,9.66046,5.71905,-1.0,-1.0,-1.0,-1.0,-1.0
51.026,-0.026888879999999997,0.9999999999999957,1.3480815391858433e-41,4,150.672,7.89235,-18.0573,136.999,138.353,142.874,142.874,-0.222735,2565.4,0.224074,12024.9,8.0,12.8623,31.0764,50.8545,90.4164,75.0503,69.2363,66.3787,63.6361,61.5112,59.2292,56.7697,54.1072,49.9522,44.3143,26.0406,17.3542,12.5094,9.39345,5.55621,-1.0,-1.0,-1.0,-1.0,-1.0
51.046,-0.02653608,0.9999999999999968,8.762530004707982e-42,4,151.378,7.31396,-18.2167,137.843,138.98,143.657,143.657,-0.246744,2566.24,0.221134,12091.3,8.0,13.0486,31.2263,113.065,87.8373,73.1328,67.5464,64.6625,61.8757,59.7176,57.4067,54.9191,52.2269,48.0315,42.3344,25.0587,16.8782,12.1725,9.13563,5.39373,-1.0,-1.0,-1.0,-1.0,-1.0
51.066,-0.0261708,0.9999999999999976,5.695644503060189e-42,4,152.119,6.75512,-18.345,138.593,139.652,143.993,143.993,-0.271,2567.08,0.21809,12117.6,8.0,13.2339,31.371,110.962,85.3338,71.2564,65.8637,62.929,60.1019,57.9156,55.5752,53.0625,50.3462,46.1158,40.3746,24.1217,16.3981,11.8314,8.87435,5.22929,-1.0,-1.0,-1.0,-1.0,-1.0
51.086,-0.02577924,0.9999999999999982,3.702168926989123e-42,4,152.882,6.19802,-18.446,139.342,140.345,144.037,144.037,-0.295474,2567.93,0.214827,12120.7,8.0,13.4161,31.5329,108.863,82.9363,69.4433,64.1897,61.2081,58.3428,56.1342,53.7712,51.2363,48.5022,44.2511,38.4919,23.2547,15.9233,11.4901,8.61177,5.06347,-1.0,-1.0,-1.0,-1.0,-1.0
51.106,-0.02532708,0.9999999999999987,2.4064098025429297e-42,4,153.654,5.62778,-18.5519,140.099,140.999,144.02,144.02,-0.320126,2568.78,0.211059,12119.2,8.0,13.5897,31.7007,106.836,80.7198,67.7467,62.5824,59.5663,56.6743,54.4488,52.0749,49.5312,46.7925,42.5485,36.8226,22.52,15.4755,11.1582,8.35269,4.89742,-1.0,-1.0,-1.0,-1.0,-1.0
51.126,-0.024796319999999997,0.999999999999999,1.5641663716529044e-42,4,154.427,5.00737,-18.6374,140.896,141.658,144.014,144.014,-0.3449,2569.64,0.206636,12118.9,8.0,13.7515,31.8596,104.918,78.7094,66.186,61.0758,58.0394,55.1353,52.9041,50.5305,47.9937,45.2686,41.0631,35.4361,21.9353,15.0641,10.8401,8.09949,4.73189,-1.0,-1.0,-1.0,-1.0,-1.0
51.146,-0.02419716,0.9999999999999992,1.016708141574388e-42,4,155.195,4.35986,-18.703,141.697,142.326,144.1,144.1,-0.36974,2570.51,0.201643,12126.6,8.0,13.9024,32.0162,103.096,76.8615,64.7328,59.6548,56.6103,53.7062,51.4795,49.1155,46.5972,43.9001,39.7594,34.2788,21.466,14.6812,10.5326,7.85079,4.56683,-1.0,-1.0,-1.0,-1.0,-1.0
51.166,-0.023547839999999997,0.9999999999999994,6.6086029202335224e-43,4,155.941,3.74253,-18.7775,142.476,143.003,144.535,144.535,-0.394548,2571.38,0.196232,12165.1,8.0,14.0443,32.1835,101.332,75.1218,63.3502,58.2919,55.2461,52.3498,50.1349,47.7876,45.2951,42.6359,38.5755,33.269,21.072,14.3162,10.2317,7.60483,4.40231,-1.0,-1.0,-1.0,-1.0,-1.0
51.186,-0.022878239999999998,0.9999999999999996,4.29559189815179e-43,4,156.688,3.19563,-18.8475,143.206,143.69,144.973,144.973,-0.419247,2572.25,0.190652,12201.1,8.0,14.1808,32.3867,99.5669,73.4169,61.9876,56.9368,53.8922,51.0058,48.8057,46.4782,44.0139,41.396,37.4216,32.2935,20.6922,13.9518,9.93022,7.3585,4.23803,-1.0,-1.0,-1.0,-1.0,-1.0
51.206,-0.022194600000000002,0.9999999999999997,2.7921347337986633e-43,4,157.439,2.72149,-18.9026,143.925,144.386,145.351,145.351,-0.443717,2573.13,0.184955,12232.8,8.0,14.3116,32.6347,97.7869,71.7329,60.6356,55.5794,52.5387,49.6638,47.4797,45.1748,42.7414,40.1668,36.2827,31.3352,20.3209,13.5874,9.62863,7.11238,4.07467,-1.0,-1.0,-1.0,-1.0,-1.0
51.226,-0.021495,0.9999999999999998,1.814887576969131e-43,4,158.188,2.30724,-18.9314,144.648,145.086,145.734,145.734,-0.467894,2574.02,0.179125,12265.2,8.0,14.4361,32.9308,95.9955,70.0727,59.2874,54.2239,51.1897,48.3294,46.1625,43.8828,41.4831,38.9543,35.1652,30.3992,19.9673,13.2254,9.32827,6.86746,3.91272,-1.0,-1.0,-1.0,-1.0,-1.0
51.246,-0.02078016,0.9999999999999998,1.1796769250299353e-43,4,158.934,1.95374,-18.9432,145.36,145.775,146.156,146.156,-0.491698,2574.91,0.173168,12300.9,8.0,14.5539,33.2818,94.1896,68.4338,57.9373,52.8689,49.844,47.001,44.8528,42.6014,40.2381,37.7579,34.0671,29.4832,19.6359,12.8675,9.03017,6.62452,3.7527,-1.0,-1.0,-1.0,-1.0,-1.0
51.266,-0.02004972,0.9999999999999998,7.66790001269458e-44,4,159.675,1.65327,-18.948,146.059,146.453,146.638,146.638,-0.51504,2575.81,0.167081,12341.7,8.0,14.6641,33.6968,92.3696,66.8167,56.5863,51.5162,48.5035,45.6813,43.5543,41.333,39.0094,36.5807,32.9918,28.5908,19.3386,12.5161,8.73596,6.38471,3.59528,9.16416,9.18514,9.20881,9.2352,9.26434
51.286,-0.01930452,0.9999999999999998,4.984135008251477e-44,4,160.415,1.40442,-18.9437,146.752,147.128,147.126,147.126,-0.537846,2576.71,0.160871,12382.3,8.0,14.7664,34.1868,90.5317,65.219,55.2337,50.1648,47.168,44.3696,42.2663,40.0771,37.796,35.4216,31.9384,27.7189,19.0843,12.1732,8.44678,6.14892,3.44096,-1.0,-1.0,-1.0,-1.0,-1.0
51.306,-0.01854096,0.9999999999999998,3.23968775536346e-44,4,161.152,1.19409,-18.9283,147.447,147.799,147.629,147.629,-0.560048,2577.62,0.154508,12425.4,8.0,14.8599,34.7657,88.6833,63.6471,53.8853,48.8232,45.8443,43.0734,40.9973,38.8419,36.607,34.2901,30.9152,26.8769,18.8827,11.8429,8.16466,5.91831,3.29032,-1.0,-1.0,-1.0,-1.0,-1.0
51.326,-0.01776324,0.9999999999999998,2.1057970409862492e-44,4,161.88,1.01866,-18.9169,148.13,148.465,148.241,148.241,-0.581575,2578.53,0.148027,12477.2,8.0,14.9447,35.4608,86.8128,62.0918,52.535,47.4851,44.5267,41.7857,39.7392,37.6208,35.4337,33.1771,29.9128,26.0536,18.6407,11.5252,7.89011,5.69349,3.14381,-1.0,-1.0,-1.0,-1.0,-1.0
51.346,-0.01697976,0.9999999999999998,1.368768076641062e-44,4,162.602,0.878787,-18.8754,148.82,149.16,148.896,148.896,-0.602385,2579.46,0.141498,12532.3,8.0,15.0218,36.328,84.8977,60.5388,51.1703,46.1366,43.2009,40.4911,38.4765,36.3969,34.2598,32.0648,28.9122,25.2286,18.3372,11.2172,7.62206,5.47423,3.00157,-1.0,-1.0,-1.0,-1.0,-1.0
51.366,-0.01619484,0.9999999999999998,8.896992498166903e-45,4,163.323,0.78072,-18.8328,149.484,149.829,149.559,149.559,-0.6224,2580.38,0.134957,12588.2,8.0,15.0913,37.4508,82.9231,58.982,49.7858,44.7719,41.8609,39.1841,37.203,35.1649,33.0783,30.9473,27.9083,24.3972,17.981,10.92,7.36158,5.26129,2.86419,-1.0,-1.0,-1.0,-1.0,-1.0
51.386,-0.015399959999999999,0.9999999999999998,5.783045123808487e-45,4,164.043,0.710052,-18.8089,150.144,150.483,150.221,150.221,-0.641594,2581.32,0.128333,12644.0,8.0,15.1521,38.9909,80.9029,57.4355,48.3957,43.4049,40.5217,37.8818,35.9358,33.9413,31.9079,29.8431,26.919,23.5777,17.5973,10.6399,7.11122,5.05605,2.73202,-1.0,-1.0,-1.0,-1.0,-1.0
51.406,0.0,0.9999999999999998,3.7589793304755164e-45,4,164.778,0.65065,-18.7745,150.809,151.134,150.663,150.663,-0.659945,2582.25,0.12159,12679.1,8.0,15.2034,41.5363,78.8421,55.9059,47.0066,42.0432,39.1919,36.5917,34.6828,32.7349,30.7572,28.7601,25.952,22.7769,17.1979,10.3815,6.8727,4.85941,2.60536,-1.0,-1.0,-1.0,-1.0,-1.0
51.426,0.12,0.9999999999999998,2.4433365648090858e-45,4,165.509,0.612718,-18.7179,151.541,151.756,151.114,151.114,-0.677358,2583.2,0.114281,12718.7,8.0,15.2377,105.893,76.8811,54.4734,45.6988,40.7762,37.964,35.4103,33.5428,31.6456,29.7268,27.7993,25.1065,22.0907,16.8706,10.1807,6.65946,4.67778,2.48591,-1.0,-1.0,-1.0,-1.0,-1.0
51.446,0.1625,0.9999999999999998,1.588168767125906e-45,4,166.216,0.703924,-18.6783,152.353,152.029,151.786,151.786,-0.693537,2584.15,0.104097,12776.0,8.0,15.2173,104.853,75.8062,53.5446,44.885,40.0562,37.3077,34.8191,33.0051,31.1646,29.3107,27.4514,24.865,21.9815,17.0133,10.2251,6.53557,4.54043,2.38049,-1.0,-1.0,-1.0,-1.0,-1.0
51.466,0.1625,0.9999999999999998,1.0323096986318388e-45,4,166.889,0.348137,-18.5828,153.491,152.072,152.621,152.621,-0.707998,2585.11,0.0887572,12846.8,8.0,15.1069,104.777,76.3653,53.5271,44.9376,40.2851,37.6371,35.2419,33.4928,31.7205,29.9325,28.1385,25.64,22.8432,17.9771,10.8193,6.57979,4.48078,2.2972,-1.0,-1.0,-1.0,-1.0,-1.0
51.486,0.1625,0.9999999999999998,6.710013041106953e-46,4,167.548,-0.462378,-18.4938,154.576,152.257,153.528,153.528,-0.72046,2586.07,0.0697238,12923.2,8.0,14.9333,105.366,77.9358,54.2166,45.537,41.1099,38.5862,36.296,34.6234,32.9225,31.2046,29.4741,27.0529,24.3237,19.4914,12.0329,6.79603,4.49393,2.23559,-1.0,-1.0,-1.0,-1.0,-1.0
51.506,0.1625,0.9999999999999998,4.3615084767195195e-46,4,168.196,-1.43717,-18.4237,155.397,152.589,154.452,154.452,-0.730695,2587.04,0.0488154,13001.0,8.0,14.7313,41.5136,79.8432,55.3588,46.3179,42.1391,39.7473,37.574,35.9781,34.3562,32.7084,31.0466,28.7058,26.0454,21.252,13.4836,7.19435,4.5739,2.19471,-1.0,-1.0,-1.0,-1.0,-1.0
51.526,0.1625,0.9999999999999998,2.834980509867688e-46,4,168.872,-2.35213,-18.2951,156.043,153.031,154.788,154.788,-0.738544,2588.01,0.0272514,13026.9,8.0,14.5232,37.5327,81.7226,56.7784,47.1029,43.1417,40.8818,38.8212,37.3081,35.7628,34.1908,32.5988,30.3464,27.7649,23.0417,15.0353,7.81838,4.72125,2.17455,-1.0,-1.0,-1.0,-1.0,-1.0
51.546,0.1625,0.9999999999999998,1.842737331413997e-46,4,169.519,-3.05475,-18.144,156.556,153.585,155.335,155.335,-0.743801,2588.99,0.00614804,13074.3,8.0,14.3226,35.4508,83.3172,58.2659,47.8782,43.9381,41.8055,39.855,38.4185,36.9481,35.4512,33.9274,31.7678,29.2768,24.6596,16.5411,8.68102,4.93873,2.1757,-1.0,-1.0,-1.0,-1.0,-1.0
51.566,0.1625,0.9999999999999998,1.1977792654190982e-46,4,170.143,-3.56116,-17.9908,157.022,154.178,156.075,156.075,-0.746344,2589.97,-0.0143026,13137.1,8.0,14.1308,33.9487,84.6303,59.7759,48.6352,44.53,42.5106,40.6623,39.2983,37.9023,36.4732,35.0214,32.951,30.5558,26.0703,17.9496,9.58114,5.24161,2.20013,-1.0,-1.0,-1.0,-1.0,-1.0
51.586,0.1625,0.9999999999999998,7.785565225224138e-47,4,170.743,-3.97179,-17.7862,157.588,154.744,156.918,156.918,-0.746047,2590.95,-0.0350211,13208.3,8.0,13.9346,32.6,85.9059,61.5635,49.5367,45.1697,43.1501,41.4038,40.1125,38.7852,37.4304,36.0449,34.0698,31.7708,27.4332,19.3664,10.5433,5.67481,2.25269,-1.0,-1.0,-1.0,-1.0,-1.0
51.606,0.1625,0.9999999999999998,5.060617396395689e-47,4,171.334,-4.45197,-17.6259,158.148,155.228,157.8,157.8,-0.742844,2591.94,-0.0561879,13282.4,8.0,13.7319,31.329,87.191,63.7474,50.6447,45.9663,43.8195,42.1008,40.8812,39.6291,38.3414,37.0282,35.1457,32.9502,28.7692,20.8054,11.5774,6.21921,2.33659,-1.0,-1.0,-1.0,-1.0,-1.0
51.626,0.1625,0.9999999999999998,3.2894013076571983e-47,4,171.931,-4.95164,-17.4866,158.67,155.707,158.542,158.542,-0.736696,2592.93,-0.0775374,13339.3,8.0,13.5264,30.1596,88.4302,66.3219,51.9417,46.9011,44.6046,42.7789,41.5673,40.3821,39.1686,37.9227,36.1358,34.041,30.0273,22.2181,12.6612,6.80265,2.45419,-1.0,-1.0,-1.0,-1.0,-1.0
51.646,0.1625,0.9999999999999998,2.138110849977179e-47,4,172.585,-5.20969,-17.2476,159.128,156.283,158.375,158.375,-0.727496,2593.93,-0.0980848,13328.3,8.0,13.3284,29.195,89.4304,68.5144,53.2373,47.8162,45.3649,43.424,42.1401,40.9329,39.775,38.5969,36.8997,34.9063,31.0633,23.457,13.7096,7.39817,2.60629,-1.0,-1.0,-1.0,-1.0,-1.0
51.666,0.1625,0.9999999999999998,1.3897720524851666e-47,4,173.202,-5.23518,-17.0369,159.517,156.937,158.794,158.794,-0.715173,2594.92,-0.117221,13364.8,8.0,13.1435,28.4616,90.0929,70.0197,54.3663,48.5806,45.9833,43.935,42.5839,41.3166,40.1253,38.9912,37.3792,35.4772,31.8,24.436,14.6484,7.97771,2.79143,-1.0,-1.0,-1.0,-1.0,-1.0
51.686,0.1625,0.9999999999999998,9.033518341153584e-48,4,173.813,-5.16204,-16.9183,159.9,157.557,159.44,159.44,-0.699788,2595.92,-0.135169,13420.1,8.0,12.969,27.896,90.4845,71.0485,55.3379,49.2048,46.4706,44.3226,42.91,41.5876,40.3472,39.1816,37.6289,35.8178,32.2994,25.1935,15.4772,8.53619,2.9863,-1.0,-1.0,-1.0,-1.0,-1.0
51.706,0.1625,0.9999999999999998,5.871786921749829e-48,4,174.428,-5.03449,-16.9088,160.288,158.161,160.194,160.194,-0.681465,2596.91,-0.149863,13483.6,8.0,12.8046,27.4778,90.6279,71.6864,56.1202,49.6671,46.8092,44.5723,43.1049,41.734,40.4506,39.2467,37.6815,35.9476,32.5795,25.7394,16.1811,9.061,3.18282,-1.0,-1.0,-1.0,-1.0,-1.0
51.726,0.1625,0.9999999999999998,3.816661499137389e-48,4,175.053,-4.86263,-16.9616,160.721,158.77,160.901,160.901,-0.661812,2597.85,-0.1507,13542.5,8.0,12.6473,27.1646,90.599,72.0641,56.7733,50.0174,47.0446,44.7255,43.2083,41.7937,40.4717,39.2336,37.6269,35.931,32.7058,26.1307,16.7843,9.55544,3.38048,-1.0,-1.0,-1.0,-1.0,-1.0
51.746,0.1625,0.9999999999999998,2.480829974439303e-48,4,175.634,-4.73362,-17.1182,161.228,159.372,162.233,162.233,-0.641823,2598.79,-0.151245,13658.7,8.0,12.4916,26.8973,90.5043,72.3346,57.4354,50.3638,47.2723,44.8699,43.3017,41.8426,40.4816,39.2092,37.5613,35.8461,32.7566,26.4392,17.326,10.0315,3.57945,-1.0,-1.0,-1.0,-1.0,-1.0
51.766,0.1625,0.9999999999999998,1.612539483385547e-48,4,176.216,-4.81087,-17.2957,161.871,159.905,163.448,163.448,-0.621564,2599.73,-0.15291,13758.1,8.0,12.3239,26.5161,90.6043,72.8348,58.5645,51.0521,47.7953,45.2754,43.636,42.1143,40.6981,39.3771,37.6699,35.8979,32.8924,26.8269,17.9268,10.5412,3.78554,-1.0,-1.0,-1.0,-1.0,-1.0
51.786,0.1625,0.9999999999999998,1.0481506642006057e-48,4,176.822,-5.07915,-17.4517,162.558,160.376,164.211,164.211,-0.601074,2600.68,-0.155452,13820.9,8.0,12.1446,26.0178,90.9029,73.5588,60.1207,52.159,48.6749,45.994,44.257,42.6494,41.1575,39.7693,37.9811,36.1307,33.1082,27.2937,18.5859,11.0894,3.99981,-1.0,-1.0,-1.0,-1.0,-1.0
51.806,0.1625,0.9999999999999998,6.812979317303937e-49,4,177.446,-5.42662,-17.5633,163.213,160.844,164.606,164.606,-0.580332,2601.63,-0.158566,13851.1,8.0,11.9583,25.462,91.3075,74.3841,61.6696,53.638,49.8639,46.9791,45.1188,43.4032,41.8166,40.3447,38.4547,36.5069,33.3566,27.7715,19.2646,11.659,4.22053,-1.0,-1.0,-1.0,-1.0,-1.0
51.826,0.1625,0.9999999999999998,4.428436556247559e-49,4,178.079,-5.68253,-17.5738,163.849,161.374,164.706,164.706,-0.559247,2602.59,-0.161858,13861.2,8.0,11.77,24.91,91.7191,75.1894,63.076,55.4057,51.2837,48.1567,46.1509,44.3085,42.6109,41.0416,39.0339,36.9736,33.6604,28.2042,19.9132,12.2294,4.44586,-1.0,-1.0,-1.0,-1.0,-1.0
51.846,0.1625,0.9999999999999998,2.8784837615609137e-49,4,178.687,-5.90138,-17.581,164.418,161.914,165.113,165.113,-0.537753,2603.55,-0.164961,13896.3,8.0,11.5818,24.3848,92.0998,75.9329,64.3223,57.2677,52.9165,49.5068,47.3327,45.3448,43.5203,41.84,39.6992,37.5126,34.0176,28.5681,20.5146,12.7875,4.67513,-1.0,-1.0,-1.0,-1.0,-1.0
51.866,0.1625,0.9999999999999998,1.871014445014594e-49,4,179.289,-6.06881,-17.6065,164.927,162.459,165.635,165.635,-0.515896,2604.51,-0.167312,13940.5,8.0,11.3966,23.9155,92.3986,76.5591,65.368,58.7729,54.6903,50.9723,48.6099,46.4603,44.4959,42.6941,40.4084,38.0852,34.3957,28.8331,21.039,13.318,4.90531,-1.0,-1.0,-1.0,-1.0,-1.0
51.886,0.1625,0.9999999999999998,1.216159389259486e-49,4,179.911,-6.09874,-17.585,165.424,163.035,165.855,165.855,-0.493698,2605.48,-0.169095,13957.9,8.0,11.2162,23.5197,92.5848,77.0369,66.1972,59.9486,56.193,52.5007,49.9336,47.6092,45.4951,43.5638,41.125,38.6587,34.768,28.9934,21.4706,13.8043,5.13455,-1.0,-1.0,-1.0,-1.0,-1.0
51.906,0.1625,0.9999999999999998,7.905036030186658e-50,4,180.516,-6.03269,-17.5616,165.928,163.636,166.301,166.301,-0.471105,2606.45,-0.170399,13996.6,8.0,11.0391,23.1861,92.6777,77.3944,66.8578,60.8854,57.3672,53.9839,51.3275,48.8126,46.5362,44.4659,41.8638,39.2462,35.1449,29.1203,21.8212,14.2507,5.36306,-1.0,-1.0,-1.0,-1.0,-1.0
51.926,0.1625,0.9999999999999998,5.138273419621328e-50,4,181.109,-5.96239,-17.5903,166.425,164.216,166.973,166.973,-0.448205,2607.42,-0.170756,14054.0,8.0,10.8651,22.907,92.6967,77.6568,67.3879,61.6455,58.3118,55.163,52.7234,50.098,47.6435,45.4216,42.6428,39.8631,35.5383,29.2534,22.0952,14.6559,5.58947,-1.0,-1.0,-1.0,-1.0,-1.0
51.946,0.1625,0.9999999999999998,3.339877722753863e-50,4,181.719,-5.89018,-17.6319,166.935,164.777,167.451,167.451,-0.425137,2608.4,-0.170805,14091.8,8.0,10.6938,22.677,92.6668,77.8549,67.8282,62.2837,59.1015,56.1337,53.8718,51.4458,48.8593,46.4684,43.4942,40.5363,35.9693,29.4058,22.3086,15.0237,5.8137,-1.0,-1.0,-1.0,-1.0,-1.0
51.966,0.1625,0.9999999999999998,2.170920519790011e-50,4,182.327,-5.75505,-17.6437,167.483,165.373,167.902,167.902,-0.401868,2609.38,-0.170647,14131.7,8.0,10.5246,22.5033,92.5946,77.9979,68.1931,62.8229,59.7686,56.9472,54.8215,52.575,50.1657,47.6267,44.4341,41.2791,36.4467,29.5833,22.4638,15.3559,6.0354,-1.0,-1.0,-1.0,-1.0,-1.0
51.986,0.1625,0.9999999999999998,1.411098337863507e-50,4,182.916,-5.69095,-17.7148,168.031,165.934,168.658,168.658,-0.378454,2610.36,-0.170074,14195.9,8.0,10.356,22.3715,92.5162,78.1274,68.531,63.3189,60.3768,57.6802,55.6658,53.5591,51.334,48.95,45.5302,42.1479,37.0126,29.8117,22.5742,15.6578,6.25456,-1.0,-1.0,-1.0,-1.0,-1.0
52.006,0.1625,0.9999999999999998,9.172139196112796e-51,4,183.512,-5.69923,-17.8178,168.581,166.463,169.34,169.34,-0.355073,2611.35,-0.169283,14251.0,8.0,10.1887,22.2728,92.4468,78.2608,68.8623,63.7957,60.9544,58.3663,56.4464,54.4537,52.3719,50.1759,46.8351,43.1845,37.6956,30.1067,22.6499,15.9341,6.4712,-1.0,-1.0,-1.0,-1.0,-1.0
52.026,0.1625,0.9999999999999998,5.961890477473318e-51,4,184.133,-5.64724,-17.8513,169.158,167.027,169.585,169.585,-0.331716,2612.34,-0.168446,14272.6,8.0,10.0241,22.1599,92.3621,78.3712,69.1585,64.225,61.4736,58.9803,57.1409,55.2431,53.2755,51.2227,48.1586,44.3773,38.4831,30.4576,22.7092,16.1754,6.68311,-1.0,-1.0,-1.0,-1.0,-1.0
52.046,0.1625,0.9999999999999998,3.875228810357657e-51,4,184.725,-5.63494,-17.918,169.726,167.582,170.218,170.218,-0.308381,2613.34,-0.167422,14326.9,8.0,9.86119,22.0066,92.2792,78.4781,69.4421,64.632,61.9624,59.5537,57.7845,55.968,54.096,52.1581,49.3052,45.764,39.4134,30.8852,22.8062,16.3843,6.89007,-1.0,-1.0,-1.0,-1.0,-1.0
52.066,0.1625,0.9999999999999998,2.518898726732477e-51,4,185.311,-5.68992,-18.0299,170.277,168.108,170.979,170.979,-0.285207,2614.34,-0.165798,14390.7,8.0,9.70088,21.8171,92.1996,78.583,69.7155,65.0205,62.4257,60.0932,58.3863,56.6405,54.8501,53.0076,50.3217,47.0511,40.5115,31.4,22.9455,16.5632,7.09201,-1.0,-1.0,-1.0,-1.0,-1.0
52.086,0.1625,0.9999999999999998,1.6372841723761103e-51,4,185.932,-5.69018,-18.0697,170.842,168.656,171.175,171.175,-0.262266,2615.35,-0.164131,14405.7,8.0,9.54531,21.6063,45.877,78.6674,69.9594,65.3711,62.8446,60.5807,58.9293,57.2453,55.525,53.763,51.213,48.149,41.778,31.9968,23.1223,16.7023,7.28587,-1.0,-1.0,-1.0,-1.0,-1.0
52.106,0.1625,0.9999999999999998,1.0642347120444717e-51,4,186.528,-5.67721,-18.1036,171.414,169.22,171.672,171.672,-0.239485,2616.36,-0.162459,14448.9,8.0,9.39343,21.3677,43.0407,78.7445,70.1887,65.7004,63.2372,61.036,59.4345,57.806,56.1472,54.4548,52.0195,49.1214,43.202,32.6996,23.3476,16.8053,7.472,-1.0,-1.0,-1.0,-1.0,-1.0
52.126,0.1625,0.9999999999999998,6.917525628289067e-52,4,187.109,-5.72318,-18.1888,171.959,169.751,172.399,172.399,-0.217017,2617.37,-0.159675,14510.7,8.0,9.24604,21.1071,40.8965,78.8104,70.3997,66.0054,63.6008,61.4572,59.9012,58.3223,56.7185,55.0869,52.75,49.9896,44.4586,33.5186,23.6234,16.8736,7.64979,-1.0,-1.0,-1.0,-1.0,-1.0
52.146,0.1625,0.9999999999999998,4.496391658387894e-52,4,187.721,-5.74268,-18.2308,172.507,170.284,172.676,172.676,-0.194998,2618.39,-0.156827,14531.3,8.0,9.10576,20.8324,39.065,78.855,70.5825,66.2764,63.926,61.8355,60.3207,58.7869,57.232,55.6543,53.4028,50.7589,45.5339,34.4585,23.9489,16.9406,7.81585,-1.0,-1.0,-1.0,-1.0,-1.0
52.166,0.1625,0.9999999999999998,2.9226545779521312e-52,4,188.316,-5.69635,-18.2209,173.083,170.863,173.069,173.069,-0.173358,2619.41,-0.153982,14566.1,8.0,8.972,20.5376,37.3816,78.8899,70.7501,66.5275,64.228,62.1864,60.71,59.2171,57.7067,56.1776,54.0018,51.4585,46.4852,35.5529,24.3368,17.0383,7.97073,-1.0,-1.0,-1.0,-1.0,-1.0
52.186,0.1625,0.9999999999999998,1.8997254756688854e-52,4,188.893,-5.71785,-18.2667,173.629,171.396,173.76,173.76,-0.152218,2620.44,-0.149929,14625.3,8.0,8.84507,20.2238,35.817,78.9183,70.9059,66.7622,64.5108,62.515,61.074,59.6189,58.1492,56.6639,54.5562,52.1017,47.341,36.8296,24.7953,17.1697,8.1143,-1.0,-1.0,-1.0,-1.0,-1.0
52.206,0.1625,0.9999999999999998,1.2348215591847755e-52,4,189.494,-5.7539,-18.3037,174.164,171.911,174.14,174.14,-0.131771,2621.47,-0.145592,14653.4,8.0,8.72771,19.8969,34.3655,78.9313,71.0411,66.9725,64.7661,62.8132,61.4049,59.985,58.5527,57.1074,55.0606,52.6851,48.1074,38.2234,25.3267,17.3346,8.24281,-1.0,-1.0,-1.0,-1.0,-1.0
52.226,0.1625,0.9999999999999998,8.026340134701041e-53,4,190.089,-5.67314,-18.24,174.745,172.498,174.414,174.414,-0.111958,2622.51,-0.141221,14679.1,8.0,8.62099,19.5554,33.0044,78.9323,71.1595,67.1623,64.9984,63.0859,61.7083,60.3208,58.9231,57.5147,55.5237,53.2192,48.8018,39.4432,25.9428,17.5375,8.35634,-1.0,-1.0,-1.0,-1.0,-1.0
52.246,0.1625,0.9999999999999998,5.217121087555677e-53,4,190.66,-5.67216,-18.2365,175.294,173.03,175.07,175.07,-0.0928841,2623.55,-0.135586,14735.5,8.0,8.52471,19.1953,31.7057,78.9337,71.2747,67.3459,65.2225,63.3479,61.9993,60.6423,59.2767,57.9024,55.9628,53.7227,49.4481,40.5217,26.6635,17.7855,8.45562,-1.0,-1.0,-1.0,-1.0,-1.0
52.266,0.1625,0.9999999999999998,3.39112870691119e-53,4,191.247,-5.71993,-18.2527,175.82,173.535,175.558,175.558,-0.0748507,2624.6,-0.129329,14771.6,8.0,8.44253,18.8228,30.4736,78.9262,71.3767,67.5133,65.4283,63.5896,62.2683,60.9399,59.6043,58.2616,56.3693,54.1882,50.0417,41.4796,27.4943,18.0787,8.53592,6.54655,6.52673,6.50922,6.494,6.48103
52.286,0.04250000000000001,0.9999999999999998,2.2042336594922734e-53,4,191.843,-5.61112,-18.1269,176.403,174.12,175.7,175.7,-0.0578117,2625.66,-0.123001,14787.1,8.0,8.37801,18.4402,29.3046,78.9033,71.4595,67.6585,65.6101,63.8056,62.5097,61.2082,59.9009,58.5877,56.7393,54.6125,50.5819,42.3342,28.4462,18.4201,8.59667,-1.0,-1.0,-1.0,-1.0,-1.0
52.306,0.0,0.9999999999999998,1.4327518786699779e-53,4,192.429,-5.67257,-18.0639,177.257,175.175,176.271,176.271,-0.0419439,2626.72,-0.114013,14835.9,8.0,8.34155,18.105,28.3327,78.7179,71.372,67.629,65.6144,63.8415,62.5694,61.2925,60.011,58.7249,56.9166,54.8391,50.9126,42.9371,29.3859,18.7543,8.62913,-1.0,-1.0,-1.0,-1.0,-1.0
52.326,0.0,0.9999999999999998,9.312887211354857e-54,4,193.081,-5.43034,-18.0463,177.602,176.256,176.621,176.621,-0.0279776,2627.78,-0.100418,14859.0,8.0,8.34056,17.9373,27.8297,78.0473,70.785,67.0925,65.1077,63.3627,62.1115,60.8567,59.5982,58.3363,56.5637,54.5301,50.6965,42.9592,29.9397,18.9371,8.63176,-1.0,-1.0,-1.0,-1.0,-1.0
52.346,0.0,0.9999999999999998,6.053376687380657e-54,4,193.786,-4.55423,-17.8539,177.911,177.343,176.409,176.409,-0.0160872,2628.85,-0.0836213,14845.9,8.0,8.35532,17.9095,27.7016,76.9484,69.76,66.1137,64.1564,62.4373,61.2057,59.9714,58.7345,57.4953,55.7563,53.7642,50.018,42.5034,30.08,18.9717,8.6175,-1.0,-1.0,-1.0,-1.0,-1.0
52.366,0.0,0.9999999999999998,3.934694846797427e-54,4,194.454,-3.5612,-17.7294,178.33,178.189,176.874,176.874,-0.00650978,2629.93,-0.0630792,14886.7,8.0,8.37468,17.9469,27.7535,75.6252,68.5086,64.9076,62.9774,61.2839,60.0718,58.8578,57.6424,56.4257,54.7202,52.7693,49.1099,41.814,29.9541,18.9332,8.59791,-1.0,-1.0,-1.0,-1.0,-1.0
52.386,0.0,0.7499999999999998,2.5575516504183277e-54,4,195.126,-2.66895,-17.6643,178.84,178.891,177.373,177.373,-2.86102e-05,2631.01,-0.0399602,14922.2,8.0,8.39286,18.0055,27.8865,74.2078,67.1643,63.6095,61.707,60.0396,58.8472,57.6541,56.4605,55.2667,53.5952,51.686,48.114,41.0361,29.7103,18.8704,8.57929,-1.0,-1.0,-1.0,-1.0,-1.0
52.406,0.0,0.5624999999999998,1.662408572771913e-54,4,195.643,-1.81455,-17.0675,179.551,179.609,175.666,175.666,0.00308418,2632.09,-0.0169109,14783.0,8.0,8.40388,18.0435,28.0811,72.8138,65.8466,62.3398,60.466,58.8254,57.6534,56.4816,55.3102,54.1397,52.5029,50.636,47.152,40.2895,29.466,18.8298,8.56801,-1.0,-1.0,-1.0,-1.0,-1.0
52.426,0.0,0.42187499999999983,1.0805655723017435e-54,4,195.897,-1.268,-16.3808,179.912,179.866,174.824,174.824,0.00327897,2633.18,-0.00626213,14712.2,8.0,8.40499,18.0412,28.3084,71.4967,64.6093,61.1518,59.3074,57.6942,56.5429,55.3927,54.2439,53.097,51.4949,49.6703,46.2739,39.6215,29.2638,18.8326,8.56692,-1.0,-1.0,-1.0,-1.0,-1.0
52.446,0.0,0.3164062499999999,7.023676219961332e-55,4,196.0,-0.911844,-15.7352,180.034,179.986,173.974,173.974,0.00344825,2634.27,-0.00646335,14632.8,8.0,8.40189,18.0278,28.684,70.1883,63.3825,59.9753,58.1605,56.5751,55.4447,54.3161,53.1901,52.0669,50.4996,48.7173,45.4075,38.9603,29.0392,18.8471,8.57011,-1.0,-1.0,-1.0,-1.0,-1.0
52.466,0.0,0.23730468749999992,4.5653895429748656e-55,4,195.964,-0.556186,-14.6713,180.002,180.063,173.308,173.308,0.00394416,2635.36,-0.00622827,14583.5,8.0,8.39966,18.0308,29.4148,68.8243,62.1016,58.7456,56.961,55.4037,54.2943,53.1879,52.0848,50.9854,49.4532,47.7133,44.4903,38.2457,28.7421,18.8432,8.57231,-1.0,-1.0,-1.0,-1.0,-1.0
52.486,0.0,0.17797851562499994,2.967503202933663e-55,4,195.827,-0.305641,-13.729,179.897,179.99,172.918,172.961,0.00468119,2636.45,-0.0058325,14552.4,8.0,8.39673,18.0378,30.7688,67.4415,60.8037,57.4997,55.7458,54.217,53.129,52.0448,50.9648,49.8895,48.3924,46.695,43.5583,37.5129,28.4068,18.835,8.57516,-1.0,-1.0,-1.0,-1.0,-1.0
52.506,0.0,0.13348388671874994,1.928877081906881e-55,4,195.63,-0.160873,-13.1692,179.75,179.829,172.561,172.6,0.00551009,2637.53,-0.00552208,14522.0,8.0,8.39231,18.0388,76.996,66.0706,59.5193,56.2681,54.5449,53.0449,51.9784,50.9165,49.8597,48.8083,47.3464,45.6912,42.6397,36.7881,28.0573,18.8332,8.57955,-1.0,-1.0,-1.0,-1.0,-1.0
52.526,0.0,0.10011291503906246,1.2537701032394729e-55,4,195.39,-0.0837415,-12.8182,179.553,179.603,172.103,172.21,0.00638739,2638.62,-0.00536138,14486.0,8.0,8.38624,18.0311,75.5453,64.7189,58.2556,55.0575,53.3655,51.8941,50.8491,49.8095,48.7758,47.7483,46.3211,44.7077,41.7399,36.0765,27.6994,18.8407,8.58564,-1.0,-1.0,-1.0,-1.0,-1.0
52.546,0.0,0.07508468627929685,8.149505671056574e-56,4,195.119,-0.0443582,-12.7073,179.328,179.365,171.607,171.811,0.00729052,2639.71,-0.00527889,14448.1,8.0,8.3793,18.019,74.1021,63.3772,57.0029,53.8585,52.1976,50.7552,49.7317,48.7143,47.7036,46.6999,45.3072,43.735,40.8497,35.369,27.3272,18.853,8.59262,-1.0,-1.0,-1.0,-1.0,-1.0
52.566,0.0,0.056313514709472635,5.297178686186773e-56,4,194.811,-0.0167108,-12.5322,179.069,179.11,171.29,171.493,0.00821042,2640.79,-0.00520927,14421.8,8.0,8.37212,18.0065,72.6584,62.0371,55.7533,52.6629,51.0335,49.6199,48.6179,47.6229,46.635,45.655,44.2966,42.7653,39.9613,34.6587,26.9362,18.8452,8.59987,-1.0,-1.0,-1.0,-1.0,-1.0
52.586,0.12,0.04223513603210448,3.443166146021403e-56,4,194.488,0.0120311,-12.2534,178.778,178.83,170.868,171.126,0.00914001,2641.87,-0.00510723,14387.9,8.0,8.36511,18.0316,71.2086,60.6935,54.5013,51.4655,49.8678,48.4833,47.503,46.5301,45.5652,44.6088,43.2846,41.7938,39.07,33.9414,26.5246,18.7934,8.6069,-1.0,-1.0,-1.0,-1.0,-1.0
52.606,0.1625,0.031676352024078355,2.238057994913912e-56,4,194.137,0.230557,-12.1589,178.691,178.213,170.964,170.146,0.0103468,2642.95,-0.00779134,14350.7,8.0,8.33282,17.9523,70.0939,59.6818,53.5748,50.5886,49.0192,47.6607,46.6995,45.7463,44.8016,43.8658,42.5714,41.1156,38.4604,33.477,26.3049,18.8451,8.64066,-1.0,-1.0,-1.0,-1.0,-1.0
52.626,0.1625,0.023757264018058766,1.4547376966940429e-56,4,193.758,-0.249518,-12.1658,178.896,177.275,171.257,168.996,0.0123607,2644.03,-0.0160845,14314.5,8.0,8.24879,17.5844,69.6477,59.3256,53.286,50.3371,48.7886,47.449,46.5015,45.5623,44.6317,43.7102,42.4362,41.0042,38.3941,33.5018,26.4685,19.1359,8.73174,-1.0,-1.0,-1.0,-1.0,-1.0
52.646,0.1625,0.017817948013544076,9.455795028511279e-57,4,193.361,-1.30632,-12.1974,179.049,176.406,171.287,168.081,0.0154713,2645.1,-0.0284956,14277.2,8.0,8.12578,17.0141,69.6815,59.4356,53.4476,50.5261,48.9922,47.6656,46.7275,45.7976,44.8764,43.9643,42.7033,41.2862,38.7035,33.8621,26.8926,19.5895,8.87297,-1.0,-1.0,-1.0,-1.0,-1.0
52.666,0.1625,0.013363461010158057,6.146266768532332e-57,4,192.943,-2.5961,-12.2622,178.942,175.723,171.105,167.359,0.019858,2646.17,-0.0431088,14239.1,8.0,7.98028,16.3648,69.9626,59.7828,53.8364,50.9357,49.4129,48.0957,47.1643,46.2412,45.3267,44.421,43.1688,41.7616,39.1962,34.3838,27.4393,20.1175,9.05231,-1.0,-1.0,-1.0,-1.0,-1.0
52.686,0.1625,0.010022595757618543,3.995073399546016e-57,4,192.495,-3.80929,-12.2556,178.629,175.17,170.822,166.876,0.0257442,2647.24,-0.0585082,14207.0,8.0,7.82279,15.7169,70.323,60.2036,54.2936,51.4106,49.8971,48.5879,47.6621,46.7443,45.8351,44.9348,43.6898,42.2902,39.738,34.9458,28.0125,20.6574,9.26112,-1.0,-1.0,-1.0,-1.0,-1.0
52.706,0.1625,0.007516946818213907,0.35,4,192.035,-4.79048,-12.2434,178.147,174.73,170.334,166.43,0.0333227,2648.31,-0.0734647,14167.4,8.0,7.6609,15.1244,70.6208,60.5595,54.6851,51.8196,50.3153,49.0143,48.094,47.1818,46.2779,45.3829,44.1452,42.7536,40.2153,35.4455,28.5292,21.153,9.4902,-1.0,-1.0,-1.0,-1.0,-1.0
52.726,0.1625,0.005637710113660431,0.5774999999999999,4,191.121,-5.67146,-12.292,170.088,166.021,167.041,163.293,0.0426308,2649.38,-0.087808,13891.7,8.0,7.49514,14.5868,70.8392,60.8346,54.9957,52.1483,50.6533,49.3604,48.446,47.5395,46.6413,45.7518,44.5217,43.1387,40.6155,35.8717,28.9806,21.5977,9.73856,-1.0,-1.0,-1.0,-1.0,-1.0
52.746,0.1625,0.0042282825852453226,0.7253749999999999,4,189.602,-6.52243,-12.4091,160.439,155.353,163.402,159.876,0.0534894,2650.43,-0.100983,13591.5,8.0,7.32982,14.1215,70.92,60.9718,55.1699,52.3415,50.8568,49.5728,48.6647,47.7647,46.8729,45.9897,44.7685,43.3953,40.8902,36.1793,29.3286,21.9633,9.99478,-1.0,-1.0,-1.0,-1.0,-1.0
52.766,0.1625,0.003171211938933992,0.8214937499999999,4,187.696,-7.20732,-12.5449,149.551,143.718,159.614,156.243,0.0656269,2651.48,-0.112152,13277.2,8.0,7.17092,13.7562,26.8937,60.8817,55.1208,52.3142,50.8417,49.5683,48.6679,47.7756,46.8916,46.0164,44.8061,43.4457,40.9643,36.2994,29.5152,22.2072,10.2189,-1.0,-1.0,-1.0,-1.0,-1.0
52.786,0.1625,0.002378408954200494,0.5339709374999999,4,185.494,-7.63756,-12.6294,138.697,132.229,155.874,152.494,0.0788268,2652.51,-0.121234,12961.1,8.0,7.01907,13.4888,26.4236,60.561,54.8456,52.0641,50.6055,49.3446,48.4533,47.5702,46.6956,45.8298,44.633,43.288,40.8361,36.2306,29.539,22.3266,10.402,-1.0,-1.0,-1.0,-1.0,-1.0
52.806,0.1625,0.0017838067156503705,0.3470811093749999,4,183.25,-7.85942,-12.7441,139.799,132.86,154.89,152.461,0.0928979,2653.53,-0.128885,12927.1,8.0,6.87103,13.294,69.8522,60.0873,54.4202,51.6656,50.2221,48.9749,48.0937,47.2206,46.3562,45.5009,44.3189,42.9912,40.5723,36.0342,29.4505,22.3572,10.5513,-1.0,-1.0,-1.0,-1.0,-1.0
52.826,0.1625,0.001337855036737778,0.22560272109374996,4,181.129,-7.79751,-12.7791,147.269,140.06,155.527,153.429,0.107906,2654.54,-0.13617,12998.7,8.0,6.72912,13.1299,69.2838,59.5811,53.9618,51.234,49.8055,48.5719,47.7005,46.8376,45.9834,45.1384,43.9712,42.6607,40.2747,35.8039,29.3282,22.3556,10.6818,-1.0,-1.0,-1.0,-1.0,-1.0
52.846,0.1625,0.0010033912775533334,0.14664176871093748,4,179.355,-7.47645,-12.7412,155.289,149.047,156.015,153.8,0.124115,2655.54,-0.144029,13033.2,8.0,6.59168,12.9564,68.7905,59.1462,53.5713,50.8682,49.4535,48.2322,47.3699,46.5161,45.6713,44.8357,43.6818,42.3869,40.0306,35.6199,29.2396,22.3715,10.8082,-1.0,-1.0,-1.0,-1.0,-1.0
52.866,0.1625,0.000752543458165,0.09531714966210936,4,178.086,-7.2503,-12.7185,159.425,155.126,156.05,153.392,0.141841,2656.52,-0.153866,13016.8,8.0,6.44878,12.7158,68.5272,58.9324,53.393,50.7092,49.3051,48.0932,47.2378,46.391,45.5532,44.7246,43.5806,42.2971,39.9623,35.594,29.2776,22.4733,10.9512,-1.0,-1.0,-1.0,-1.0,-1.0
52.886,0.1625,0.00056440759362375,0.061956147280371084,4,177.194,-7.27405,-12.7452,160.889,157.392,155.948,152.852,0.161233,2657.5,-0.165337,12990.3,8.0,6.30132,12.4215,68.4503,58.8973,53.3858,50.7167,49.3205,48.1157,47.2653,46.4235,45.5907,44.7672,43.6304,42.3548,40.0349,35.6945,29.4169,22.6442,11.1083,-1.0,-1.0,-1.0,-1.0,-1.0
52.906,0.1625,0.00042330569521781253,0.0402714957322412,4,176.487,-7.40884,-12.7889,161.394,158.147,155.715,152.404,0.181463,2658.49,-0.16524,12962.0,8.0,6.15401,12.1112,23.8662,58.9333,53.4462,50.7897,49.4002,48.2013,47.3549,46.5174,45.6888,44.8695,43.7384,42.4693,40.1612,35.8426,29.593,22.8387,11.2686,-1.0,-1.0,-1.0,-1.0,-1.0
52.926,0.1625,0.0003174792714133594,0.02617647222595678,4,175.893,-7.621,-12.9172,161.512,158.395,155.279,151.93,0.201209,2659.48,-0.163746,12923.0,8.0,6.0098,11.8068,22.1464,58.9762,53.5123,50.8675,49.4845,48.2911,47.4488,46.6152,45.7905,44.975,43.8494,42.5865,40.2893,35.9911,29.7674,23.0297,11.425,-1.0,-1.0,-1.0,-1.0,-1.0
52.946,0.1625,0.00023810945356001956,0.017014706946871908,4,175.352,-7.93723,-13.0873,161.483,158.401,154.954,151.455,0.220392,2660.47,-0.162628,12890.6,8.0,5.8679,11.5006,20.8407,59.0548,53.6116,50.9774,49.5999,48.4115,47.5726,46.7424,45.9211,45.109,43.9879,42.7302,40.4425,36.1609,29.9572,23.2293,11.5806,-1.0,-1.0,-1.0,-1.0,-1.0
52.966,0.1625,0.00017858209017001468,0.01105955951546674,4,174.844,-8.15036,-13.2047,161.296,158.301,154.599,151.162,0.239066,2661.45,-0.161289,12863.3,8.0,5.73074,11.2115,19.8465,59.1062,53.684,51.0605,49.6886,48.5051,47.6698,46.8431,46.0253,45.2166,44.1004,42.848,40.5702,36.3064,30.125,23.4108,11.7284,-1.0,-1.0,-1.0,-1.0,-1.0
52.986,0.1625,0.000133936567627511,0.007188713685053381,4,174.367,-8.21979,-13.2897,160.996,158.149,154.195,150.91,0.25729,2662.44,-0.159353,12835.8,8.0,5.59945,10.9488,19.1018,59.0919,53.6923,51.0805,49.7151,48.5371,47.7058,46.8832,46.0694,45.2647,44.154,42.9079,40.6416,36.3995,30.2479,23.5579,11.8641,-1.0,-1.0,-1.0,-1.0,-1.0
53.006,0.1625,0.00010045242572063325,0.004672663895284698,4,173.913,-8.10724,-13.3365,160.621,157.974,153.761,150.696,0.275103,2663.42,-0.156613,12808.6,8.0,5.47456,10.7169,18.5669,58.9901,53.616,51.0178,49.6597,48.4882,47.6616,46.8436,46.0345,45.2346,44.1306,42.8921,40.6398,36.4251,30.3133,23.6613,11.9854,-1.0,-1.0,-1.0,-1.0,-1.0
53.026,0.1625,7.533931929047494e-05,0.0030372315319350538,4,173.476,-7.84086,-13.3397,160.209,157.749,153.337,150.462,0.292554,2664.41,-0.153297,12780.9,8.0,5.35469,10.5075,18.1645,58.8224,53.4761,50.8925,49.5425,48.3783,47.5568,46.744,45.9402,45.1457,44.0491,42.8192,40.5829,36.3996,30.335,23.731,12.0949,-1.0,-1.0,-1.0,-1.0,-1.0
53.046,0.1625,5.6504489467856206e-05,0.0019742004957577853,4,173.054,-7.52581,-13.3335,159.834,157.488,152.952,150.142,0.309673,2665.39,-0.149758,12751.1,8.0,5.23781,10.3077,17.8106,58.6312,53.3132,50.7447,49.403,48.2462,47.43,46.6226,45.8243,45.0351,43.9462,42.7251,40.5053,36.3546,30.3392,23.7864,12.1981,-1.0,-1.0,-1.0,-1.0,-1.0
53.066,0.1625,4.237836710089216e-05,0.0012832303222425605,4,172.637,-7.25846,-13.3251,159.503,157.158,152.619,149.777,0.326445,2666.37,-0.146469,12721.9,8.0,5.122,10.1042,17.4263,58.4654,53.1744,50.6201,49.2862,48.1364,47.3252,46.5228,45.7295,44.9455,43.8637,42.6508,40.4464,36.3257,30.3554,23.8487,12.301,-1.0,-1.0,-1.0,-1.0,-1.0
53.086,0.1625,3.178377532566912e-05,0.0008340997094576643,4,172.225,-7.05554,-13.3102,159.2,156.796,152.31,149.402,0.34288,2667.35,-0.143553,12693.1,8.0,5.00671,9.8937,16.9971,58.3373,53.0714,50.5301,49.2034,48.0597,47.2532,46.4554,45.6667,44.8872,43.8119,42.6063,40.4159,36.3218,30.3909,23.9235,12.4053,-1.0,-1.0,-1.0,-1.0,-1.0
53.106,0.1625,2.383783149425184e-05,0.0005421648111474818,4,171.818,-6.92497,-13.3196,158.87,156.426,151.98,149.038,0.358964,2668.33,-0.140818,12663.9,8.0,4.8929,9.68231,16.5584,58.2268,52.9846,50.4559,49.1359,47.9982,47.1959,46.4025,45.618,44.8429,43.7736,42.575,40.3973,36.3281,30.4336,24.0019,12.5085,-1.0,-1.0,-1.0,-1.0,-1.0
53.126,0.1625,1.7878373620688882e-05,0.00035240712724586315,4,171.417,-6.8041,-13.3311,158.512,156.062,151.631,148.698,0.374673,2669.31,-0.138111,12634.9,8.0,4.78152,9.47551,16.1384,58.1154,52.8967,50.3801,49.0666,47.9348,47.1367,46.3474,45.5672,44.7963,43.7331,42.5412,40.3761,36.3311,30.4723,24.0758,12.6081,-1.0,-1.0,-1.0,-1.0,-1.0
53.146,0.1625,1.3408780215516662e-05,0.00022906463270981104,4,171.019,-6.69116,-13.3427,158.173,155.722,151.292,148.368,0.390024,2670.29,-0.135464,12606.7,8.0,4.67244,9.27256,15.7323,58.0055,52.8095,50.3051,48.998,47.8718,47.0778,46.2926,45.5165,44.7498,43.6922,42.5069,40.354,36.3328,30.5086,24.1463,12.7047,-1.0,-1.0,-1.0,-1.0,-1.0
53.166,0.1625,1.0056585161637497e-05,0.0001488920112613772,4,170.628,-6.65613,-13.3951,157.841,155.354,150.952,147.947,0.404986,2671.27,-0.13307,12574.7,8.0,4.56501,9.06826,15.3132,57.9198,52.745,50.2515,48.9506,47.8296,47.0393,46.2578,45.4855,44.7225,43.6702,42.491,40.3492,36.3493,30.5559,24.2234,12.8009,-1.0,-1.0,-1.0,-1.0,-1.0
53.186,0.1625,7.542438871228123e-06,9.677980731989517e-05,4,170.233,-6.67017,-13.4338,157.523,154.964,150.65,147.572,0.419556,2672.24,-0.131049,12546.3,8.0,4.45892,8.86024,14.8715,57.8697,52.714,50.2304,48.9347,47.8184,47.0314,46.2533,45.4842,44.7245,43.6767,42.5027,40.3704,36.3886,30.6209,24.3119,12.8982,-1.0,-1.0,-1.0,-1.0,-1.0
53.206,0.1625,5.656829153421092e-06,6.290687475793186e-05,4,169.839,-6.70053,-13.4614,157.192,154.578,150.335,147.218,0.433755,2673.22,-0.129225,12518.1,8.0,4.35466,8.65289,14.431,57.8373,52.6994,50.2249,48.9342,47.8221,47.0382,46.2631,45.4971,44.7402,43.6966,42.5273,40.4039,36.4383,30.6932,24.4045,12.9948,-1.0,-1.0,-1.0,-1.0,-1.0
53.226,0.1625,4.242621865065819e-06,4.088946859265571e-05,4,169.448,-6.72638,-13.4995,156.83,154.225,149.985,146.896,0.44759,2674.19,-0.127293,12489.9,8.0,4.25336,8.45371,14.0237,57.7923,52.672,50.207,48.9211,47.8134,47.0327,46.2606,45.4976,44.7438,43.7045,42.5399,40.4253,36.4764,30.7549,24.4878,13.0867,-1.0,-1.0,-1.0,-1.0,-1.0
53.246,0.1625,3.1819663987993645e-06,2.657815458522621e-05,4,169.06,-6.70622,-13.5305,156.449,153.884,149.624,146.592,0.461065,2675.17,-0.125191,12461.9,8.0,4.15528,8.26459,13.6555,57.7247,52.6228,50.1673,48.8866,47.7835,47.0059,46.2371,45.4773,44.7268,43.6919,42.5323,40.427,36.4961,30.8002,24.5579,13.1727,-1.0,-1.0,-1.0,-1.0,-1.0
53.266,0.1625,2.3864747990995235e-06,1.7275800480397035e-05,4,168.676,-6.65458,-13.5595,156.072,153.545,149.259,146.282,0.474194,2676.14,-0.122976,12433.3,8.0,4.0601,8.08342,13.3151,57.6425,52.559,50.1132,48.8378,47.7392,46.965,46.1995,45.4431,44.6958,43.6655,42.5112,40.4154,36.503,30.834,24.6181,13.2538,3.19648,3.18771,3.17999,3.17332,3.16769
53.286,0.1625,1.7898560993246426e-06,1.1229270312258073e-05,4,168.293,-6.66272,-13.6172,155.734,153.182,148.931,145.878,0.486968,2677.11,-0.121004,12402.7,8.0,3.96661,7.90195,12.9675,57.5828,52.5162,50.0792,48.8086,47.7144,46.943,46.1805,45.4271,44.6829,43.6567,42.507,40.4198,36.5238,30.8782,24.6849,13.335,-1.0,-1.0,-1.0,-1.0,-1.0
53.306,0.1625,1.342392074493482e-06,7.299025702967748e-06,4,167.907,-6.68844,-13.6482,155.412,152.8,148.631,145.524,0.499396,2678.08,-0.119333,12375.2,8.0,3.87457,7.71916,12.6097,57.551,52.4996,50.0703,48.8039,47.7134,46.9448,46.1849,45.4341,44.6925,43.6699,42.5244,40.4446,36.5624,30.9362,24.7606,13.417,-1.0,-1.0,-1.0,-1.0,-1.0
53.326,0.1625,1.0067940558701114e-06,4.744366706929036e-06,4,167.522,-6.72422,-13.6729,155.08,152.429,148.318,145.183,0.511506,2679.05,-0.117797,12347.6,8.0,3.78436,7.53846,12.2569,57.5308,52.4935,50.0716,48.8091,47.7219,46.9558,46.1985,45.4501,44.7108,43.6917,42.5498,40.4769,36.6072,30.9986,24.8384,13.4981,-1.0,-1.0,-1.0,-1.0,-1.0
53.346,0.1625,7.550955419025835e-07,3.0838383595038736e-06,4,167.14,-6.73831,-13.7004,154.718,152.086,147.973,144.874,0.523301,2680.02,-0.116118,12320.1,8.0,3.69685,7.36554,11.9299,57.4949,52.4721,50.0577,48.7992,47.7155,46.9519,46.1971,45.4512,44.7146,43.6989,42.5611,40.4953,36.639,31.0491,24.9065,13.5746,-1.0,-1.0,-1.0,-1.0,-1.0
53.366,0.1625,5.663216564269376e-07,2.004494933677518e-06,4,166.76,-6.70816,-13.7184,154.346,151.751,147.623,144.574,0.534791,2680.99,-0.114314,12292.8,8.0,3.61205,7.20063,11.6286,57.4405,52.4326,50.026,48.7717,47.6918,46.9307,46.1786,45.4354,44.7014,43.6894,42.5558,40.4977,36.6558,31.0865,24.9638,13.6462,-1.0,-1.0,-1.0,-1.0,-1.0
53.386,0.1625,4.247412423202032e-07,1.3029217068903869e-06,4,166.384,-6.66258,-13.7419,153.982,151.415,147.266,144.249,0.546009,2681.96,-0.112449,12263.8,8.0,3.52938,7.04095,11.3427,57.3783,52.3853,49.9865,48.7364,47.6602,46.9018,46.1523,45.4118,44.6804,43.6722,42.5428,40.4925,36.6653,31.117,25.0151,13.7145,-1.0,-1.0,-1.0,-1.0,-1.0
53.406,0.1625,3.185559317401524e-07,8.468991094787514e-07,4,166.009,-6.67236,-13.7817,153.658,151.054,146.956,143.87,0.556928,2682.92,-0.11086,12235.1,8.0,3.44806,6.88046,11.0489,57.3414,52.3618,49.9698,48.7235,47.6505,46.8945,46.1473,45.4091,44.68,43.675,42.5493,40.5058,36.6911,31.1604,25.075,13.7839,-1.0,-1.0,-1.0,-1.0,-1.0
53.426,0.1625,2.389169488051143e-07,5.504844211611885e-07,4,165.631,-6.69078,-13.7996,153.337,150.685,146.657,143.53,0.567565,2683.89,-0.109495,12208.3,8.0,3.36813,6.72013,10.752,57.325,52.3573,49.9714,48.7283,47.6583,46.9044,46.1592,45.4231,44.696,43.6938,42.5713,40.5336,36.7298,31.2136,25.1413,13.8538,-1.0,-1.0,-1.0,-1.0,-1.0
53.446,0.1625,1.7918771160383572e-07,3.5781487375477247e-07,4,165.254,-6.71429,-13.8179,153.004,150.331,146.341,143.203,0.577943,2684.85,-0.108187,12181.2,8.0,3.2899,6.56282,10.4626,57.3129,52.3565,49.9765,48.7365,47.6692,46.9173,46.174,45.4398,44.7147,43.7152,42.5957,40.5636,36.77,31.2675,25.2073,13.9224,-1.0,-1.0,-1.0,-1.0,-1.0
53.466,0.1628515909090909,1.343907837028768e-07,2.3257966794060213e-07,4,164.881,-6.7096,-13.8348,152.647,149.997,146.003,142.902,0.588061,2685.81,-0.106733,12154.3,8.0,3.21394,6.41218,10.1927,57.2851,52.3405,49.9666,48.73,47.6655,46.9155,46.1744,45.4423,44.7192,43.7225,42.6062,40.58,36.7976,31.3103,25.2642,13.9869,-1.0,-1.0,-1.0,-1.0,-1.0
53.486,0.16394477272727276,1.0079308777715759e-07,1.5117678416139137e-07,4,164.511,-6.66889,-13.8443,152.286,149.669,145.664,142.604,0.597944,2686.77,-0.105188,12127.5,8.0,3.14006,6.26751,9.93988,57.2423,52.31,49.9425,48.7093,47.6478,46.9,46.1609,45.4309,44.7101,43.7164,42.6034,40.5835,36.8131,31.3426,25.3126,14.0475,-1.0,-1.0,-1.0,-1.0,-1.0
53.506,0.1650320454545455,7.55948158328682e-08,9.826490970490439e-08,4,164.143,-6.6227,-13.863,151.933,149.336,145.32,142.276,0.607596,2687.73,-0.103616,12099.1,8.0,3.06793,6.12669,9.69659,57.1959,52.2757,49.9144,48.6846,47.6261,46.8805,46.1436,45.4157,44.697,43.7063,42.5967,40.5831,36.8246,31.371,25.3575,14.1058,-1.0,-1.0,-1.0,-1.0,-1.0
53.526,0.16611931818181813,5.669611187465115e-08,6.387219130818786e-08,4,163.775,-6.61563,-13.8874,151.613,148.982,145.019,141.926,0.617011,2688.69,-0.102287,12071.9,8.0,2.99689,5.98538,9.44834,57.1719,52.2623,49.9064,48.6797,47.6238,46.88,46.145,45.419,44.7021,43.714,42.6073,40.599,36.8505,31.4109,25.4101,14.1653,-1.0,-1.0,-1.0,-1.0,-1.0
53.546,0.16720954545454547,4.2522083905988365e-08,4.151692435032211e-08,4,163.406,-6.61431,-13.896,151.292,148.623,144.722,141.595,0.626204,2689.64,-0.101133,12045.5,8.0,2.92705,5.8447,9.19929,57.1637,52.2636,49.9127,48.6885,47.635,46.8929,46.1595,45.435,44.7197,43.7339,42.6298,40.6262,36.8863,31.4586,25.4678,14.2254,-1.0,-1.0,-1.0,-1.0,-1.0
53.566,0.16829681818181813,3.189156292949127e-08,2.6986000827709374e-08,4,163.038,-6.61766,-13.905,150.962,148.275,144.412,141.275,0.635192,2690.6,-0.100037,12018.9,8.0,2.85854,5.70634,8.95523,57.1602,52.2691,49.9229,48.701,47.6498,46.9092,46.1773,45.4545,44.7406,43.7569,42.6552,40.6559,36.9241,31.5075,25.5259,14.2846,-1.0,-1.0,-1.0,-1.0,-1.0
53.586,0.16937522727272727,2.3918672197118455e-08,1.7540900538011094e-08,4,162.673,-6.60288,-13.9103,150.617,147.938,144.089,140.967,0.643986,2691.55,-0.0988925,11992.4,8.0,2.79155,5.57191,8.72123,57.1503,52.2684,49.9268,48.7076,47.6584,46.9194,46.1892,45.4679,44.7557,43.774,42.6747,40.6799,36.9564,31.5513,25.5796,14.3415,-1.0,-1.0,-1.0,-1.0,-1.0
53.606,0.17045068181818182,1.793900414783884e-08,1.1401585349707212e-08,4,162.309,-6.56868,-13.9093,150.272,147.604,143.767,140.661,0.652597,2692.5,-0.0977572,11966.0,8.0,2.72598,5.44083,8.49564,57.1362,52.2633,49.9265,48.7098,47.6628,46.9253,46.1966,45.4769,44.7663,43.7868,42.69,40.6995,36.9846,31.5913,25.6301,14.3964,-1.0,-1.0,-1.0,-1.0,-1.0
53.626,0.17152022727272725,1.3454253110879131e-08,7.411030477309688e-09,4,161.947,-6.54015,-13.9157,149.935,147.267,143.442,140.333,0.661034,2693.45,-0.0966709,11938.4,8.0,2.66158,5.31175,8.27427,57.126,52.2618,49.9294,48.7152,47.6703,46.9342,46.207,45.4887,44.7796,43.8023,42.7077,40.7215,37.0145,31.6322,25.6808,14.4505,-1.0,-1.0,-1.0,-1.0,-1.0
53.646,0.1725927272727273,1.009068983315935e-08,4.817169810251298e-09,4,161.584,-6.53722,-13.9227,149.615,146.916,143.144,139.996,0.669299,2694.4,-0.0957869,11911.8,8.0,2.59801,5.18253,8.05063,57.1345,52.2778,49.9491,48.7369,47.6938,46.959,46.2331,45.516,44.8081,43.8324,42.7398,40.7571,37.0565,31.6828,25.7383,14.506,-1.0,-1.0,-1.0,-1.0,-1.0
53.666,0.1736652272727273,7.568017374869513e-09,3.131160376663344e-09,4,161.221,-6.54307,-13.9225,149.296,146.565,142.846,139.668,0.677413,2695.35,-0.0950506,11885.4,8.0,2.53525,5.05375,7.82707,57.1563,52.3062,49.9809,48.7704,47.7289,46.9952,46.2703,45.5543,44.8474,43.8731,42.7822,40.8025,37.1071,31.7402,25.8006,14.5623,-1.0,-1.0,-1.0,-1.0,-1.0
53.686,0.17473772727272727,5.6760130311521346e-09,2.035254244831174e-09,4,160.858,-6.55274,-13.9203,148.971,146.219,142.54,139.345,0.685389,2696.3,-0.094395,11859.0,8.0,2.47332,4.9262,7.60601,57.1854,52.3413,50.019,48.8101,47.7699,47.0373,46.3133,45.5983,44.8923,43.9194,42.8298,40.8527,37.1619,31.8007,25.8649,14.6185,-1.0,-1.0,-1.0,-1.0,-1.0
53.706,0.17580431818181816,4.2570097733641005e-09,1.322915259140263e-09,4,160.497,-6.5564,-13.913,148.64,145.877,142.23,139.028,0.693227,2697.24,-0.0937961,11832.6,8.0,2.41229,4.8004,7.38909,57.2183,52.3799,50.0605,48.8531,47.8141,47.0823,46.3593,45.6452,44.9401,43.9683,42.8801,40.9054,37.2187,31.8626,25.9298,14.6744,-1.0,-1.0,-1.0,-1.0,-1.0
53.726,0.17686795454545454,3.1927573300230754e-09,8.598949184411709e-10,4,160.137,-6.55734,-13.9046,148.309,145.539,141.92,138.71,0.700953,2698.19,-0.0932816,11806.2,8.0,2.35203,4.67614,7.1758,57.2549,52.4218,50.105,48.899,47.8612,47.1302,46.4081,45.6947,44.9905,44.0198,42.9328,40.9602,37.2774,31.9258,25.9953,14.7299,-1.0,-1.0,-1.0,-1.0,-1.0
53.746,0.177931590909091,2.3945679975173064e-09,5.589316969867611e-10,4,159.777,-6.56307,-13.8996,147.98,145.201,141.605,138.39,0.708576,2699.13,-0.0928286,11779.4,8.0,2.29243,4.55297,6.96521,57.2971,52.4689,50.1545,48.9496,47.9129,47.1828,46.4613,45.7487,45.0452,44.0755,42.9896,41.0189,37.3394,31.9914,26.0624,14.7854,-1.0,-1.0,-1.0,-1.0,-1.0
53.766,0.1789922727272727,1.7959259981379798e-09,3.6330560304139474e-10,4,159.418,-6.57476,-13.8945,147.654,144.861,141.298,138.067,0.716099,2700.07,-0.0924648,11753.0,8.0,2.23343,4.43061,6.75662,57.3474,52.5235,50.2111,49.0075,47.9717,47.2421,46.5213,45.8094,45.1063,44.1375,43.0526,41.0834,37.4066,32.0611,26.1322,14.8414,-1.0,-1.0,-1.0,-1.0,-1.0
53.786,0.18005000000000002,1.346944498603485e-09,2.361486419769066e-10,4,159.06,-6.58606,-13.8864,147.328,144.523,140.992,137.749,0.723529,2701.01,-0.092171,11726.7,8.0,2.17503,4.30917,6.55043,57.4042,52.5842,50.2736,49.0708,48.0359,47.3069,46.5867,45.8752,45.1727,44.2046,43.1203,41.1525,37.4776,32.1338,26.204,14.8977,-1.0,-1.0,-1.0,-1.0,-1.0
53.806,0.18110772727272728,0.25000000101020836,1.534966172849893e-10,4,158.702,-6.59384,-13.8701,147.003,144.179,140.688,137.425,0.730885,2701.94,-0.0919717,11700.3,8.0,2.11703,4.18815,6.34554,57.4699,52.6531,50.3441,49.142,48.1077,47.3792,46.6595,45.9484,45.2463,44.2787,43.195,41.2281,37.5545,32.2113,26.2791,14.9548,-1.0,-1.0,-1.0,-1.0,-1.0
53.826,0.1815272727272727,0.43750000075765627,9.977280123524305e-11,4,158.56,-6.58554,-13.8558,146.718,143.908,140.997,140.997,0.738181,2702.88,-0.0915712,11863.7,8.0,2.05981,4.07061,6.15034,13.0374,52.7031,50.3962,49.1952,48.1618,47.4339,46.7147,46.0043,45.3029,44.3361,43.2532,41.2879,37.617,32.2765,26.345,15.0085,-1.0,-1.0,-1.0,-1.0,-1.0
53.846,0.1815775,0.5781250005682422,6.485232080290799e-11,4,158.543,-6.48606,-13.8509,146.523,143.822,142.314,142.314,0.745417,2703.82,-0.0904458,11977.4,8.0,2.00438,3.9621,5.97911,12.1534,52.6846,50.3817,49.183,48.1516,47.425,46.7071,45.9982,45.2981,44.3332,43.2526,41.2912,37.628,32.2987,26.3783,15.0515,-1.0,-1.0,-1.0,-1.0,-1.0
53.866,0.18118454545454551,0.6835937504261816,4.215400852189019e-11,4,158.676,-6.33069,-13.8534,146.458,143.874,143.597,143.597,0.752574,2704.75,-0.088652,12085.5,8.0,1.95064,3.86136,5.82758,11.6346,52.6066,50.3096,49.114,48.0853,47.3608,46.645,45.938,45.24,44.278,43.2007,41.2455,37.5943,32.2832,26.3831,15.0849,-1.0,-1.0,-1.0,-1.0,-1.0
53.886,0.18042227272727276,0.7626953128196362,2.7400105539228627e-11,4,158.934,-6.13563,-13.8647,146.524,144.053,144.72,144.72,0.759602,2705.69,-0.0862058,12180.2,8.0,1.89885,3.76842,5.69534,11.3231,52.4706,50.1809,48.9895,47.9645,47.2426,46.5294,45.8251,45.1298,44.1716,43.0987,41.1516,37.5167,32.2309,26.3597,15.1085,-1.0,-1.0,-1.0,-1.0,-1.0
53.906,0.1793793181818182,0.8220214846147271,1.7810068600498608e-11,4,159.287,-5.91718,-13.8896,146.703,144.336,145.704,145.704,0.766449,2706.64,-0.0831626,12263.0,8.0,1.84927,3.68327,5.58128,11.1701,52.2813,50.0007,48.8142,47.7937,47.075,46.3652,45.6641,44.972,44.0184,42.9508,41.0139,37.3989,32.1447,26.3104,15.1227,-1.0,-1.0,-1.0,-1.0,-1.0
53.926,0.17812954545454543,0.8665161134610453,1.1576544590324096e-11,4,159.71,-5.67609,-13.9097,146.983,144.704,146.571,146.571,0.773057,2707.58,-0.0796865,12336.1,8.0,1.80206,3.60502,5.48235,11.1435,52.0535,49.7831,48.6021,47.5866,46.8716,46.1654,45.4679,44.7795,43.8312,42.7696,40.8441,37.2518,32.0336,26.2418,15.1295,-1.0,-1.0,-1.0,-1.0,-1.0
53.946,0.17672022727272726,0.899887085095784,7.524753983710663e-12,4,160.187,-5.45057,-13.9327,147.352,145.124,147.357,147.357,0.779388,2708.53,-0.0759958,12402.2,8.0,1.7571,3.53227,5.3943,11.2177,51.8055,49.5457,48.3707,47.3604,46.6492,45.9468,45.2533,44.5689,43.6261,42.5708,40.6573,37.0889,31.9088,26.1622,15.1314,-1.0,-1.0,-1.0,-1.0,-1.0
53.966,0.17519272727272728,0.924915313821838,4.891090089411931e-12,4,160.704,-5.2481,-13.9586,147.783,145.584,148.07,148.07,0.785394,2709.48,-0.0721925,12462.2,8.0,1.71473,3.46525,5.31691,11.4246,51.5431,49.2945,48.1255,47.1206,46.4134,45.7149,45.0255,44.3451,43.408,42.3593,40.4582,36.9147,31.774,26.0742,15.1289,-1.0,-1.0,-1.0,-1.0,-1.0
53.986,0.1735529545454546,0.9436864853663784,3.179208558117755e-12,4,161.259,-5.05705,-13.9709,148.263,146.082,148.616,148.616,0.79104,2710.43,-0.0682567,12507.3,8.0,1.67521,3.40449,5.25092,11.8977,51.2681,49.0308,47.8681,46.8688,46.1656,45.4712,44.7859,44.1097,43.1784,42.1364,40.2481,36.7301,31.63,25.9784,15.1221,-1.0,-1.0,-1.0,-1.0,-1.0
54.006,0.17184818181818182,0.9577648640247838,2.0664855627765407e-12,4,161.836,-4.85091,-13.9696,148.769,146.62,149.133,149.133,0.796303,2711.39,-0.0640867,12551.4,8.0,1.63889,3.35134,5.19977,55.6336,50.9717,48.7463,47.5903,46.5968,45.8978,45.2077,44.5267,43.8549,42.9299,41.895,40.02,36.5289,31.4715,25.8709,15.1096,-1.0,-1.0,-1.0,-1.0,-1.0
54.026,0.1701138636363636,0.9683236480185878,1.3432156158047516e-12,4,162.423,-4.65554,-13.9669,149.309,147.179,149.718,149.718,0.80115,2712.35,-0.0597919,12601.0,8.0,1.6059,3.30549,5.16255,55.3028,50.6633,48.4501,47.3008,46.3134,45.6187,44.933,44.2564,43.589,42.6703,41.6427,39.7814,36.3178,31.304,25.7557,15.0926,-1.0,-1.0,-1.0,-1.0,-1.0
54.046,0.16837068181818182,0.9762427360139408,8.730901502730886e-13,4,163.013,-4.48412,-13.9252,149.915,147.762,150.329,150.329,0.805571,2713.32,-0.0557845,12652.6,8.0,1.57572,3.26345,5.12931,54.9969,50.3781,48.1762,47.0331,46.0513,45.3606,44.679,44.0065,43.3433,42.4303,41.4095,39.561,36.1227,31.1491,25.6489,15.0764,-1.0,-1.0,-1.0,-1.0,-1.0
54.066,0.16660977272727268,0.9821820520104556,5.675085976775075e-13,4,163.609,-4.41854,-13.89,150.542,148.298,150.96,150.96,0.809558,2714.29,-0.052276,12705.9,8.0,1.54818,3.22388,5.09565,54.733,50.1322,47.9401,46.8024,45.8255,45.1383,44.4602,43.7913,43.1316,42.2237,41.2087,39.3713,35.9549,31.0162,25.5576,15.0632,-1.0,-1.0,-1.0,-1.0,-1.0
54.086,0.1648340909090909,0.9866365390078418,3.6888058849037993e-13,4,164.21,-4.4331,-13.8642,151.152,148.82,151.604,151.604,0.813082,2715.27,-0.0491403,12759.9,8.0,1.52377,3.18887,5.06662,54.4972,49.9124,47.729,46.5962,45.6235,44.9395,44.2646,43.5988,42.9423,42.0389,41.0292,39.2015,35.8046,30.8971,25.4754,15.051,-1.0,-1.0,-1.0,-1.0,-1.0
54.106,0.16298749999999995,0.9899774042558813,2.39772382518747e-13,4,164.835,-4.46341,-13.8125,151.744,149.359,151.972,151.972,0.816142,2716.24,-0.0460971,12789.9,8.0,1.50294,3.16094,5.04941,54.2672,49.6978,47.5227,46.3945,45.4258,44.7448,44.0729,43.4102,42.7569,41.8577,40.8529,39.0347,35.6567,30.779,25.3931,15.0365,-1.0,-1.0,-1.0,-1.0,-1.0
54.126,0.1625,0.992483053191911,1.5585204863718554e-13,4,165.455,-4.45561,-13.7568,152.305,149.939,152.446,152.446,0.818737,2717.23,-0.0427755,12830.6,8.0,1.48622,3.14365,5.05478,54.0097,49.4568,47.2908,46.1675,45.2034,44.5256,43.857,43.1976,42.5475,41.6532,40.6537,38.8457,35.4882,30.6432,25.2964,15.0153,-1.0,-1.0,-1.0,-1.0,-1.0
54.146,0.1625,0.9943622898939333,1.013038316141706e-13,4,166.07,-4.4358,-13.7185,152.848,150.516,153.042,153.042,0.820847,2718.21,-0.0392202,12881.1,8.0,1.47378,3.13721,5.08343,53.7287,49.1934,47.037,45.9191,44.9598,44.2854,43.6203,42.9644,42.3179,41.4285,40.4349,38.6377,35.3021,30.492,25.1871,14.9877,-1.0,-1.0,-1.0,-1.0,-1.0
54.166,0.1625,0.9957717174204499,6.58474905492109e-14,4,166.683,-4.4308,-13.7167,153.377,151.085,153.713,153.713,0.822426,2719.2,-0.0354393,12937.8,8.0,1.46598,3.14278,5.13855,53.4247,48.9079,46.7618,45.6496,44.6952,44.0245,43.363,42.7109,42.0682,41.1841,40.1966,38.411,35.0986,30.3255,25.0653,14.9536,-1.0,-1.0,-1.0,-1.0,-1.0
54.186,0.1625,0.9968287880653375,4.2800868856987084e-14,4,167.298,-4.43266,-13.7263,153.925,151.655,154.376,154.376,0.823437,2720.2,-0.0315641,12993.4,8.0,1.46302,3.1602,5.21959,53.1092,48.6113,46.4756,45.3691,44.4199,43.7529,43.0952,42.4468,41.8079,40.9293,39.948,38.1742,34.8855,30.1502,24.9357,14.9145,-1.0,-1.0,-1.0,-1.0,-1.0
54.206,0.1625,0.9976215910490032,2.7820564757041605e-14,4,167.914,-4.45077,-13.7375,154.497,152.222,155.003,155.003,0.823854,2721.19,-0.0277455,13047.6,8.0,1.46496,3.189,5.32524,52.7952,48.3157,46.1901,45.0892,44.145,43.4817,42.8276,42.1829,41.5477,40.6744,39.6993,37.937,34.6714,29.9732,24.8035,14.8719,-1.0,-1.0,-1.0,-1.0,-1.0
54.226,0.1625,0.9982161932867524,1.8083367092077044e-14,4,168.509,-4.55171,-13.7825,155.091,152.758,155.908,155.908,0.823654,2722.19,-0.0242575,13122.2,8.0,1.47164,3.22734,5.44889,52.5066,48.0435,45.9268,44.8309,43.8912,43.2311,42.5803,41.939,41.3071,40.4385,39.4688,37.717,34.4722,29.8074,24.6785,14.829,-1.0,-1.0,-1.0,-1.0,-1.0
54.246,0.1625,0.9986621449650643,1.1754188609850079e-14,4,169.127,-4.68975,-13.7966,155.698,153.279,156.421,156.421,0.822837,2723.2,-0.0211223,13164.9,8.0,1.48309,3.2751,5.59092,52.2451,47.7959,45.687,44.5954,43.6597,43.0024,42.3546,41.7161,41.0871,40.2227,39.2578,37.5152,34.2888,29.6537,24.5612,14.7861,-1.0,-1.0,-1.0,-1.0,-1.0
54.266,0.1625,0.9989966087237983,7.640222596402552e-15,4,169.746,-4.85034,-13.8201,156.269,153.796,156.906,156.906,0.821414,2724.21,-0.0180586,13205.6,8.0,1.49962,3.33515,5.76262,51.9856,47.5498,45.4484,44.361,43.4289,42.7744,42.1293,41.4937,40.8676,40.0071,39.0469,37.3131,34.1045,29.4984,24.4415,14.7398,1.07304,1.0722,1.07169,1.07152,1.07168
54.286,0.1625,0.9992474565428486,4.966144687661658e-15,4,170.373,-4.95788,-13.8821,156.753,154.344,157.374,157.374,0.81934,2725.22,-0.014334,13244.9,8.0,1.52279,3.41685,6.00021,51.6638,47.2449,45.1529,44.0707,43.1433,42.4922,41.8506,41.2185,40.5959,39.7404,38.786,37.0631,33.8766,29.3062,24.293,14.6814,-1.0,-1.0,-1.0,-1.0,-1.0
54.306,0.1625,0.9994355924071365,3.227994046980078e-15,4,171.0,-4.94187,-13.9288,157.241,154.95,157.828,157.828,0.816603,2726.23,-0.00997192,13283.1,8.0,1.55283,3.52236,6.31908,51.2785,46.8801,44.7996,43.7238,42.802,42.1551,41.5175,40.8897,40.2714,39.422,38.4745,36.7647,33.6048,29.0769,24.1156,14.6106,-1.0,-1.0,-1.0,-1.0,-1.0
54.326,0.1625,0.9995766943053523,2.098196130537051e-15,4,171.594,-4.87683,-13.9917,157.779,155.575,158.663,158.663,0.813212,2727.25,-0.00534422,13360.4,8.0,1.58923,3.64882,6.72019,50.8649,46.4887,44.4205,43.3515,42.4358,41.7932,41.1602,40.5368,39.9231,39.0801,38.14,36.4443,33.3127,28.83,23.9239,14.5323,-1.0,-1.0,-1.0,-1.0,-1.0
54.346,0.1625,0.9996825207290143,1.3638274848490832e-15,4,172.164,-4.99426,-14.1058,158.39,156.097,159.854,159.854,0.809104,2728.27,-0.00153095,13453.9,8.0,1.63084,3.785,7.16133,50.5169,46.1579,44.0994,43.0357,42.1248,41.4857,40.8563,40.2365,39.6264,38.7886,37.8545,36.1701,33.0612,28.6155,23.7548,14.4586,-1.0,-1.0,-1.0,-1.0,-1.0
54.366,0.1625,0.9997618905467607,8.864878651519041e-16,4,172.784,-5.18371,-14.1451,159.04,156.585,160.195,160.195,0.804293,2729.3,0.0015189,13481.6,8.0,1.67758,3.93047,7.64697,50.2292,45.8827,43.8312,42.7716,41.8644,41.228,40.6012,39.9841,39.3768,38.5429,37.6134,35.9377,32.8466,28.4301,23.6061,14.3888,-1.0,-1.0,-1.0,-1.0,-1.0
54.386,0.1625,0.9998214179100705,5.762171123487376e-16,4,173.406,-5.39281,-14.1835,159.622,157.082,160.478,160.478,0.798827,2730.32,0.00445002,13505.4,8.0,1.73013,4.09288,8.23372,49.9467,45.6118,43.5668,42.5109,41.6072,40.9732,40.3489,39.7344,39.1297,38.2995,37.3744,35.7071,32.633,28.2445,23.4559,14.3157,-1.0,-1.0,-1.0,-1.0,-1.0
54.406,0.1625,0.9998660634325529,3.745411230266795e-16,4,174.03,-5.48485,-14.2118,160.124,157.647,160.76,160.76,0.792698,2731.35,0.00803774,13529.2,8.0,1.79001,4.28539,9.05705,49.6022,45.2826,43.2464,42.1953,41.296,40.6653,40.0443,39.4331,38.8317,38.0062,37.0866,35.4298,32.377,28.0234,23.2781,14.231,-1.0,-1.0,-1.0,-1.0,-1.0
54.426,0.1625,0.9998995475744147,2.434517299673417e-16,4,174.65,-5.43287,-14.2043,160.626,158.261,161.072,161.072,0.785932,2732.39,0.012201,13555.6,8.0,1.85719,4.51055,10.3427,49.1994,44.8988,42.8733,41.8282,40.9342,40.3074,39.6904,39.0832,38.4859,37.6662,36.7531,35.1089,32.0817,27.7694,23.0748,14.1353,-1.0,-1.0,-1.0,-1.0,-1.0
54.446,0.1625,0.999924660680811,1.582436244787721e-16,4,175.226,-5.36264,-14.2324,161.161,158.87,161.975,161.975,0.778539,2733.42,0.0165564,13634.6,8.0,1.93098,4.76458,57.1566,48.7757,44.4952,42.481,41.4423,40.5539,39.9312,39.3184,38.7155,38.1224,37.3087,36.4027,34.7718,31.7713,27.5022,22.8608,14.0336,-1.0,-1.0,-1.0,-1.0,-1.0
54.466,0.1625,0.9999434955106082,1.0285835591120188e-16,4,175.819,-5.39864,-14.2567,161.752,159.398,162.599,162.599,0.770471,2734.46,0.0203668,13684.3,8.0,2.01036,5.03669,56.8834,48.3929,44.1291,42.1245,41.0911,40.2075,39.5883,38.979,38.3797,37.7903,36.9819,36.0818,34.4624,31.4852,27.2538,22.6594,13.9333,-1.0,-1.0,-1.0,-1.0,-1.0
54.486,0.1625,0.9999576216329562,6.685793134228121e-17,4,176.424,-5.46444,-14.2464,162.354,159.919,162.975,162.975,0.761749,2735.5,0.0238449,13715.9,8.0,2.09558,5.33095,56.6605,48.0326,43.7835,41.7872,40.7586,39.8793,39.2632,38.6571,38.061,37.4749,36.6712,35.7765,34.1674,31.2114,27.0147,22.4637,13.8324,-1.0,-1.0,-1.0,-1.0,-1.0
54.506,0.1625,0.9999682162247172,4.345765537248279e-17,4,177.034,-5.53144,-14.2534,162.891,160.444,163.329,163.329,0.752375,2736.55,0.0274913,13745.6,8.0,2.18775,5.66039,56.4304,47.6526,43.419,41.4317,40.4081,39.5334,38.9206,38.3179,37.7253,37.1426,36.3439,35.4549,33.8569,30.9231,26.7629,22.2575,13.7254,-1.0,-1.0,-1.0,-1.0,-1.0
54.526,0.1625,0.9999761621685379,2.8247475992113816e-17,4,177.643,-5.50127,-14.241,163.4,161.02,163.683,163.683,0.742335,2737.59,0.0316026,13775.5,8.0,2.28798,6.03882,56.1529,47.2263,43.011,41.0343,40.0167,39.1473,38.5384,37.9396,37.3509,36.7724,35.9793,35.0972,33.5117,30.6036,26.485,22.031,13.6093,-1.0,-1.0,-1.0,-1.0,-1.0
54.546,0.1625,0.9999821216264034,1.836085939487398e-17,4,178.249,-5.39246,-14.2053,163.922,161.616,164.057,164.057,0.73165,2738.64,0.0360376,13807.2,8.0,2.39607,6.47057,55.8419,46.771,42.5702,40.6053,39.5944,38.7309,38.1264,37.532,36.9478,36.3737,35.587,34.7121,33.1407,30.2606,26.1873,21.7889,13.4856,-1.0,-1.0,-1.0,-1.0,-1.0
54.566,0.1625,0.7499865912198026,1.1934558606668087e-17,4,178.82,-5.33908,-14.2177,164.475,162.182,164.901,164.901,0.720294,2739.69,0.0403683,13878.8,8.0,2.51129,6.95112,55.5546,46.328,42.1319,40.1785,39.174,38.3164,37.7161,37.126,36.5461,35.9764,35.1959,34.3283,32.7705,29.9179,25.8891,21.5453,13.3589,-1.0,-1.0,-1.0,-1.0,-1.0
54.586,0.1625,0.5624899434148519,7.757463094334257e-18,4,179.304,-5.27459,-14.1975,165.024,162.7,163.039,163.039,0.708263,2740.74,0.0445091,13717.6,8.0,2.63348,7.48503,55.3036,45.9053,41.7022,39.7597,38.7613,37.9093,37.313,36.727,36.1513,35.5858,34.8112,33.9504,32.4057,29.5796,25.5936,21.3027,13.2298,-1.0,-1.0,-1.0,-1.0,-1.0
54.606,0.1625,0.42186745756113897,5.042351011317267e-18,4,179.565,-5.08258,-14.1616,165.395,163.131,161.456,161.456,0.695633,2741.8,0.0490448,13585.2,8.0,2.76391,8.10553,55.013,45.4525,41.2373,39.3073,38.3158,37.47,36.8782,36.2969,35.7257,35.1649,34.397,33.5439,32.0137,29.2169,25.2778,21.0442,13.0934,-1.0,-1.0,-1.0,-1.0,-1.0
54.626,0.1625,0.3164005931708542,3.2775281573562236e-18,4,179.647,-4.77201,-14.1105,165.559,163.426,160.38,160.38,0.682442,2742.85,0.0541217,13495.1,8.0,2.90298,8.84521,54.6598,44.9558,40.7272,38.8116,37.8282,36.9895,36.403,35.8269,35.2611,34.7057,33.9454,33.1009,31.5873,28.8235,24.9368,20.7666,12.9489,-1.0,-1.0,-1.0,-1.0,-1.0
54.646,0.1625,0.23730044487814067,2.1303933022815455e-18,4,179.602,-4.42238,-14.031,165.609,163.552,159.567,159.567,0.66871,2743.9,0.0592543,13426.8,8.0,3.04947,9.72071,54.3017,44.4534,40.2054,38.3049,37.3297,36.4985,35.9174,35.3467,34.7864,34.2365,33.4841,32.6487,31.152,28.422,24.5889,20.4833,12.8005,-1.0,-1.0,-1.0,-1.0,-1.0
54.666,0.1625,0.17797533365860552,1.3847556464830046e-18,4,179.465,-4.13727,-13.9448,165.598,163.515,158.926,158.926,0.654456,2744.95,0.0640189,13372.8,8.0,3.20173,10.7508,54.0049,43.9878,39.7064,37.8198,36.8524,36.0281,35.4519,34.8863,34.3312,33.7865,33.0413,32.2143,30.7335,28.0352,24.2524,20.2076,12.6527,-1.0,-1.0,-1.0,-1.0,-1.0
54.686,0.1625,0.13348150024395414,9.00091170213953e-19,4,179.262,-3.99504,-13.8507,165.564,163.328,159.43,157.277,0.639673,2745.99,0.0679004,13324.4,8.0,3.35758,11.949,53.8496,43.6087,39.268,37.3921,36.4308,35.612,35.0398,34.4782,33.9272,33.3867,32.6474,31.8273,30.3594,27.6872,23.9465,19.9534,12.5099,-1.0,-1.0,-1.0,-1.0,-1.0
54.706,0.1625,0.10011112518296561,5.850592606390694e-19,4,179.005,-4.02049,-13.7342,165.505,163.032,159.144,156.534,0.624399,2747.04,0.0706269,13281.0,8.0,3.51493,13.3574,53.8896,43.3469,38.9173,37.04,36.0825,35.2672,34.6977,34.1388,33.5906,33.0528,32.3176,31.5022,30.0434,27.3901,23.6808,19.7276,12.3744,-1.0,-1.0,-1.0,-1.0,-1.0
54.726,0.1625,0.07508334388722421,3.8028851941539514e-19,4,178.708,-4.16922,-13.6046,165.375,162.691,158.819,155.916,0.608672,2748.08,0.0724313,13241.2,8.0,3.67376,15.2122,54.1093,43.188,38.6455,36.7465,35.7912,34.9779,34.41,33.8527,33.3061,32.7701,32.0374,31.225,29.7723,27.1319,23.4455,19.5231,12.244,-1.0,-1.0,-1.0,-1.0,-1.0
54.746,0.1625,0.056312507915418156,2.4718753762000683e-19,4,178.381,-4.39435,-13.4715,165.173,162.335,158.473,155.359,0.592545,2749.11,0.0735566,13203.2,8.0,3.83421,88.1186,54.4889,43.1153,38.4379,36.4951,35.5395,34.7271,34.1599,33.6034,33.0577,32.5226,31.7914,30.9808,29.5319,26.9004,23.231,19.3329,12.1167,-1.0,-1.0,-1.0,-1.0,-1.0
54.766,0.1625,0.04223438093656362,1.6067189945300446e-19,4,178.03,-4.65993,-13.3436,164.913,161.974,158.108,154.846,0.57606,2750.15,0.0742032,13166.1,8.0,3.99666,91.4846,55.0125,43.114,38.2819,36.2852,35.3127,34.5004,33.9334,33.3772,32.8318,32.2972,31.5666,30.7571,29.3105,26.6852,23.0288,19.1509,11.9908,-1.0,-1.0,-1.0,-1.0,-1.0
54.786,0.1625,0.031675785702422715,1.044367346444529e-19,4,177.661,-4.93878,-13.222,164.61,161.608,157.732,154.37,0.559269,2751.18,0.0745627,13130.2,8.0,4.16121,95.5797,55.6727,43.1751,38.1694,36.1125,35.113,34.2882,33.721,33.1647,32.6193,32.0848,31.3545,30.5454,29.1002,26.4793,22.8334,18.9733,11.865,-1.0,-1.0,-1.0,-1.0,-1.0
54.806,0.1625,0.023756839276817036,6.78838775188944e-20,4,177.278,-5.21883,-13.1124,164.276,161.239,157.348,153.918,0.542206,2752.2,0.0747372,13095.0,8.0,4.32784,100.544,56.471,43.2944,38.0959,35.9724,34.9433,34.0953,33.5174,32.9597,32.4142,31.8795,31.1492,30.3403,28.8958,26.2782,22.6414,18.7976,11.7388,-1.0,-1.0,-1.0,-1.0,-1.0
54.826,0.1625,0.017817629457612776,4.4124520387281355e-20,4,176.883,-5.48981,-13.0099,163.923,160.863,156.958,153.478,0.524892,2753.22,0.074774,13060.0,8.0,4.49645,106.603,57.4195,43.4726,38.0606,35.8643,34.8027,33.9295,33.3351,32.7636,32.2137,31.6788,30.9482,30.1392,28.6951,26.0799,22.4512,18.6227,11.6118,-1.0,-1.0,-1.0,-1.0,-1.0
54.846,0.1625,0.013363222093209582,2.868093825173288e-20,4,176.478,-5.74641,-12.8941,163.566,160.465,156.585,153.031,0.507381,2754.24,0.0745541,13025.5,8.0,4.66576,114.221,58.5709,43.7325,38.0789,35.8008,34.7032,33.8017,33.189,32.6005,32.0349,31.491,30.7591,29.9494,28.5048,25.8904,22.2677,18.4521,11.4855,-1.0,-1.0,-1.0,-1.0,-1.0
54.866,0.1625,0.010022416569907187,1.864260986362637e-20,4,176.064,-6.01548,-12.7906,163.203,160.067,156.201,152.593,0.4897,2755.25,0.0741088,12990.9,8.0,4.83569,123.935,59.9486,44.0769,38.151,35.7816,34.6437,33.7111,33.0781,32.4708,31.8877,31.3277,30.5796,29.7678,28.322,25.7073,22.0887,18.2844,11.3595,-1.0,-1.0,-1.0,-1.0,-1.0
54.886,0.1625,0.00751681242743039,1.2117696411357141e-20,4,175.645,-6.26765,-12.6921,162.818,159.675,155.809,152.191,0.471888,2756.26,0.0735971,12957.7,8.0,5.00677,136.453,61.5567,44.4966,38.2679,35.7983,34.6164,33.6498,32.9947,32.367,31.7651,31.1876,30.4172,29.5873,28.139,25.5237,21.9091,18.116,11.2327,-1.0,-1.0,-1.0,-1.0,-1.0
54.906,0.1625,0.005637609320572792,7.876502667382142e-21,4,175.222,-6.43036,-12.5725,162.397,159.305,155.405,151.851,0.453986,2757.27,0.0733325,12926.2,8.0,5.18051,152.594,63.3521,44.9589,38.4039,35.828,34.5999,33.5975,32.9193,32.2704,31.6489,31.0532,30.2597,29.4063,27.9408,25.3267,21.7186,17.9396,11.1032,-1.0,-1.0,-1.0,-1.0,-1.0
54.926,0.1625,0.004228206990429594,5.119726733798392e-21,4,174.802,-6.53513,-12.4734,161.963,158.951,154.973,151.489,0.436016,2758.27,0.0733897,12892.8,8.0,5.35735,173.982,65.3408,45.4564,38.5523,35.8647,34.5882,33.5488,32.8467,32.1759,31.5342,30.9199,30.1028,29.2255,27.7252,25.1128,21.5148,17.7536,10.9706,-1.0,-1.0,-1.0,-1.0,-1.0
54.946,0.1625,0.0031711552428221957,3.3278223769689547e-21,4,174.381,-6.59929,-12.3795,161.539,158.582,154.557,151.112,0.41797,2759.27,0.07359,12859.4,8.0,5.53632,200.0,67.6154,46.0207,38.7339,35.9256,34.5974,33.5185,32.791,32.0969,31.4339,30.7999,29.958,29.0556,27.516,24.8905,21.3042,17.5627,10.8362,-1.0,-1.0,-1.0,-1.0,-1.0
54.966,0.1625,0.002378366432116647,2.1630845450298206e-21,4,173.955,-6.66946,-12.2677,161.162,158.171,154.199,150.694,0.39989,2760.26,0.0734808,12826.8,8.0,5.71372,200.0,70.4194,46.7409,39.0074,36.0603,34.6728,33.5486,32.7921,32.0715,31.3841,30.7279,29.8576,28.9267,27.3428,24.6811,21.1036,17.379,10.7039,-1.0,-1.0,-1.0,-1.0,-1.0
54.986,0.1625,0.0017837748240874852,1.4060049542693836e-21,4,173.528,-6.78314,-12.1719,160.794,157.761,153.834,150.281,0.381788,2761.25,0.0730993,12794.1,8.0,5.8898,200.0,73.8657,47.6306,39.3764,36.27,34.8147,33.6392,32.8498,32.0991,31.3842,30.7028,29.8008,28.8378,27.204,24.4812,20.9105,17.2004,10.5732,-1.0,-1.0,-1.0,-1.0,-1.0
55.006,0.1625,0.001337831118065614,9.139032202750993e-22,4,173.099,-6.88838,-12.0713,160.407,157.364,153.468,149.926,0.363675,2762.24,0.0726649,12764.0,8.0,6.06586,200.0,78.0399,48.6801,39.8281,36.5421,35.0112,33.7784,32.9526,32.1686,31.4233,30.7142,29.7771,28.7789,27.0906,24.2914,20.7178,17.0221,10.4426,-1.0,-1.0,-1.0,-1.0,-1.0
55.026,0.1625,0.0010033733385492105,5.940370931788146e-22,4,172.674,-6.87206,-11.9382,159.966,157.009,153.055,149.632,0.3456,2763.22,0.0726911,12734.0,8.0,6.24546,196.959,82.8478,49.8062,40.3017,36.8248,35.2143,33.9215,33.0577,32.2392,31.4626,30.7248,29.7518,28.7178,26.9743,24.0987,20.508,16.8319,10.3087,-1.0,-1.0,-1.0,-1.0,-1.0
55.046,0.1625,0.0007525300039119079,3.861241105662295e-22,4,172.256,-6.79278,-11.8316,159.517,156.677,152.621,149.316,0.327566,2764.2,0.0732028,12702.4,8.0,6.42917,187.387,88.4108,51.0071,40.7929,37.1138,35.4198,34.0648,33.1616,32.3075,31.4987,30.7316,29.7221,28.6517,26.8527,23.9014,20.2806,16.6295,10.1714,-1.0,-1.0,-1.0,-1.0,-1.0
55.066,0.1625,0.000564397502933931,2.509806718680492e-22,4,171.842,-6.68392,-11.7302,159.095,156.32,152.22,148.963,0.30954,2765.17,0.0738613,12670.7,8.0,6.61471,118.686,95.2076,52.3759,41.3551,37.4521,35.6666,34.2436,33.2978,32.4051,31.5615,30.7629,29.7141,28.6048,26.7469,23.7159,20.0474,16.4232,10.0332,-1.0,-1.0,-1.0,-1.0,-1.0
55.086,0.1625,0.0004232981272004482,1.6313743671423198e-22,4,171.423,-6.63049,-11.6089,158.753,155.901,151.904,148.536,0.291567,2766.14,0.07395,12639.5,8.0,6.79521,78.6748,104.462,54.1537,42.1253,37.9484,36.0519,34.5467,33.5492,32.6101,31.7245,30.8881,29.7922,28.6363,26.7076,23.5807,19.8344,16.2312,9.89945,-1.0,-1.0,-1.0,-1.0,-1.0
55.106,0.1625,0.25031747359540035,1.0603933386425078e-22,4,171.004,-6.67442,-11.5122,158.424,155.482,151.572,148.107,0.273642,2767.11,0.073558,12607.4,8.0,6.97147,61.919,117.325,56.4065,43.1197,38.6104,36.5803,34.9767,33.9177,32.9235,31.9882,31.1068,29.9552,28.7443,26.7324,23.4931,19.6478,16.0499,9.76924,-1.0,-1.0,-1.0,-1.0,-1.0
55.126,0.1625,0.43773810519655026,6.892556701176301e-23,4,170.818,-6.70118,-11.4085,158.106,155.17,151.677,151.677,0.255751,2768.07,0.0733706,12761.6,8.0,7.14958,53.092,134.804,59.0227,44.2477,39.3601,37.1799,35.4668,34.3396,33.2844,32.2944,31.3639,30.1517,28.8811,26.7795,23.4204,19.4715,15.8631,9.63763,-1.0,-1.0,-1.0,-1.0,-1.0
55.146,0.1625,0.5783035788974127,4.480161855764596e-23,4,170.764,-6.46432,-11.2666,157.811,155.124,152.788,152.788,0.237911,2769.04,0.07467,12858.0,8.0,7.34227,48.5098,156.27,61.5436,45.2411,39.9846,37.6612,35.8444,34.6536,33.5417,32.5014,31.526,30.2586,28.9345,26.7536,23.2916,19.2586,15.6406,9.49585,-1.0,-1.0,-1.0,-1.0,-1.0
55.166,0.1625,0.6837276841730595,2.9121052062469876e-23,4,170.868,-6.10005,-11.1634,157.646,155.232,153.915,153.915,0.22006,2770.0,0.0772349,12953.4,8.0,7.54938,45.8776,200.0,63.9636,46.1036,40.4905,38.0314,36.1178,34.8679,33.704,32.6177,31.6016,30.2847,28.913,26.6629,23.114,19.0149,15.388,9.34543,-1.0,-1.0,-1.0,-1.0,-1.0
55.186,0.1625,0.7627957631297946,1.892868384060542e-23,4,171.093,-5.69895,-11.0803,157.668,155.444,154.962,154.962,0.202085,2770.96,0.080476,13041.8,8.0,7.76715,44.0853,200.0,66.4932,46.9459,40.9647,38.368,36.3573,35.0486,33.8333,32.7019,31.646,30.281,28.8635,26.5476,22.9181,18.761,15.1193,9.19,-1.0,-1.0,-1.0,-1.0,-1.0
55.206,0.1625,0.8220968223473459,1.2303644496393523e-23,4,171.406,-5.3695,-10.9757,157.915,155.683,155.885,155.885,0.183947,2771.92,0.0834019,13119.6,8.0,7.98583,42.3959,200.0,69.7069,48.0338,41.6061,38.8447,36.718,35.3393,34.0629,32.8778,31.7748,30.3531,28.8815,26.4878,22.7627,18.5347,14.864,9.03607,-1.0,-1.0,-1.0,-1.0,-1.0
55.226,0.1625,0.8665726167605095,7.99736892265579e-24,4,171.788,-5.17674,-10.8965,158.261,155.963,156.717,156.717,0.165585,2772.88,0.0859739,13189.7,8.0,8.20563,40.7962,199.816,73.8233,49.4193,42.4448,39.4839,37.218,35.7555,34.4062,33.1575,31.9986,30.5095,28.974,26.4884,22.6501,18.3369,14.6285,8.88313,-1.0,-1.0,-1.0,-1.0,-1.0
55.246,0.1625,0.8999294625703821,5.198289799726264e-24,4,172.237,-5.05109,-10.8163,158.639,156.304,157.319,157.319,0.146923,2773.84,0.0884716,13236.6,8.0,8.43018,39.3681,195.414,78.9488,51.0805,43.4533,40.2582,37.8304,36.2713,34.8381,33.5164,32.2936,30.7281,29.1201,26.5311,22.5662,18.1578,14.4065,8.72882,-1.0,-1.0,-1.0,-1.0,-1.0
55.266,0.1625,0.9249470969277865,3.3788883698220715e-24,4,172.75,-4.79551,-10.6694,159.005,156.763,157.531,157.531,0.127959,2774.8,0.0916888,13257.5,8.0,8.66943,38.3117,190.906,84.6799,52.7844,44.4549,41.0144,38.4187,36.7604,35.2419,33.8463,32.5594,30.9176,29.238,26.5481,22.4625,17.9673,14.1803,8.56825,5.24132,5.24776,5.25594,5.26588,5.27758
55.286,0.1625,0.9437103226958399,2.1962774403843465e-24,4,173.27,-4.47033,-10.5494,159.378,157.292,158.104,158.104,0.108655,2775.76,0.0957181,13306.6,8.0,8.92631,37.559,186.307,90.9648,54.4714,45.4068,41.7158,38.9516,37.1945,35.5917,34.1237,32.7745,31.0593,29.3115,26.5268,22.331,17.7608,13.9477,8.40089,-1.0,-1.0,-1.0,-1.0,-1.0
55.306,0.1625,0.9577827420218799,1.4275803362498253e-24,4,173.8,-4.15094,-10.4413,159.822,157.848,158.826,158.826,0.0889244,2776.73,0.100003,13368.1,8.0,9.19204,36.898,181.208,98.5608,56.3561,46.4544,42.4849,39.535,37.6703,35.9762,34.4304,33.0144,31.2207,29.4006,26.5163,22.2065,17.5602,13.7212,8.22977,-1.0,-1.0,-1.0,-1.0,-1.0
55.326,0.1625,0.9683370565164099,9.279272185623865e-25,4,174.33,-3.95585,-10.2804,160.462,158.327,159.583,159.583,0.0687777,2777.69,0.103224,13431.5,8.0,9.4254,35.9901,173.92,110.257,59.1511,48.0588,43.7001,40.4931,38.4796,36.6593,35.0061,33.4981,31.5965,29.6766,26.6542,22.1828,17.4219,13.5333,8.06267,-1.0,-1.0,-1.0,-1.0,-1.0
55.346,0.1625,0.9762527923873074,6.0315269206555125e-25,4,174.874,-4.0016,-10.1557,161.099,158.731,160.296,160.296,0.0482025,2778.66,0.105334,13491.6,8.0,9.62266,34.8935,148.915,129.118,63.2022,50.3877,45.482,41.9176,39.699,37.7061,35.9064,34.2731,32.2251,30.1702,26.9612,22.2709,17.3501,13.3856,7.89917,-1.0,-1.0,-1.0,-1.0,-1.0
55.366,0.1625,0.9821895942904806,3.9204924984260833e-25,4,175.441,-4.16159,-10.0352,161.675,159.151,160.802,160.802,0.0271721,2779.63,0.106898,13528.7,8.0,9.79244,33.7722,119.07,160.222,68.6694,53.4486,47.8096,43.7754,41.2906,39.0755,37.0886,35.2966,33.0642,30.8407,27.4004,22.4416,17.3254,13.266,7.73622,-1.0,-1.0,-1.0,-1.0,-1.0
55.386,0.1625,0.9866421957178604,2.5483201239769543e-25,4,176.048,-4.16408,-9.81976,162.171,159.683,160.766,160.766,0.00572586,2780.6,0.108976,13530.0,8.0,9.94934,32.8253,100.936,198.273,75.2707,56.9606,50.4317,45.8411,43.0463,40.5756,38.3759,36.4051,33.9672,31.5578,27.8666,22.6227,17.305,13.1507,7.57738,-1.0,-1.0,-1.0,-1.0,-1.0
55.406,0.1625,0.9899816467883953,1.6564080805850203e-25,4,176.621,-4.06929,-9.64255,162.616,160.267,161.334,161.334,-0.016126,2781.57,0.111836,13579.1,8.0,10.0975,32.0607,89.1275,194.582,83.0505,60.8479,53.2673,48.0382,44.8944,42.1398,39.7065,37.5416,34.8834,32.2773,28.3249,22.7919,17.2768,13.0334,7.42447,-1.0,-1.0,-1.0,-1.0,-1.0
55.426,0.1625,0.9924862350912964,1.0766652523802632e-25,4,177.181,-3.97266,-9.50169,163.094,160.853,162.133,162.133,-0.0384369,2782.54,0.114927,13646.9,8.0,10.2305,31.3586,80.3509,190.741,93.0761,65.5317,56.6116,50.5937,47.0273,43.9337,41.2249,38.8336,35.9209,33.0906,28.8448,22.9934,17.2658,12.928,7.28049,-1.0,-1.0,-1.0,-1.0,-1.0
55.446,0.1625,0.9943646763184724,6.998324140471712e-26,4,177.733,-4.00566,-9.35379,163.707,161.341,162.94,162.94,-0.0612055,2783.51,0.117083,13714.6,8.0,10.3334,30.5399,72.5792,186.276,108.812,72.3204,61.3614,54.1854,50.0123,46.4393,43.3459,40.6418,37.3816,34.2482,29.6104,23.3395,17.3322,12.866,7.15225,-1.0,-1.0,-1.0,-1.0,-1.0
55.466,0.1625,0.9957735072388543,4.5489106913066125e-26,4,178.295,-4.23079,-9.30078,164.256,161.771,163.701,163.701,-0.0840625,2784.49,0.110746,13778.4,8.0,10.4132,29.6901,66.0118,181.156,134.297,81.9481,67.8585,58.9928,53.9619,49.7252,46.1086,42.9855,39.2669,35.74,30.6027,23.8093,17.4607,12.8381,7.03733,-1.0,-1.0,-1.0,-1.0,-1.0
55.486,0.1625,0.9968301304291407,2.956791949349298e-26,4,178.889,-4.47521,-9.29308,164.716,162.24,164.133,164.133,-0.105572,2785.48,0.100138,13808.4,8.0,10.4814,28.9148,60.8101,175.456,194.666,95.0267,76.2201,64.9781,58.7898,53.6815,49.3934,45.7429,41.4585,37.4562,31.7297,24.3399,17.6152,12.8245,6.93128,-1.0,-1.0,-1.0,-1.0,-1.0
55.506,0.1625,0.9976225978218556,1.9219147670770437e-26,4,179.507,-4.47108,-9.27736,165.09,162.827,164.281,164.281,-0.125607,2786.47,0.0910246,13828.0,8.0,10.5541,28.344,57.1673,169.577,191.225,110.744,85.5629,71.3742,63.8204,57.7164,52.6818,48.4582,43.5735,39.0786,32.76,24.7953,17.7264,12.7908,6.82715,-1.0,-1.0,-1.0,-1.0,-1.0
55.526,0.1625,0.9982169483663916,1.2492445986000784e-26,4,180.058,-4.41588,-9.43979,165.443,163.425,165.542,165.542,-0.144228,2787.46,0.0830738,13936.2,8.0,10.6276,27.9094,54.4741,162.955,187.974,130.221,96.1943,78.3034,69.1265,61.8792,56.0112,51.1633,45.6388,40.6323,33.7157,25.1934,17.8063,12.7441,6.72651,-1.0,-1.0,-1.0,-1.0,-1.0
55.546,0.1625,0.9986627112747937,8.120089890900509e-27,4,180.608,-4.459,-9.72179,165.865,163.957,166.884,166.884,-0.16159,2788.46,0.075216,14048.7,8.0,10.6899,27.4828,52.0812,148.479,184.605,192.357,110.488,87.1366,75.7138,66.9432,59.9978,54.3618,48.0489,42.4261,34.8077,25.6513,17.913,12.7128,6.63436,-1.0,-1.0,-1.0,-1.0,-1.0
55.566,0.1625,0.9989970334560953,5.2780584290853305e-27,4,181.169,-4.60111,-10.0278,166.372,164.468,168.046,168.046,-0.177751,2789.46,0.066919,14145.5,8.0,10.7354,27.0112,49.7506,127.956,180.907,189.195,132.479,99.7761,84.8269,73.7784,65.2807,58.5424,51.1563,44.717,36.1941,26.2466,18.0811,12.713,6.55346,-1.0,-1.0,-1.0,-1.0,-1.0
55.586,0.1625,0.9992477750920714,3.430737978905465e-27,4,181.732,-4.87372,-10.2703,167.017,164.945,168.942,168.942,-0.192655,2790.46,0.0573365,14219.8,8.0,10.7539,26.4203,47.2284,110.446,176.458,185.515,189.481,121.49,99.6921,84.5313,73.3783,64.8297,55.745,48.0572,38.2003,27.1305,18.375,12.7739,6.48934,-1.0,-1.0,-1.0,-1.0,-1.0
55.606,0.1625,0.9994358313190536,2.2299796862885522e-27,4,182.301,-5.33355,-10.5143,167.653,165.354,169.671,169.671,-0.206245,2791.47,0.0466229,14280.8,8.0,10.7479,25.7426,44.6486,95.8878,171.037,181.252,185.571,188.944,125.703,102.187,86.0886,74.377,62.4846,52.8387,40.9952,28.3492,18.8039,12.8968,6.442,-1.0,-1.0,-1.0,-1.0,-1.0
55.626,0.1625,0.9995768734892901,1.449486796087559e-27,4,182.894,-5.84724,-10.7203,168.234,165.771,169.961,169.961,-0.218469,2792.48,0.0353629,14299.7,8.0,10.7249,25.0426,42.2106,84.3222,164.359,176.45,181.24,184.92,187.323,132.629,106.391,88.8246,72.1549,59.4213,44.6664,29.8893,19.3477,13.0693,6.40893,-1.0,-1.0,-1.0,-1.0,-1.0
55.646,0.1625,0.9996826551169676,9.421664174569134e-28,4,183.509,-6.166,-10.8588,168.739,166.289,169.871,169.871,-0.229235,2793.5,0.0247156,14296.0,8.0,10.6981,24.4136,40.1547,75.7984,155.734,171.396,176.779,180.818,183.426,185.848,138.312,109.7,85.0742,67.7141,48.9955,31.5971,19.9317,13.2572,6.38433,-1.0,-1.0,-1.0,-1.0,-1.0
55.666,0.1625,0.9997619913377257,6.124081713469937e-28,4,184.082,-6.32028,-11.0252,169.187,166.857,170.405,170.405,-0.238475,2794.52,0.0149371,14342.7,8.0,10.6694,23.862,38.4463,69.4272,135.479,166.103,172.259,176.718,179.554,182.164,184.589,141.09,102.463,78.0563,53.9777,33.4294,20.5357,13.4523,6.36736,-1.0,-1.0,-1.0,-1.0,-1.0
55.686,0.1625,0.9998214935032943,3.980653113755459e-28,4,184.636,-6.42552,-11.2362,169.636,167.409,171.248,171.248,-0.24621,2795.54,0.00557106,14414.2,8.0,10.6338,23.3449,36.9321,64.2717,116.472,160.124,167.467,172.466,175.572,178.401,181.006,183.426,128.363,91.9552,60.053,35.5012,21.1979,13.6709,6.36078,-1.0,-1.0,-1.0,-1.0,-1.0
55.706,0.1625,0.9998661201274708,2.5874245239410485e-28,4,185.183,-6.53561,-11.4428,170.136,167.949,172.108,172.108,-0.252447,2796.57,-0.00392276,14486.2,8.0,10.5859,22.8219,35.489,59.7533,102.006,152.016,161.977,167.788,171.26,174.365,177.191,179.795,183.135,112.98,68.1216,38.0192,21.979,13.9358,6.36823,-1.0,-1.0,-1.0,-1.0,-1.0
55.726,0.1625,0.9998995900956031,1.6818259405616816e-28,4,185.73,-6.75586,-11.6296,170.704,168.423,172.844,172.844,-0.257138,2797.6,-0.0142368,14547.8,8.0,10.5185,22.2505,34.0049,55.4671,89.8479,130.413,154.674,162.146,166.211,169.725,172.859,175.709,179.325,183.039,80.2402,41.3749,22.9792,14.2824,6.39509,-1.0,-1.0,-1.0,-1.0,-1.0
55.746,0.1625,0.9999246925717024,1.093186861365093e-28,4,186.277,-7.08751,-11.8298,171.257,168.859,173.507,173.507,-0.260267,2798.63,-0.0251177,14603.3,8.0,10.4349,21.6533,32.5353,51.5241,79.7735,110.072,138.084,154.922,160.167,164.355,167.946,171.135,175.114,179.145,99.3359,45.8025,24.2165,14.7104,6.44063,-1.0,-1.0,-1.0,-1.0,-1.0
55.766,0.1625,0.9999435194287768,7.105714598873105e-29,4,186.857,-7.40113,-11.99,171.77,169.311,173.67,173.67,-0.26179,2799.67,-0.0360778,14614.1,8.0,10.3404,21.0614,31.1479,48.0405,71.6297,95.0783,115.231,141.495,152.516,158.083,162.42,166.102,170.563,174.987,131.319,51.5095,25.6776,15.2077,6.5027,-1.0,-1.0,-1.0,-1.0,-1.0
55.786,0.1625,0.9999576395715826,4.618714489267518e-29,4,187.435,-7.54721,-12.1284,172.23,169.84,173.847,173.847,-0.261659,2800.71,-0.046325,14630.7,8.0,10.2422,20.5145,29.9225,45.1393,65.3273,84.263,99.7062,118.772,137.576,150.525,156.328,160.764,165.866,170.763,178.337,58.4631,27.28,15.741,6.57664,-1.0,-1.0,-1.0,-1.0,-1.0
55.806,0.1625,0.9999682296786869,3.002164418023887e-29,4,187.997,-7.55958,-12.2809,172.664,170.402,174.293,174.293,-0.259852,2801.76,-0.0558289,14669.0,8.0,10.1402,20.0071,28.833,42.6915,60.3224,76.1252,88.5189,103.243,117.176,135.468,149.052,154.948,160.987,166.477,174.693,66.9865,29.0241,16.3087,6.66251,-1.0,-1.0,-1.0,-1.0,-1.0
55.826,0.1625,0.9999761722590153,1.9514068717155263e-29,4,188.553,-7.50729,-12.4519,173.111,170.96,174.874,174.874,-0.256374,2802.8,-0.0648921,14718.2,8.0,10.0313,19.5192,27.8263,40.5335,56.1308,69.5974,79.8361,91.6479,102.488,116.247,134.285,147.887,155.679,161.996,170.982,77.9348,30.9748,16.9282,6.76264,-1.0,-1.0,-1.0,-1.0,-1.0
55.846,0.04250000000000001,0.9999821291942614,1.2684144666150923e-29,4,189.104,-7.43058,-12.5876,173.625,171.515,175.448,175.448,-0.251212,2803.85,-0.0740622,14766.2,8.0,9.91072,19.0232,26.8386,38.5031,52.3595,63.933,72.5012,82.1471,90.7835,101.457,114.985,132.687,149.228,156.991,167.017,93.4192,33.2883,17.6384,6.88175,-1.0,-1.0,-1.0,-1.0,-1.0
55.866,0.0,0.999986596895696,8.244694032998099e-30,4,189.668,-7.49832,-12.7174,174.554,172.553,175.921,175.921,-0.244416,2804.91,-0.0828698,14805.4,8.0,9.783,18.5403,25.9106,36.6708,49.0924,59.1799,66.4852,74.5495,81.6292,90.2023,100.796,114.219,139.762,151.417,162.905,115.377,35.9141,18.415,7.01619,-1.0,-1.0,-1.0,-1.0,-1.0
55.886,0.0,0.999989947671772,5.3590511214487646e-30,4,190.289,-7.34714,-12.8356,175.137,173.586,176.189,176.189,-0.23618,2805.96,-0.0893377,14825.8,8.0,9.66554,18.1512,25.198,35.3301,46.8016,55.9446,62.4717,69.5865,75.7563,83.1336,92.111,103.27,124.382,146.21,159.38,175.003,38.2504,19.1025,7.14741,-1.0,-1.0,-1.0,-1.0,-1.0
55.906,0.0,0.999992460753829,3.4833832289416974e-30,4,190.98,-6.69179,-12.8904,175.499,174.512,175.88,175.88,-0.226563,2807.02,-0.0932263,14799.5,8.0,9.55935,17.855,24.6905,34.4319,45.3394,53.9416,60.0338,66.6287,72.3093,79.0555,87.1973,97.2176,115.872,141.93,156.693,172.877,40.0219,19.6524,7.2713,-1.0,-1.0,-1.0,-1.0,-1.0
55.926,0.0,0.9999943455653717,2.2641990988121032e-30,4,191.669,-5.72256,-12.9315,175.891,175.397,175.786,175.786,-0.215585,2808.08,-0.0950783,14792.4,8.0,9.45929,17.6231,24.3252,33.8373,44.4333,52.7493,58.6174,64.9498,70.3881,76.8263,84.5679,94.0526,111.587,138.871,154.761,171.222,41.2445,20.0845,7.39103,-1.0,-1.0,-1.0,-1.0,-1.0
55.946,0.0,0.9999957591740287,1.4717294142278671e-30,4,192.354,-4.63353,-12.9637,176.353,176.215,175.862,175.862,-0.203376,2809.15,-0.0955513,14799.4,8.0,9.36063,17.428,24.0447,33.4258,43.8623,52.0432,57.8106,64.0297,69.3661,75.6793,83.2636,92.5451,109.675,137.083,153.371,169.893,42.0597,20.4372,7.51037,-1.0,-1.0,-1.0,-1.0,-1.0
55.966,0.0,0.9999968193805215,9.566241192481137e-31,4,193.031,-3.57662,-12.9782,176.889,176.963,176.082,176.082,-0.19009,2810.21,-0.0952519,14818.5,8.0,9.25956,17.2469,23.8019,33.1016,43.456,51.579,57.3087,63.4903,68.7972,75.0783,82.6285,91.8749,108.959,136.162,152.284,168.743,42.6493,20.7522,7.63286,-1.0,-1.0,-1.0,-1.0,-1.0
55.986,0.0,0.9999976145353912,6.218056775112738e-31,4,193.699,-2.65953,-12.97,177.479,177.638,176.409,176.409,-0.17592,2811.28,-0.0946849,14846.3,8.0,9.1536,17.0628,23.561,32.7916,43.0852,51.1725,56.8831,63.0502,68.3493,74.6272,82.1818,91.4461,108.599,135.496,151.287,167.647,43.1821,21.0657,7.76108,-1.0,-1.0,-1.0,-1.0,-1.0
56.006,0.0,0.9999982109015434,4.041736903823281e-31,4,194.36,-1.9211,-12.9517,178.086,178.266,176.814,176.814,-0.161049,2812.36,-0.0940808,14880.7,8.0,9.04236,16.8695,23.3079,32.466,42.6958,50.7454,56.4365,62.5886,67.8801,74.1552,81.7155,91.0001,108.23,134.807,150.289,166.549,43.7321,21.3923,7.89536,-1.0,-1.0,-1.0,-1.0,-1.0
56.026,0.0,0.9999986581761575,2.6271289874851326e-31,4,195.023,-1.34957,-12.9066,178.702,178.873,177.171,177.171,-0.145621,2813.44,-0.0935453,14910.7,8.0,8.92616,16.665,23.0375,32.1128,42.2653,50.2653,55.9274,62.0534,67.3276,73.5875,81.1375,90.4216,107.685,133.992,149.246,165.423,44.3316,21.7376,8.03535,-1.0,-1.0,-1.0,-1.0,-1.0
56.046,0.0,0.9999989936321181,1.7076338418653362e-31,4,195.674,-0.922401,-12.843,179.32,179.47,177.646,177.646,-0.129773,2814.52,-0.0931171,14951.1,8.0,8.80581,16.4501,22.7501,31.7306,41.7893,49.7244,55.3453,61.4313,66.6745,72.9023,80.4206,89.6749,106.912,133.032,148.146,164.262,44.9883,22.1018,8.18017,-1.0,-1.0,-1.0,-1.0,-1.0
56.066,0.0,0.9999992452240886,1.1099619972124687e-31,4,196.32,-0.616823,-12.7753,179.933,180.054,178.194,178.194,-0.113612,2815.6,-0.092819,14997.4,8.0,8.68199,16.2254,22.446,31.3194,41.2662,49.1193,54.6855,60.7155,65.9129,72.0895,79.55,88.7405,105.88,131.913,146.983,163.061,45.7074,22.4847,8.32909,-1.0,-1.0,-1.0,-1.0,-1.0
56.086,0.0,0.9999994339180664,7.214752981881047e-32,4,196.961,-0.405931,-12.7092,180.541,180.633,178.774,178.774,-0.0972075,2816.69,-0.0926483,15046.3,8.0,8.5553,15.9924,22.1275,30.8821,40.7007,48.456,53.9547,59.9135,65.0509,71.158,78.5372,87.6314,104.602,130.644,145.759,161.822,46.4855,22.8848,8.4815,-1.0,-1.0,-1.0,-1.0,-1.0
56.106,0.0,0.9999995754385498,4.689589438222681e-32,4,197.601,-0.264495,-12.6718,181.14,181.197,179.374,179.374,-0.0806109,2817.78,-0.0925759,15096.9,8.0,8.4264,15.7531,21.7979,30.4252,40.1028,47.7484,53.1699,59.0459,64.1126,70.1364,77.4159,86.389,103.139,129.252,144.486,160.551,47.3107,23.2986,8.63666,-1.0,-1.0,-1.0,-1.0,-1.0
56.126,0.0,0.9999996815789123,3.0482331348447427e-32,4,198.239,-0.169112,-12.6445,181.737,181.773,179.977,179.977,-0.0638618,2818.88,-0.0925654,15147.5,8.0,8.29587,15.5093,21.4607,29.955,39.4837,47.0118,52.3503,58.136,63.1254,69.0571,76.2255,85.0618,101.556,127.765,143.18,159.259,48.1685,23.722,8.79389,-1.0,-1.0,-1.0,-1.0,-1.0
56.146,0.0,0.9999997611841842,1.981351537649083e-32,4,198.87,-0.104452,-12.6344,182.331,182.352,180.662,180.662,-0.0469878,2819.98,-0.0925968,15206.5,8.0,8.16407,15.2622,21.1182,29.4757,38.8501,46.2557,51.507,57.1978,62.105,67.9387,74.9884,83.6782,99.8961,126.199,141.85,157.95,49.0496,24.1527,8.95274,-1.0,-1.0,-1.0,-1.0,-1.0
56.166,0.0,0.9999998208881382,1.287878499471904e-32,4,199.502,-0.0680081,-12.6491,182.916,182.922,181.327,181.327,-0.0299969,2821.08,-0.0927003,15260.9,8.0,8.0309,15.0111,20.7686,28.9836,38.1954,45.4705,50.6283,56.217,61.035,66.7618,73.6808,82.2067,98.1138,124.499,140.482,156.616,49.9684,24.5938,9.11349,-1.0,-1.0,-1.0,-1.0,-1.0
56.186,0.0,0.9999998656661037,8.371210246567376e-33,4,200.143,-0.048198,-12.6495,183.506,183.507,181.843,181.843,-0.0129004,2822.18,-0.0928381,15304.2,8.0,7.89669,14.7574,20.4148,28.4845,37.5299,44.6709,49.7322,55.2151,59.9407,65.5565,72.3394,80.6947,96.275,122.68,139.091,155.268,50.9089,25.0414,9.27566,-1.0,-1.0,-1.0,-1.0,-1.0
56.206,0.0,0.9999998992495778,5.441286660268795e-33,4,200.782,-0.0355867,-12.6388,184.095,184.096,182.361,182.361,0.00427739,2823.29,-0.0929821,15347.8,8.0,7.76184,14.5025,20.0594,27.983,36.861,43.8675,48.8317,54.2082,58.8411,64.3452,70.9913,79.1752,94.4274,120.743,137.69,153.912,51.8584,25.4923,9.43872,-1.0,-1.0,-1.0,-1.0,-1.0
56.226,0.0,0.9999999244371833,3.536836329174717e-33,4,201.421,-0.0267611,-12.6797,184.66,184.651,182.885,182.885,0.0215577,2824.41,-0.0931228,15392.0,8.0,7.62625,14.2464,19.7024,27.4797,36.1903,43.0621,47.9295,53.1999,57.7403,63.1333,69.6433,77.6568,92.5832,118.63,136.282,152.55,52.8142,25.9459,9.60275,-1.0,-1.0,-1.0,-1.0,-1.0
56.246,0.0,0.9999999433278874,2.298943613963566e-33,4,202.058,-0.0185789,-12.7435,185.237,185.221,183.428,183.428,0.0389154,2825.52,-0.0932453,15437.8,8.0,7.4902,13.9899,19.3452,26.977,35.5218,42.2604,47.0325,52.1985,56.6481,61.932,68.3089,76.1561,90.7657,116.279,134.872,151.185,53.7682,26.4001,9.76736,-1.0,-1.0,-1.0,-1.0,-1.0
56.266,0.0,0.9999999574959155,1.494313349076318e-33,4,202.68,-0.00830296,-12.8307,185.822,185.805,184.136,184.136,0.0563624,2826.64,-0.0933307,15503.4,8.0,7.35371,13.7333,18.9889,26.477,34.8589,41.4677,46.1469,51.2116,55.5734,60.7523,67.0013,74.6896,88.9986,113.973,133.47,149.824,54.711,26.8529,9.93241,5.7087,5.69675,5.68657,5.67816,5.6715
56.286,0.0,0.9999999681219367,9.713036768996067e-34,4,203.274,-0.00171436,-13.025,186.381,186.357,185.326,185.326,0.073891,2827.76,-0.0934399,15597.5,8.0,7.21645,13.475,18.6296,25.9722,34.1887,40.6652,45.2497,50.2111,54.483,59.5543,65.6722,73.1971,87.1961,111.611,132.049,148.449,55.6709,27.3107,10.0986,-1.0,-1.0,-1.0,-1.0,-1.0
56.306,0.0,0.9999999760914525,6.313473899847444e-34,4,203.922,-0.00447823,-13.1525,186.967,186.943,185.696,185.696,0.0914919,2828.89,-0.0935782,15627.6,8.0,7.07849,13.2148,18.2675,25.4625,33.5108,39.8524,44.3401,49.1957,53.3755,58.3364,64.3193,71.6758,85.3541,109.187,130.607,147.061,56.6506,27.7742,10.2658,-1.0,-1.0,-1.0,-1.0,-1.0
56.326,0.0,0.9999999820685894,4.103758034900839e-34,4,204.567,-0.00453916,-13.2297,187.564,187.548,186.048,186.048,0.109175,2830.02,-0.0936983,15657.6,8.0,6.94003,12.9542,17.9051,24.9533,32.8346,39.0427,43.435,48.1862,52.2754,57.1278,62.9785,70.1702,83.5359,106.805,129.163,145.671,57.6279,28.2381,10.4336,-1.0,-1.0,-1.0,-1.0,-1.0
56.346,0.0,0.9999999865514421,2.6674427226855454e-34,4,205.21,-0.000962876,-13.321,188.133,188.122,186.452,186.452,0.126931,2831.15,-0.0937947,15691.7,8.0,6.80115,12.6933,17.5427,24.4451,32.1614,38.2377,42.5362,47.185,51.1855,55.9318,61.6534,68.6849,81.748,104.474,127.719,144.279,58.5992,28.7016,10.6019,-1.0,-1.0,-1.0,-1.0,-1.0
56.366,0.0,0.9999999899135815,1.7338377697456046e-34,4,205.848,0.00538045,-13.4117,188.712,188.704,186.893,186.893,0.144765,2832.29,-0.0938676,15729.0,8.0,6.66183,12.432,17.1804,23.9379,31.4906,37.4371,41.643,46.1911,50.1044,54.7468,60.3424,67.2182,79.9873,102.193,126.277,142.887,59.5637,29.1645,10.7706,-1.0,-1.0,-1.0,-1.0,-1.0
56.386,0.0,0.9999999924351861,1.1269945503346431e-34,4,206.475,0.0134433,-13.4891,189.302,189.296,187.446,187.446,0.162673,2833.43,-0.0939148,15779.3,8.0,6.52208,12.1704,16.8181,23.4316,30.8223,36.6406,40.7554,45.2048,49.0328,53.5736,59.0462,65.7697,78.255,99.9591,124.835,141.493,60.5201,29.6265,10.9397,-1.0,-1.0,-1.0,-1.0,-1.0
56.406,0.0,0.9999999943263895,7.32546457717518e-35,4,207.071,0.0234015,-13.6482,189.867,189.861,188.498,188.498,0.180644,2834.57,-0.0939496,15864.3,8.0,6.38191,11.9083,16.4553,22.925,30.1544,35.8451,39.8695,44.2208,47.9642,52.4044,57.7554,64.3289,76.534,97.7452,123.389,140.096,61.4742,30.0888,11.1093,-1.0,-1.0,-1.0,-1.0,-1.0
56.426,0.0,0.9999999957447921,4.761551975163867e-35,4,207.709,0.0274203,-13.7519,190.448,190.441,188.895,188.895,0.198694,2835.72,-0.0940011,15897.1,8.0,6.24105,11.6446,16.0902,22.4147,29.481,35.0424,38.975,43.2265,46.8839,51.222,56.449,62.8695,74.7876,95.4942,121.926,138.688,62.4418,30.5554,11.2798,-1.0,-1.0,-1.0,-1.0,-1.0
56.446,0.0,0.9999999968085941,3.095008783856514e-35,4,208.345,0.0298515,-13.8195,191.038,191.032,189.301,189.301,0.216809,2836.87,-0.0940536,15931.4,8.0,6.09971,11.3801,15.7238,21.9028,28.8055,34.2374,38.078,42.2297,45.801,50.0362,55.1394,61.4067,73.038,93.2394,120.452,137.272,63.4138,31.0238,11.451,-1.0,-1.0,-1.0,-1.0,-1.0
56.466,0.0,0.9999999976064455,2.0117557095067342e-35,4,208.978,0.0319553,-13.8576,191.623,191.619,189.718,189.718,0.234987,2838.03,-0.0941013,15966.6,8.0,5.95789,11.1148,15.3565,21.3897,28.1287,33.4311,37.1798,41.2318,44.717,48.8501,53.8293,59.9438,71.2895,90.9884,118.968,135.85,64.3879,31.4935,11.6227,-1.0,-1.0,-1.0,-1.0,-1.0
56.486,0.0,0.9999999982048342,1.3076412111793774e-35,4,209.607,0.0334034,-13.8584,192.204,192.212,190.151,190.151,0.253234,2839.19,-0.0941489,16003.1,8.0,5.81556,10.8485,14.988,20.8751,27.4498,32.6226,36.2791,40.2314,43.6305,47.6609,52.5161,58.4777,69.5383,88.7352,117.474,134.42,65.3659,31.9651,11.7951,-1.0,-1.0,-1.0,-1.0,-1.0
56.506,0.0,0.9999999986536257,8.499667872665954e-36,4,210.233,0.0328579,-13.8415,192.782,192.791,190.616,190.616,0.271543,2840.35,-0.0942052,16042.4,8.0,5.67271,10.5812,14.6179,20.3581,26.7677,31.8099,35.3736,39.2253,42.5376,46.4647,51.1949,57.0023,67.7743,86.4635,115.963,132.981,66.3531,32.4396,11.9683,-1.0,-1.0,-1.0,-1.0,-1.0
56.526,0.0,0.9999999989902193,5.5247841172328706e-36,4,210.858,0.029754,-13.8098,193.357,193.364,191.07,191.07,0.289923,2841.51,-0.094271,16080.4,8.0,5.52928,10.3128,14.2461,19.8385,26.082,30.9926,34.4629,38.2132,41.4379,45.2608,49.8649,55.5165,65.997,84.1724,114.435,131.532,67.3505,32.9174,12.1422,-1.0,-1.0,-1.0,-1.0,-1.0
56.546,0.0,0.9999999992426645,3.5911096762013657e-36,4,211.479,0.0286496,-13.7674,193.93,193.937,191.563,191.563,0.30836,2842.68,-0.0943244,16122.3,8.0,5.38547,10.0438,13.8738,19.3187,25.3966,30.1762,33.5538,37.2033,40.3411,44.0607,48.5402,54.0379,64.2304,81.9006,112.9,130.078,68.3447,33.3953,12.3166,-1.0,-1.0,-1.0,-1.0,-1.0
56.566,0.0,0.9999999994319984,2.3342212895308877e-36,4,212.095,0.027818,-13.729,194.498,194.503,192.107,192.107,0.326862,2843.85,-0.0943759,16168.2,8.0,5.24118,9.77401,13.5004,18.7975,24.7095,29.358,32.6426,36.1915,39.2424,42.8587,47.2131,52.5568,62.4625,79.6288,111.352,128.617,69.3424,33.8748,12.4915,-1.0,-1.0,-1.0,-1.0,-1.0
56.586,-0.12,0.9999999995739988,1.517243838195077e-36,4,212.708,0.0256033,-13.7005,195.063,195.065,192.676,192.676,0.345425,2845.03,-0.0944341,16216.1,8.0,5.0964,9.50325,13.1257,18.2742,24.0196,28.5364,31.7276,35.1752,38.1388,41.6512,45.88,51.0689,60.6855,77.3436,109.786,127.147,70.3479,34.357,12.6672,-1.0,-1.0,-1.0,-1.0,-1.0
56.606,-0.1625,0.9999999996804991,9.862084948268001e-37,4,213.303,-0.135213,-13.6764,195.214,195.738,193.274,193.274,0.363774,2846.2,-0.0916794,16266.6,8.0,4.96486,9.2933,12.8708,17.9872,23.741,28.2976,31.5347,35.0486,38.0831,41.6965,46.0712,51.4759,61.6011,79.4819,109.551,126.377,69.6468,34.4333,12.7974,-1.0,-1.0,-1.0,-1.0,-1.0
56.626,-0.1625,0.9999999997603743,6.410355216374201e-37,4,213.868,0.475458,-13.652,195.076,196.72,193.93,193.93,0.381346,2847.39,-0.0833481,16322.1,8.0,4.86159,9.20721,12.8608,18.1888,24.3305,29.3108,32.9136,36.8866,40.3713,44.5868,49.7895,56.3721,69.1857,93.4894,111.558,126.937,65.9051,33.7295,12.8341,-1.0,-1.0,-1.0,-1.0,-1.0
56.646,-0.1625,0.9999999998202808,4.1667308906432305e-37,4,214.412,1.60929,-13.6222,195.126,197.651,194.629,194.629,0.39784,2848.57,-0.0716031,16380.7,8.0,4.77979,9.20785,13.0264,18.7622,25.6337,31.4222,35.7362,40.6231,45.025,50.5013,57.4991,66.7541,86.1868,103.386,114.292,128.162,61.0408,32.623,12.8104,-1.0,-1.0,-1.0,-1.0,-1.0
56.666,-0.04250000000000001,0.9999999998652106,2.7083750789181e-37,4,214.94,2.82673,-13.5781,195.353,198.315,195.305,195.305,0.413,2849.76,-0.0584901,16437.8,8.0,4.71339,9.26152,13.3038,19.6013,27.526,34.5477,40.0015,46.4211,52.4368,60.2497,70.804,85.8493,101.368,108.092,116.893,129.509,56.3784,31.4304,12.7573,-1.0,-1.0,-1.0,-1.0,-1.0
56.686,0.0,0.999999999898908,1.760443801296765e-37,4,215.484,4.02032,-13.53,196.204,198.899,195.873,195.873,0.42683,2850.95,-0.0471943,16484.5,8.0,4.64934,9.29937,13.5487,20.4025,29.4586,37.9154,44.7851,53.2336,61.53,72.8964,89.4222,99.3036,105.545,110.817,118.573,130.331,52.9978,30.5096,12.7214,-1.0,-1.0,-1.0,-1.0,-1.0
56.706,0.0,0.999999999924181,1.1442884708428974e-37,4,216.078,4.32427,-13.4849,197.35,198.915,196.19,196.19,0.439598,2852.15,-0.0412605,16510.4,8.0,4.57053,9.22997,13.5536,20.6655,30.3342,39.6548,47.4435,57.3008,67.2935,81.5152,95.8421,101.208,106.514,111.338,118.673,130.034,51.6024,30.1708,12.7523,-1.0,-1.0,-1.0,-1.0,-1.0
56.726,0.0,0.9999999999431357,7.437875060478833e-38,4,216.692,3.76698,-13.4509,198.371,199.006,196.478,196.478,0.451398,2853.35,-0.0393203,16535.0,8.0,4.48231,9.08069,13.3695,20.4712,30.2213,39.7256,47.7486,58.0092,68.5347,83.7344,95.8225,100.749,105.837,110.533,117.736,128.964,51.4377,30.2219,12.8298,-1.0,-1.0,-1.0,-1.0,-1.0
56.746,0.0,0.9999999999573518,4.834618789311242e-38,4,217.306,2.93412,-13.4338,199.197,199.319,196.87,196.87,0.46234,2854.56,-0.0393289,16568.5,8.0,4.39287,8.89937,13.1024,20.0618,29.6162,38.9293,46.7904,56.8436,67.1558,82.0464,94.3997,99.3516,104.439,109.128,116.315,127.526,51.8281,30.4506,12.9266,-1.0,-1.0,-1.0,-1.0,-1.0
56.766,0.0,0.9999999999680138,3.142502213052307e-38,4,217.913,2.12838,-13.436,199.882,199.773,197.374,197.374,0.472621,2855.76,-0.0401114,16611.3,8.0,4.30576,8.71167,12.8125,19.5842,28.844,37.8291,45.3822,54.9995,64.817,78.9084,92.4351,97.5927,102.763,107.489,114.706,125.942,52.4312,30.7447,13.0285,-1.0,-1.0,-1.0,-1.0,-1.0
56.786,0.0,0.9999999999760103,2.0426264384839998e-38,4,218.514,1.4708,-13.4592,200.48,200.3,197.948,197.948,0.482433,2856.97,-0.0410522,16659.6,8.0,4.22198,8.52901,12.5278,19.11,28.068,36.7136,43.9461,53.1092,62.4098,75.6665,90.3088,95.7531,101.029,105.803,113.057,124.326,53.0728,31.0469,13.1287,-1.0,-1.0,-1.0,-1.0,-1.0
56.806,0.0,0.9999999999820077,1.3277071850146e-38,4,219.116,0.978174,-13.4865,201.035,200.86,198.478,198.478,0.491935,2858.19,-0.041899,16704.1,8.0,4.14125,8.35433,12.2573,18.6632,27.3447,35.6838,42.6297,51.3912,60.2401,72.7769,88.1885,93.953,99.3297,104.145,111.43,122.724,53.6802,31.3346,13.225,-1.0,-1.0,-1.0,-1.0,-1.0
56.826,0.0,0.9999999999865058,8.630096702594899e-39,4,219.717,0.627639,-13.5123,201.575,201.431,198.995,198.995,0.501234,2859.41,-0.0425828,16747.6,8.0,4.06289,8.18714,12.001,18.2463,26.6816,34.7533,41.454,49.8766,58.3501,70.2983,86.1364,92.2291,97.6901,102.537,109.841,121.148,54.2343,31.6025,13.3174,-1.0,-1.0,-1.0,-1.0,-1.0
56.846,0.0,0.9999999999898793,5.6095628566866844e-39,4,220.318,0.387575,-13.5397,202.109,202.0,199.504,199.504,0.510407,2860.63,-0.0431064,16790.3,8.0,3.98626,8.02588,11.7564,17.8545,26.0701,33.909,40.3997,48.5366,56.6989,68.1678,84.1678,90.5836,96.1094,100.976,108.289,119.597,54.7357,31.8516,13.4064,-1.0,-1.0,-1.0,-1.0,-1.0
56.866,0.0,0.9999999999924095,3.646215856846345e-39,4,220.917,0.227563,-13.5864,202.64,202.557,200.014,200.014,0.519522,2861.85,-0.0435026,16833.4,8.0,3.91062,7.86852,11.5198,17.4805,25.4955,33.1265,39.4329,47.3236,55.2215,66.2897,82.2626,88.9998,94.5744,99.4521,106.764,118.065,55.1964,32.0867,13.4931,-1.0,-1.0,-1.0,-1.0,-1.0
56.886,0.0,0.9999999999943071,2.3700403069501243e-39,4,221.513,0.123062,-13.6314,203.178,203.117,200.532,200.532,0.52861,2863.08,-0.0437959,16876.9,8.0,3.83563,7.71396,11.2891,17.1199,24.949,32.3913,38.533,46.2062,53.8749,64.6007,80.4087,87.4669,93.0753,97.9564,105.26,116.547,55.6239,32.3106,13.5782,-1.0,-1.0,-1.0,-1.0,-1.0
56.906,0.0,0.9999999999957303,1.5405261995175807e-39,4,222.094,0.0573401,-13.7115,203.712,203.669,201.248,201.248,0.537705,2864.31,-0.0440114,16937.4,8.0,3.76088,7.56098,11.0621,16.768,24.4215,31.6884,37.6792,45.1564,52.6197,63.0442,78.5774,85.9709,91.6021,96.4805,103.771,115.037,56.0271,32.5265,13.6622,-1.0,-1.0,-1.0,-1.0,-1.0
56.926,0.0,0.9999999999967977,1.0013420296864274e-39,4,222.691,0.015148,-13.777,204.25,204.222,201.714,201.714,0.546814,2865.55,-0.0441778,16976.1,8.0,3.68621,7.40887,10.8371,16.4213,23.9055,31.0053,36.8536,44.1472,51.4207,61.5693,76.7162,84.4963,90.143,95.015,102.288,113.53,56.4152,32.7376,13.7456,-1.0,-1.0,-1.0,-1.0,-1.0
56.946,0.0,0.9999999999975983,6.508723192961778e-40,4,223.286,-0.00983843,-13.8236,204.794,204.777,202.173,202.173,0.555945,2866.78,-0.0443013,17014.8,8.0,3.61153,7.25733,10.6137,16.0786,23.3987,30.3382,36.0512,43.1713,50.2675,60.1608,74.9097,83.04,88.6953,93.5579,100.81,112.025,56.7901,32.9446,13.8286,-1.0,-1.0,-1.0,-1.0,-1.0
56.966,0.0,0.9999999999981987,4.230670075425156e-40,4,223.879,-0.023507,-13.8603,205.334,205.328,202.631,202.631,0.565111,2868.02,-0.0443919,17053.3,8.0,3.53669,7.1059,10.391,15.7382,22.8975,29.6813,35.2637,42.2184,49.146,58.7988,73.1772,81.5949,87.2547,92.105,99.3337,110.519,57.1559,33.1488,13.9115,-1.0,-1.0,-1.0,-1.0,-1.0
56.986,0.0,0.999999999998649,2.7499355490263516e-40,4,224.471,-0.0299009,-13.9349,205.863,205.854,203.101,203.101,0.574303,2869.27,-0.0444582,17093.0,8.0,3.46173,6.95453,10.1688,15.3995,22.4006,29.0321,34.4875,41.2818,48.0473,57.4702,71.4976,80.1575,85.8178,90.6543,97.8577,109.011,57.5143,33.351,13.9942,-1.0,-1.0,-1.0,-1.0,-1.0
57.006,0.0,0.9999999999989867,1.7874581068671287e-40,4,225.06,-0.0310208,-14.0048,206.402,206.395,203.589,203.589,0.583525,2870.52,-0.0445002,17134.1,8.0,3.3866,6.80315,9.94688,15.0622,21.9073,28.3897,33.7213,40.3602,46.9694,56.1722,69.8667,78.7272,84.3845,89.2051,96.3814,107.5,57.8658,33.5512,14.0768,-1.0,-1.0,-1.0,-1.0,-1.0
57.026,0.0,0.99999999999924,1.1618477694636337e-40,4,225.618,-0.0294216,-14.1446,206.934,206.926,204.503,204.503,0.592779,2871.77,-0.0445307,17211.6,8.0,3.31126,6.65147,9.72473,14.7248,21.4148,27.7494,32.9585,39.444,45.8994,54.8865,68.2561,77.2964,82.9497,87.7536,94.9016,105.985,58.2147,33.7507,14.1595,-1.0,-1.0,-1.0,-1.0,-1.0
57.046,0.0,0.99999999999943,7.552010501513619e-41,4,226.207,-0.0320614,-14.2678,207.468,207.459,204.95,204.95,0.602072,2873.02,-0.0445789,17248.1,8.0,3.23556,6.4989,9.50106,14.3847,20.9175,27.1015,32.1858,38.514,44.8116,53.5761,66.609,75.8481,81.5017,86.2903,93.411,104.46,58.5713,33.9532,14.2429,-1.0,-1.0,-1.0,-1.0,-1.0
57.066,0.0,0.9999999999995726,4.908806825983852e-41,4,226.797,-0.0334648,-14.3515,208.013,208.007,205.342,205.342,0.61139,2874.28,-0.0446199,17281.3,8.0,3.15967,6.34606,9.2771,14.0444,20.4203,26.4544,31.4146,37.587,43.7283,52.2735,64.9749,74.3958,80.0502,84.8229,91.9156,102.928,58.9266,34.1554,14.3264,-1.0,-1.0,-1.0,-1.0,-1.0
57.086,0.0,0.9999999999996794,3.190724436889504e-41,4,227.383,-0.0326463,-14.4158,208.551,208.551,205.759,205.759,0.62074,2875.54,-0.0446499,17316.4,8.0,3.08357,6.1929,9.05284,13.7041,19.9238,25.8092,30.6464,36.6652,42.6525,50.9815,63.3586,72.9423,78.5967,83.3528,90.4164,101.391,59.2791,34.3571,14.41,-1.0,-1.0,-1.0,-1.0,-1.0
57.106,0.0,0.9999999999997595,2.0739708839781776e-41,4,227.969,-0.0300636,-14.5156,209.071,209.071,206.193,206.193,0.630121,2876.8,-0.0446675,17353.0,8.0,3.00725,6.03945,8.82833,13.3637,19.4281,25.1659,29.8815,35.7482,41.5838,49.7008,61.762,71.4881,77.1412,81.8798,88.9133,99.8494,59.6285,34.558,14.4937,-1.0,-1.0,-1.0,-1.0,-1.0
57.126,0.0,0.9999999999998197,1.3480810745858154e-41,4,228.55,-0.0261151,-14.6006,209.606,209.607,206.65,206.65,0.639534,2878.07,-0.0446733,17391.6,8.0,2.9307,5.88566,8.60347,13.0232,18.9327,24.5239,29.1188,34.8352,40.5212,48.4298,60.1798,70.0322,75.6835,80.4038,87.4061,98.3021,59.9749,34.7582,14.5774,-1.0,-1.0,-1.0,-1.0,-1.0
57.146,0.0,0.9999999999998648,8.7625269848078e-42,4,229.096,-0.021777,-14.7598,210.13,210.131,207.582,207.582,0.648973,2879.34,-0.0446718,17470.4,8.0,2.85396,5.73157,8.37823,12.6823,18.4371,23.8821,28.3566,33.9238,39.4612,47.1632,58.6063,68.5717,74.2218,78.9233,85.8937,96.7485,60.3197,34.9582,14.6614,-1.0,-1.0,-1.0,-1.0,-1.0
57.166,0.0,0.9999999999998985,5.695642540125071e-42,4,229.679,-0.0202736,-14.8897,210.658,210.658,207.986,207.986,0.658442,2880.61,-0.0446799,17503.4,8.0,2.77696,5.57685,8.15198,12.3396,17.9385,23.2356,27.5887,33.0044,38.3909,45.8826,57.0126,67.0966,72.7495,77.4331,84.372,95.1853,60.6692,35.1599,14.7457,-1.0,-1.0,-1.0,-1.0,-1.0
57.186,0.0,0.9999999999999238,3.702167651081296e-42,4,230.26,-0.0195214,-14.9772,211.198,211.198,208.362,208.362,0.667933,2881.89,-0.0446895,17535.4,8.0,2.69977,5.42175,7.92516,11.996,17.4386,22.5876,26.8188,32.0824,37.3175,44.5981,55.4136,65.6116,71.2695,75.9356,82.8428,93.6142,61.0197,35.3622,14.8302,-1.0,-1.0,-1.0,-1.0,-1.0
57.206,0.0,0.9999999999999429,2.4064089732028426e-42,4,230.839,-0.0187607,-15.0469,211.726,211.729,208.76,208.76,0.677456,2883.17,-0.0446971,17568.9,8.0,2.62233,5.26616,7.69766,11.6514,16.9373,21.938,26.0469,31.1585,36.2421,43.3118,53.813,64.1166,69.7827,74.4314,81.3065,92.035,61.4983,35.565,14.915,-1.0,-1.0,-1.0,-1.0,-1.0
57.226,-0.12,0.9999999999999571,1.5641658325818476e-42,4,231.414,-0.0182944,-15.1086,212.252,212.259,209.173,209.173,0.687002,2884.45,-0.0447052,17603.7,8.0,2.54469,5.11019,7.46957,11.306,16.4349,21.2866,25.2732,30.2324,35.1641,42.0222,52.2085,62.6108,68.2883,72.9197,79.7626,90.4475,62.5907,35.7684,15.0,-1.0,-1.0,-1.0,-1.0,-1.0
57.246,-0.1625,0.9999999999999678,1.0167077911782009e-42,4,231.969,-0.143866,-15.1506,212.355,212.896,209.633,209.633,0.696277,2885.74,-0.0417483,17643.8,8.0,2.47599,4.99616,7.33172,11.1671,16.3687,21.3693,25.5378,30.7996,36.1188,43.6632,55.1959,62.7868,67.8742,72.2697,78.9006,89.3879,62.3397,35.6084,15.034,-1.0,-1.0,-1.0,-1.0,-1.0
57.266,-0.1625,0.9999999999999758,6.6086006426583066e-43,4,232.481,0.625596,-15.2119,212.143,213.833,210.314,210.314,0.704683,2887.03,-0.0329693,17700.5,8.0,2.42716,4.96946,7.38166,11.4671,17.2697,23.1539,28.3056,35.1561,42.5082,53.7538,61.3648,65.1521,69.2517,73.1484,79.3036,89.3367,58.555,34.763,14.9662,1.77599,1.77416,1.77287,1.77212,1.77191
57.286,-0.1625,0.9999999999999818,4.2955904177278995e-43,4,232.973,1.95418,-15.2597,212.126,214.715,210.955,210.955,0.711875,2888.32,-0.0207441,17754.7,8.0,2.39565,5.00926,7.57705,12.1375,19.1162,26.872,34.305,45.2694,56.7512,61.6169,64.984,67.7903,71.2025,74.6468,80.3031,89.8076,54.7573,33.5787,14.8367,-1.0,-1.0,-1.0,-1.0,-1.0
57.306,-0.1625,0.9999999999999863,2.792133771523135e-43,4,233.443,3.34155,-15.2978,212.297,215.321,211.614,211.614,0.717577,2889.62,-0.0072549,17810.0,8.0,2.37924,5.0976,7.88149,13.1292,22.0095,33.3138,45.9016,58.4173,62.1723,65.15,67.7337,70.0661,73.0416,76.1458,81.382,90.3943,51.3194,32.3359,14.681,-1.0,-1.0,-1.0,-1.0,-1.0
57.326,-0.1625,0.7499999999999898,1.814886951490038e-43,4,233.895,4.56009,-15.3308,212.582,215.731,212.234,212.234,0.721543,2890.91,0.00631636,17862.0,8.0,2.37785,5.22777,8.2821,14.4531,26.3298,44.7824,57.8408,62.5395,65.2317,67.6321,69.8328,71.885,74.5665,77.42,82.319,90.9032,48.2482,31.156,14.5164,-1.0,-1.0,-1.0,-1.0,-1.0
57.346,-0.1625,0.5624999999999923,1.1796765184685248e-43,4,234.181,5.46196,-15.3586,212.914,215.991,210.654,210.654,0.723612,2892.21,0.0192129,17726.2,8.0,2.39162,5.39569,8.77043,16.135,32.787,56.1952,61.4683,65.0464,67.3083,69.4049,71.3738,73.2403,75.7141,78.3784,83.0096,91.2328,45.6254,30.0916,14.3523,-1.0,-1.0,-1.0,-1.0,-1.0
57.366,-0.1625,0.4218749999999942,7.667897370045412e-44,4,234.221,5.96092,-15.382,213.169,216.017,209.281,209.281,0.723622,2893.52,0.0309054,17610.2,8.0,2.42111,5.59855,9.33778,18.1946,42.6317,59.5159,63.5953,66.6728,68.6914,70.5966,72.4097,74.1458,76.4662,78.9864,83.4043,91.3285,43.4457,29.1621,14.1936,-1.0,-1.0,-1.0,-1.0,-1.0
57.386,-0.1625,0.31640624999999567,4.984133290529518e-44,4,234.081,6.14483,-15.3956,213.273,215.869,208.128,208.128,0.721491,2894.82,0.0415732,17512.8,8.0,2.46793,5.84306,10.0016,20.7553,52.4745,61.4661,64.9893,67.7633,69.6174,71.387,73.0853,74.7214,76.922,79.3262,83.568,91.2374,41.5844,28.3308,14.0361,-1.0,-1.0,-1.0,-1.0,-1.0
57.406,-0.1625,0.23730468749999675,3.2396866388441867e-44,4,233.809,6.15056,-15.3987,213.211,215.624,207.12,207.12,0.717192,2896.12,0.051666,17427.6,8.0,2.53395,6.14123,10.7997,24.0862,55.5861,62.8155,65.9878,68.5444,70.2746,71.9385,73.5442,75.0987,77.1993,79.5044,83.5932,91.036,39.9117,27.5513,13.8729,-1.0,-1.0,-1.0,-1.0,-1.0
57.426,-0.1625,0.17797851562499756,2.1057963152487213e-44,4,233.437,6.12679,-15.3894,212.979,215.338,205.122,207.313,0.71072,2897.42,0.0618307,17351.5,8.0,2.62163,6.51235,11.8015,28.7815,57.618,63.9085,66.8197,69.2037,70.8313,72.4048,73.9305,75.4136,77.4248,79.6403,83.5879,90.8177,38.306,26.7739,13.6958,-1.0,-1.0,-1.0,-1.0,-1.0
57.446,-0.04250000000000001,0.13348388671874817,0.35,4,232.985,6.25564,-15.3559,212.56,215.065,204.066,206.741,0.702028,2898.71,0.0729553,17282.8,8.0,2.73501,6.98965,13.1399,36.3394,59.3602,64.9933,67.6888,69.9225,71.4577,72.9491,74.401,75.8165,77.7425,79.8717,83.6807,90.6969,36.6479,25.9441,13.4945,-1.0,-1.0,-1.0,-1.0,-1.0
57.466,0.0,0.10011291503906113,0.5774999999999999,4,231.958,6.65363,-15.3176,205.691,208.487,200.88,203.462,0.691274,2900.0,0.0832373,17006.8,8.0,2.86801,7.53513,14.7168,45.5644,60.5587,65.7401,68.2712,70.3854,71.8461,73.27,74.6601,76.0186,77.8723,79.9272,83.6154,90.4429,35.1719,25.177,13.2919,-1.0,-1.0,-1.0,-1.0,-1.0
57.486,0.0,0.07508468627929585,0.7253749999999999,4,230.167,6.45814,-15.2257,199.268,202.059,198.196,199.932,0.678968,2901.28,0.0889866,16743.3,8.0,3.00278,8.01736,16.0299,47.7087,60.6361,65.5572,67.987,70.0261,71.4392,72.8195,74.1694,75.4909,77.2973,79.3031,82.9122,89.6176,34.2628,24.6721,13.1315,-1.0,-1.0,-1.0,-1.0,-1.0
57.506,0.0,0.056313514709471886,0.8214937499999999,4,227.904,5.53356,-15.1086,192.663,195.609,195.473,196.458,0.665421,2902.55,0.0907604,16481.1,8.0,3.13615,8.41601,16.9549,47.8363,59.893,64.6576,67.0244,69.016,70.3989,71.7515,73.0758,74.3738,76.15,78.1251,81.6851,88.3182,33.7915,24.3764,13.0063,-1.0,-1.0,-1.0,-1.0,-1.0
57.526,0.0,0.042235136032103916,0.8839709374999999,4,225.302,4.37471,-14.9622,186.335,189.629,192.641,193.158,0.650947,2903.81,0.0903112,16222.0,8.0,3.27006,8.76407,17.6221,47.2234,58.7449,63.397,65.7175,67.6742,69.0348,70.3668,71.6723,72.9531,74.7072,76.6601,80.1851,86.7699,33.5465,24.1887,12.8981,-1.0,-1.0,-1.0,-1.0,-1.0
57.546,0.0,0.03167635202407794,0.9245811093749999,4,222.44,3.24294,-14.763,180.744,184.504,189.726,189.95,0.635841,2905.05,0.088783,15963.6,8.0,3.40535,9.08694,18.1529,46.3301,57.4314,61.9872,64.2679,66.1944,67.5355,68.8499,70.1391,71.4048,73.14,75.0738,78.5693,85.1148,33.4048,24.0493,12.7964,-1.0,-1.0,-1.0,-1.0,-1.0
57.566,0.0,0.023757264018058454,0.95097772109375,4,219.402,2.28105,-14.5126,175.964,179.962,186.74,186.805,0.620374,2906.27,0.0869948,15705.2,8.0,3.54241,9.40501,18.6489,45.4024,56.109,60.57,62.8111,64.7075,66.0293,67.326,68.5989,69.8497,71.5659,73.4805,76.9465,83.4525,33.2826,23.9176,12.6944,-1.0,-1.0,-1.0,-1.0,-1.0
57.586,0.0,0.01781794801354384,0.9681355187109375,4,216.294,1.5364,-14.248,170.947,175.13,183.731,183.777,0.604728,2907.48,0.0853283,15452.5,8.0,3.68111,9.7277,19.158,44.5329,54.8438,59.2063,61.4061,63.2709,64.5724,65.8505,67.1063,68.3412,70.0371,71.9314,75.3656,81.8282,33.1421,23.7758,12.5894,-1.0,-1.0,-1.0,-1.0,-1.0
57.606,0.0,0.01336346101015788,0.9792880871621094,4,213.134,0.972974,-13.9219,165.488,169.806,181.147,181.172,0.589052,2908.67,0.0838668,15232.7,8.0,3.82047,10.055,19.6872,43.7289,53.6454,57.9061,60.0627,61.8945,63.1747,64.4331,65.6709,66.889,68.5636,70.4361,73.8362,80.2511,32.9772,23.6215,12.4818,-1.0,-1.0,-1.0,-1.0,-1.0
57.626,0.0,0.01002259575761841,0.9865372566553711,4,210.014,0.574315,-13.6334,159.395,164.004,178.095,178.139,0.573438,2909.84,0.0826775,14975.9,8.0,3.96005,10.3882,20.2445,42.9934,52.5199,56.6757,58.7877,60.5851,61.843,63.0809,64.2997,65.5002,67.1522,69.0017,72.3653,78.7282,32.7822,23.4527,12.3716,-1.0,-1.0,-1.0,-1.0,-1.0
57.646,0.0,0.0075169468182138075,0.6412492168259912,4,206.92,0.304162,-13.3815,152.638,157.635,175.003,175.103,0.557976,2910.99,0.0817682,14718.2,8.0,4.0992,10.7264,20.8298,42.3162,51.4624,55.5119,57.578,59.3401,60.575,61.7916,62.9907,64.1729,65.8014,67.6267,70.9519,77.259,32.5585,23.2703,12.2595,-1.0,-1.0,-1.0,-1.0,-1.0
57.666,0.0,0.005637710113660356,0.4168119909368943,4,204.024,0.129902,-13.1507,157.191,162.592,175.009,175.19,0.542692,2912.13,0.0811369,14727.4,8.0,4.23779,11.0699,21.4446,41.6879,50.4676,54.4101,56.4297,58.1558,59.3672,60.562,61.7408,62.9042,64.5083,66.3085,69.5935,75.8417,32.3251,23.0752,12.1457,-1.0,-1.0,-1.0,-1.0,-1.0
57.686,0.0,0.004228282585245267,0.27092779410898127,4,201.527,0.0400338,-12.9155,168.5,173.336,174.475,174.758,0.527584,2913.25,0.0808465,14686.5,8.0,4.3763,11.4227,22.1032,41.1117,49.5387,53.3741,55.3468,57.0363,58.2238,59.3963,60.5543,61.6982,63.2772,65.0514,68.2946,74.4804,32.1143,22.8644,12.0298,-1.0,-1.0,-1.0,-1.0,-1.0
57.706,0.0,0.0031712119389339503,0.17610306617083782,4,199.738,0.0543902,-12.7178,178.173,179.686,173.62,174.043,0.512622,2914.36,0.0810701,14622.4,8.0,4.51609,11.7947,22.8427,40.608,48.694,52.4219,54.3469,55.999,57.162,58.3115,59.4481,60.5719,62.125,63.872,67.0713,73.1906,31.9066,22.6289,11.9097,-1.0,-1.0,-1.0,-1.0,-1.0
57.726,0.0,0.002378408954200463,0.11446699301104458,4,198.66,0.115777,-12.5246,180.004,180.26,173.213,173.678,0.497739,2915.46,0.0815517,14592.3,8.0,4.65664,12.1778,23.6285,40.1237,47.8871,51.5094,53.3869,55.0017,56.1401,57.2666,58.3816,59.4851,61.0118,62.7314,65.8857,71.9365,31.7354,22.3816,11.7877,-1.0,-1.0,-1.0,-1.0,-1.0
57.746,0.0,0.0017838067156503471,0.07440354545717898,4,197.862,0.141998,-12.389,180.07,180.221,172.839,173.279,0.482881,2916.56,0.0819289,14560.2,8.0,4.79652,12.5566,24.399,39.6009,47.0636,50.5839,52.4153,53.9936,55.1079,56.2118,57.3054,58.389,59.8895,61.5819,64.6916,70.6741,31.6631,22.1406,11.667,-1.0,-1.0,-1.0,-1.0,-1.0
57.766,0.0,0.0013378550367377604,0.048362304547166335,4,197.209,0.145981,-12.3425,179.996,180.113,172.453,172.882,0.468027,2917.65,0.0822212,14527.6,8.0,4.936,12.9321,25.1538,39.0471,46.227,49.6485,51.4347,52.9771,54.0677,55.1492,56.2218,57.2855,58.7601,60.4254,63.4906,69.4047,31.7161,21.9042,11.5473,-1.0,-1.0,-1.0,-1.0,-1.0
57.786,0.0,0.0010033912775533203,0.031435497955658115,4,196.649,0.141232,-12.3847,179.879,179.974,172.044,172.48,0.453164,2918.74,0.0824673,14493.7,8.0,5.07539,13.3063,25.6945,38.4709,45.3831,48.7082,50.4502,51.9573,53.0243,54.0836,55.1353,56.1792,57.6281,59.2663,62.287,68.1321,31.9381,21.6703,11.428,-1.0,-1.0,-1.0,-1.0,-1.0
57.806,0.0,0.0007525434581649903,0.020433073671177776,4,196.146,0.134443,-12.4353,179.757,179.835,171.661,172.099,0.438303,2919.83,0.0826961,14461.8,8.0,5.21473,13.6802,26.0021,37.8782,44.5357,47.7668,49.4651,50.9373,51.981,53.0183,54.0491,55.0733,56.4965,58.1074,61.0834,66.859,32.4219,21.4375,11.3089,-1.0,-1.0,-1.0,-1.0,-1.0
57.826,0.0,0.0005644075936237427,0.013281497886265554,4,195.687,0.128927,-12.4776,179.55,179.613,171.296,171.74,0.423423,2920.91,0.0829255,14431.6,8.0,5.35431,14.0553,26.157,37.2728,43.6872,46.8264,48.4817,49.9192,50.9399,51.9553,52.9653,53.9699,55.3671,56.9509,59.8818,65.5871,33.4256,21.2047,11.1897,-1.0,-1.0,-1.0,-1.0,-1.0
57.846,0.0,0.000423305695217807,0.008632973626072609,4,195.254,0.124294,-12.5065,179.284,179.34,170.947,171.4,0.408532,2922.0,0.0831563,14402.9,8.0,5.4941,14.4314,26.2006,36.6559,42.8376,45.8869,47.4998,48.9031,49.9008,50.8944,51.8837,52.8686,54.2401,55.7965,58.682,64.3161,73.2696,20.9718,11.0705,-1.0,-1.0,-1.0,-1.0,-1.0
57.866,-0.12,0.00031747927141335524,0.005611432856947196,4,194.831,0.116609,-12.4077,178.97,179.022,170.7,171.108,0.393627,2923.08,0.0833804,14380.1,8.0,5.63404,14.8082,26.1575,36.0274,41.986,44.9472,46.5185,47.8878,48.8626,49.8346,50.8033,51.7686,53.1141,54.6432,57.483,63.0451,71.9243,20.7394,10.9513,-1.0,-1.0,-1.0,-1.0,-1.0
57.886,-0.1625,0.00023810945356001644,0.0036474313570156775,4,194.408,-0.0919175,-12.3071,178.269,178.895,169.935,171.152,0.378422,2924.15,0.0864722,14349.6,8.0,5.79654,15.3671,26.3503,35.708,41.4532,44.3272,45.8563,47.1913,48.1428,49.0923,50.0396,50.9844,52.3027,53.8026,56.5929,62.0739,70.8607,20.3741,10.8036,-1.0,-1.0,-1.0,-1.0,-1.0
57.906,-0.1625,0.00017858209017001235,0.0023708303820601903,4,193.973,0.406144,-12.2414,177.282,179.084,168.881,171.396,0.362372,2925.23,0.0952875,14315.3,8.0,6.00948,16.3403,27.03,35.9713,41.5226,44.3132,45.8012,47.102,48.0301,48.9567,49.8819,50.8054,52.095,53.5637,56.2995,61.6865,70.3522,19.7588,10.5997,-1.0,-1.0,-1.0,-1.0,-1.0
57.926,-0.1625,0.00013393656762750926,0.0015410397483391239,4,193.537,1.44628,-12.2193,176.466,179.198,168.022,171.396,0.345211,2926.3,0.107876,14279.1,8.0,6.26728,17.66,27.9528,36.5618,41.9437,44.6581,46.108,47.3767,48.2824,49.1872,50.0911,50.994,52.2556,53.6933,56.3741,61.6637,70.1949,18.9988,10.3594,-1.0,-1.0,-1.0,-1.0,-1.0
57.946,-0.1625,0.00010045242572063194,0.0010016758364204306,4,193.082,2.64506,-12.1167,175.695,179.091,167.262,171.238,0.326686,2927.37,0.122935,14240.4,8.0,6.56826,19.0093,28.9857,37.3258,42.5606,45.2071,46.6222,47.861,48.7459,49.6305,50.5146,51.398,52.6328,54.0407,56.6684,61.8617,29.2008,18.1688,10.0955,-1.0,-1.0,-1.0,-1.0,-1.0
57.966,-0.1625,7.533931929047396e-05,0.0006510892936732799,4,192.606,3.99048,-12.0484,175.059,178.855,166.576,170.974,0.306586,2928.43,0.139645,14200.4,8.0,6.9134,20.3161,30.0585,38.1771,43.283,45.8684,47.2516,48.4633,49.3292,50.1951,51.0607,51.9256,53.1352,54.515,57.0924,62.1923,26.1925,17.3149,9.816,-1.0,-1.0,-1.0,-1.0,-1.0
57.986,-0.04250000000000001,5.6504489467855474e-05,0.00042320804088763193,4,192.108,5.29868,-11.9812,174.497,178.462,166.007,170.62,0.284763,2929.49,0.156945,14162.4,8.0,7.29966,21.537,31.0876,39.0147,44.0055,46.535,47.8891,49.076,49.9242,50.7726,51.6208,52.4687,53.6549,55.0086,57.5385,62.5495,24.0025,16.4821,9.52925,-1.0,-1.0,-1.0,-1.0,-1.0
58.006,-0.020596200000000002,4.23783671008916e-05,0.00027508522657696075,4,191.629,6.35138,-11.825,174.466,177.893,165.977,169.903,0.261189,2930.55,0.171635,14130.4,8.0,7.69664,22.4771,31.8117,39.548,44.4279,46.9044,48.2313,49.3944,50.2261,51.0581,51.8903,52.7224,53.8869,55.2165,57.7033,62.6336,22.5161,15.7708,9.25659,-1.0,-1.0,-1.0,-1.0,-1.0
58.026,-0.02173872,3.17837753256687e-05,0.0001788053972750245,4,191.193,6.52967,-11.7197,174.646,176.952,166.153,168.925,0.236052,2931.6,0.181156,14096.8,8.0,8.06791,22.9909,32.0421,39.5669,44.3315,46.755,48.0547,49.1949,50.0105,50.8269,51.6438,52.4611,53.6054,54.9128,57.3602,62.22,21.704,15.2423,9.01205,-1.0,-1.0,-1.0,-1.0,-1.0
58.046,-0.02245356,2.3837831494251526e-05,0.00011622350822876592,4,190.784,6.0609,-11.6925,174.685,176.157,166.199,168.14,0.209431,2932.65,0.187113,14065.9,8.0,8.42186,23.2171,31.9481,39.2481,43.8938,46.2633,47.5359,48.6531,49.4528,50.2539,51.0558,51.8585,52.9832,54.2691,56.6791,61.4739,21.2822,14.8331,8.78199,-1.0,-1.0,-1.0,-1.0,-1.0
58.066,-0.02292324,1.7878373620688645e-05,7.554528034869785e-05,4,190.39,5.32108,-11.7124,174.582,175.525,166.126,167.545,0.181437,2933.7,0.191027,14037.9,8.0,8.77051,23.2759,31.6754,38.7453,43.27,45.585,46.83,47.9242,48.7081,49.4936,50.2806,51.0688,52.1739,53.4385,55.8115,60.5433,21.1,14.4951,8.55596,-1.0,-1.0,-1.0,-1.0,-1.0
58.086,-0.14292324,1.3408780215516483e-05,4.910443222665361e-05,4,190.002,4.51061,-11.6286,174.289,175.062,165.91,167.142,0.152164,2934.74,0.194369,14011.9,8.0,9.12935,23.2697,31.3493,38.1937,42.5982,44.859,46.0766,47.1478,47.9158,48.6859,49.4579,50.2315,51.3171,52.5603,54.8962,59.5649,21.0306,14.1857,8.32521,-1.0,-1.0,-1.0,-1.0,-1.0
58.106,-0.1625,1.0056585161637363e-05,3.191788094732485e-05,4,189.584,3.72774,-11.5677,173.588,174.684,165.359,167.024,0.121548,2935.78,0.199568,13983.5,8.0,9.5077,23.3417,31.1495,37.7924,42.0864,44.2959,45.4876,46.5368,47.2896,48.0449,48.8024,49.562,50.6284,51.8507,54.1499,58.7546,20.7871,13.8307,8.07592,-1.0,-1.0,-1.0,-1.0,-1.0
58.126,-0.1625,7.542438871228022e-06,2.074662261576115e-05,4,189.136,3.54691,-11.4751,172.779,174.615,164.592,167.14,0.0894141,2936.81,0.208378,13956.9,8.0,9.90622,23.5822,31.1891,37.6695,41.8694,44.034,45.2025,46.232,46.971,47.7127,48.457,49.2035,50.2522,51.4548,53.7188,58.2601,20.1175,13.3762,7.79925,-1.0,-1.0,-1.0,-1.0,-1.0
58.146,-0.1625,5.656829153421017e-06,1.3485304700244748e-05,4,188.683,3.62503,-11.271,172.134,174.458,164.1,166.964,0.0556676,2937.84,0.218952,13927.8,8.0,10.3034,23.8827,31.3251,37.6657,41.7818,43.9056,45.053,46.0644,46.7907,47.5199,48.2518,48.9862,50.0181,51.2022,53.4325,57.912,19.2716,12.8817,7.5064,-1.0,-1.0,-1.0,-1.0,-1.0
58.166,-0.1625,4.242621865065763e-06,8.765448055159088e-06,4,188.236,3.85769,-11.112,171.614,174.175,163.586,166.638,0.0202885,2938.87,0.230294,13892.4,8.0,10.6876,24.1883,31.4853,37.6992,41.7377,43.8237,44.9513,45.9457,46.66,47.3773,48.0976,48.8205,49.8367,51.0031,53.2011,57.6208,18.3927,12.3795,7.20435,-1.0,-1.0,-1.0,-1.0,-1.0
58.186,-0.1625,3.1819663987993218e-06,5.697541235853407e-06,4,187.792,4.2121,-11.0432,171.141,173.836,163.048,166.26,-0.0166995,2939.89,0.242134,13853.6,8.0,11.0563,24.4856,31.6506,37.7475,41.7137,43.7641,44.8732,45.8515,46.5545,47.2607,47.9699,48.682,49.6832,50.8326,52.9997,57.3617,17.5211,11.8796,6.90556,-1.0,-1.0,-1.0,-1.0,-1.0
58.206,-0.1625,2.3864747990994913e-06,3.7034018033047144e-06,4,187.344,4.66346,-11.0407,170.673,173.473,162.506,165.877,-0.0552657,2940.91,0.254486,13814.8,8.0,11.4103,24.7762,31.8215,37.8108,41.7096,43.7268,44.8184,45.7817,46.4741,47.1698,47.8686,48.5703,49.557,50.6902,52.828,57.1347,16.662,11.3834,6.61322,-1.0,-1.0,-1.0,-1.0,-1.0
58.226,-0.1625,1.7898560993246185e-06,2.4072111721480646e-06,4,186.879,5.1744,-10.9717,170.108,173.144,161.917,165.557,-0.0954707,2941.92,0.268056,13776.5,8.0,11.7618,25.0977,32.0436,37.9395,41.7783,43.7656,44.8415,45.7911,46.4737,47.1598,47.849,48.541,49.5144,50.6324,52.7427,56.9965,15.7654,10.8748,6.32426,-1.0,-1.0,-1.0,-1.0,-1.0
58.246,-0.1625,1.342392074493464e-06,1.564687261896242e-06,4,186.401,5.89178,-10.9295,169.528,172.853,161.311,165.239,-0.13693,2942.93,0.273167,13737.6,8.0,12.1145,25.4555,32.3221,38.1387,41.9251,43.886,44.9477,45.885,46.5588,47.236,47.9163,48.5995,49.5606,50.6648,52.7492,56.953,14.8431,10.3549,6.03837,-1.0,-1.0,-1.0,-1.0,-1.0
58.266,-0.1625,1.006794055870098e-06,1.0170467202325574e-06,4,185.908,6.64334,-10.8689,168.996,172.476,160.77,164.935,-0.177469,2943.95,0.270853,13702.5,8.0,12.4584,25.8121,32.6085,38.353,42.0914,44.0278,45.0765,46.0022,46.6677,47.3365,48.0085,48.6835,49.633,50.7241,52.7839,56.94,13.9581,9.84357,5.75874,7.24295,7.27088,7.30098,7.33329,7.36786
58.286,-0.1625,7.550955419025735e-07,6.610803681511623e-07,4,185.41,7.06441,-10.6971,168.582,171.925,160.551,164.435,-0.216917,2944.98,0.267481,13672.0,8.0,12.7716,26.0946,32.8099,38.4773,42.1662,44.0777,45.1129,46.0267,46.6838,47.3443,48.0079,48.6747,49.6127,50.6906,52.7261,56.8354,13.1879,9.37058,5.49016,-1.0,-1.0,-1.0,-1.0,-1.0
58.306,-0.1625,5.663216564269302e-07,0.3500004297022393,4,184.927,7.23937,-10.5714,168.249,171.312,160.281,163.826,-0.25532,2946.01,0.262613,13634.9,8.0,13.0475,26.2852,32.9038,38.4862,42.1222,44.0073,45.0284,45.93,46.5785,47.2303,47.8855,48.5437,49.4699,50.5345,52.5455,56.6084,12.5301,8.93942,5.23333,-1.0,-1.0,-1.0,-1.0,-1.0
58.326,-0.1625,4.2474124232019765e-07,0.5775002793064555,4,184.01,7.33038,-10.4921,159.561,163.233,157.153,160.451,-0.29257,2947.04,0.25675,13355.9,8.0,13.2932,26.4102,32.9235,38.4169,41.9986,43.8565,44.8633,45.7525,46.3922,47.0354,47.682,48.3316,49.2458,50.297,52.2839,56.3009,11.945,8.53837,4.98687,-1.0,-1.0,-1.0,-1.0,-1.0
58.346,-0.1625,3.185559317401482e-07,0.7253751815491961,4,182.439,7.55702,-10.4401,149.455,154.644,153.727,156.771,-0.328374,2948.07,0.250459,13053.7,8.0,13.5154,26.4956,32.9025,38.3075,41.8353,43.6664,44.6591,45.5361,46.1673,46.8018,47.4398,48.081,48.9836,50.0218,51.9848,55.9573,11.4052,8.1594,4.75075,-1.0,-1.0,-1.0,-1.0,-1.0
58.366,-0.1625,2.389169488051112e-07,0.8214938680069774,4,180.46,7.86182,-10.4109,138.325,145.752,150.244,152.848,-0.362391,2949.09,0.243105,12740.1,8.0,13.7038,26.5165,32.8101,38.1238,41.5963,43.4002,44.3787,45.2435,45.8659,46.4918,47.1212,47.7539,48.6449,49.6701,51.6095,55.5382,10.9358,7.81457,4.5288,-1.0,-1.0,-1.0,-1.0,-1.0
58.386,-0.1625,1.791877116038334e-07,0.5339710142045353,4,178.166,7.97392,-10.2818,126.52,136.593,147.212,149.946,-0.394419,2950.11,0.234034,12493.2,8.0,13.8457,26.439,32.6042,37.8177,41.2308,43.0059,43.9693,44.8212,45.4344,46.0513,46.6719,47.2958,48.1748,49.1866,51.1018,54.9864,10.5678,7.51752,4.32447,-1.0,-1.0,-1.0,-1.0,-1.0
58.406,-0.1625,1.3439078370287504e-07,0.34708115923294797,4,175.88,7.69316,-10.136,126.284,138.502,147.97,149.939,-0.424387,2951.12,0.222776,12530.5,8.0,13.9349,26.2473,32.2644,37.3655,40.713,42.4565,43.4037,44.2415,44.8448,45.4521,46.0631,46.6777,47.5439,48.5415,50.4313,54.2704,10.3196,7.2752,4.13935,-1.0,-1.0,-1.0,-1.0,-1.0
58.426,-0.1625,1.0079308777715628e-07,0.22560275350141618,4,173.876,7.09555,-10.0185,132.56,145.235,148.544,150.03,-0.452455,2952.12,0.210582,12559.0,8.0,13.9936,26.004,31.8674,36.8526,40.1324,41.8436,42.774,43.5973,44.1906,44.7879,45.3892,45.9942,46.8473,47.8304,49.6942,53.4874,10.1395,7.06539,3.96857,-1.0,-1.0,-1.0,-1.0,-1.0
58.446,-0.1625,7.559481583286721e-08,0.14664178977592052,4,172.22,6.42427,-9.87762,141.548,151.788,148.347,149.933,-0.4789,2953.12,0.199628,12546.3,8.0,14.0565,25.8055,31.5331,36.4141,39.6323,41.3138,42.2286,43.0386,43.6225,44.2106,44.8028,45.3989,46.2397,47.2092,49.0486,52.7977,9.9332,6.85086,3.8042,-1.0,-1.0,-1.0,-1.0,-1.0
58.466,-0.1625,5.66961118746504e-08,0.09531716335434834,4,171.015,6.08555,-9.76743,148.399,154.484,147.617,149.873,-0.504033,2954.11,0.19172,12513.5,8.0,14.1524,25.7269,31.3551,36.1567,39.3264,40.984,41.8862,42.6853,43.2615,43.842,44.4267,45.0153,45.846,46.8038,48.6223,52.3327,9.61387,6.60017,3.63935,-1.0,-1.0,-1.0,-1.0,-1.0
58.486,-0.1625,4.25220839059878e-08,0.061956156180326426,4,170.152,6.16382,-9.69802,151.17,155.395,146.86,149.843,-0.528049,2955.1,0.186533,12481.3,8.0,14.2777,25.7522,31.3126,36.0567,39.1898,40.8289,41.7212,42.5117,43.0818,43.6563,44.2349,44.8176,45.6397,46.588,48.3891,52.0662,9.19599,6.31845,3.47403,-1.0,-1.0,-1.0,-1.0,-1.0
58.506,-0.1625,3.1891562929490855e-08,0.04027150151721218,4,169.475,6.41546,-9.63121,151.836,155.584,146.373,149.765,-0.551046,2956.09,0.182446,12458.0,8.0,14.4089,25.8106,31.3161,36.0119,39.1136,40.7365,41.6201,42.4032,42.9679,43.5369,44.1102,44.6875,45.5021,46.4418,48.2272,51.8736,8.75721,6.0329,3.3126,-1.0,-1.0,-1.0,-1.0,-1.0
58.526,-0.1625,2.391867219711814e-08,0.026176475986187914,4,168.906,6.65085,-9.62318,151.99,155.463,146.049,149.41,-0.573053,2957.08,0.177955,12429.5,8.0,14.5249,25.8417,31.2894,35.9352,39.0048,40.6113,41.4862,42.2616,42.8209,43.3845,43.9523,44.5241,45.3311,46.2624,48.0321,51.6481,8.35658,5.76519,3.15875,-1.0,-1.0,-1.0,-1.0,-1.0
58.546,-0.1625,1.7939004147838607e-08,0.017014709391022145,4,168.403,6.77712,-9.66978,152.034,155.214,145.787,148.951,-0.594043,2958.07,0.172486,12399.3,8.0,14.6176,25.8236,31.2051,35.7951,38.8296,40.4185,41.2841,42.0514,42.6049,43.1626,43.7247,44.2908,45.0899,46.0122,47.7655,51.3503,8.01098,5.52241,3.01397,-1.0,-1.0,-1.0,-1.0,-1.0
58.566,-0.1625,1.3454253110878956e-08,0.011059561104164395,4,167.938,6.80114,-9.73082,152.04,154.947,145.487,148.508,-0.61402,2959.06,0.166413,12368.1,8.0,14.6928,25.7725,31.0829,35.6144,38.6123,40.1829,41.0389,41.7978,42.3452,42.897,43.4531,44.0134,44.8044,45.7177,47.4541,51.0074,7.70378,5.29852,2.87728,-1.0,-1.0,-1.0,-1.0,-1.0
58.586,-0.1625,1.0090689833159217e-08,0.007188714717706856,4,167.498,6.80216,-9.809,151.941,154.672,145.164,148.116,-0.632963,2960.06,0.160027,12338.2,8.0,14.7559,25.7034,30.942,35.4145,38.3757,39.9282,40.7744,41.5248,42.0662,42.6122,43.1624,43.7168,44.4998,45.4039,47.1237,50.6457,7.42178,5.08878,2.74797,-1.0,-1.0,-1.0,-1.0,-1.0
58.606,-0.1625,7.568017374869413e-09,0.004672664566509457,4,167.075,6.77516,-9.87206,151.76,154.385,144.834,147.78,-0.650857,2961.05,0.153508,12310.5,8.0,14.809,25.6226,30.7898,35.204,38.1289,39.6634,40.5001,41.2421,41.7777,42.3178,42.8622,43.4109,44.186,45.0811,46.7843,50.2756,7.16016,4.89153,2.62572,-1.0,-1.0,-1.0,-1.0,-1.0
58.626,-0.1625,5.67601303115206e-09,0.0030372319682311476,4,166.661,6.60597,-9.84573,151.521,154.033,144.61,147.447,-0.667749,2962.04,0.146643,12286.9,8.0,14.8491,25.521,30.6147,34.9693,37.8576,39.3737,40.2006,40.9343,41.4639,41.9981,42.5367,43.0796,43.8465,44.7326,46.4193,49.8795,6.92593,4.70932,2.51077,-1.0,-1.0,-1.0,-1.0,-1.0
58.646,-0.1625,4.257009773364045e-09,0.001974200779350246,4,166.261,6.3811,-9.80889,151.266,153.684,144.321,147.084,-0.683688,2963.03,0.139511,12259.4,8.0,14.878,25.4027,30.4216,34.7158,37.567,39.0645,39.8817,40.607,41.1306,41.6588,42.1916,42.7286,43.4874,44.3643,46.0345,49.4636,6.71548,4.54054,2.40258,-1.0,-1.0,-1.0,-1.0,-1.0
58.666,-0.1625,3.1927573300230336e-09,0.0012832305065776598,4,165.866,6.15027,-9.72973,150.938,153.364,143.953,146.761,-0.698716,2964.02,0.132664,12230.3,8.0,14.9035,25.2885,30.2363,34.4731,37.2888,38.7686,39.5765,40.2936,40.8115,41.334,41.861,42.3924,43.1435,44.0116,45.6658,49.0649,6.5119,4.37871,2.29987,-1.0,-1.0,-1.0,-1.0,-1.0
58.686,-0.1625,2.394567997517275e-09,0.0008340998292754788,4,165.466,6.0761,-9.6203,150.504,153.166,143.461,146.547,-0.712885,2965.01,0.12707,12200.6,8.0,14.9387,25.2128,30.1021,34.2906,37.076,38.5406,39.3404,40.0506,40.5635,41.081,41.603,42.1294,42.8736,43.734,45.3741,48.7463,6.28747,4.21338,2.2007,-1.0,-1.0,-1.0,-1.0,-1.0
58.706,-0.1625,1.7959259981379563e-09,0.0005421648890290612,4,165.066,6.18332,-9.53428,150.049,152.934,142.98,146.307,-0.726185,2966.01,0.122327,12170.2,8.0,14.9795,25.1639,30.0044,34.1517,36.9109,38.3624,39.1551,39.8591,40.3676,40.8807,41.3983,41.9204,42.6585,43.5121,45.1396,48.4875,6.0535,4.0489,2.10593,-1.0,-1.0,-1.0,-1.0,-1.0
58.726,-0.16350159090909092,1.3469444986034671e-09,0.0003524071778688898,4,164.661,6.34957,-9.43369,149.623,152.636,142.582,146.052,-0.738602,2967.0,0.11802,12143.4,8.0,15.0192,25.1231,29.9192,34.0292,36.7643,38.2036,38.9899,39.6881,40.1925,40.7015,41.2151,41.7332,42.4657,43.313,44.9286,48.2538,5.82655,3.89146,2.01664,-1.0,-1.0,-1.0,-1.0,-1.0
58.746,-0.16468931818181823,1.0102083739526004e-09,0.0002290646656147784,4,164.259,6.36206,-9.27129,149.295,152.24,142.363,145.686,-0.750227,2967.99,0.113207,12118.3,8.0,15.0458,25.0577,29.8053,33.875,36.5847,38.0113,38.7907,39.4828,39.9829,40.4878,40.9971,41.511,42.2377,43.0783,44.6816,47.9836,5.63026,3.7495,1.93383,-1.0,-1.0,-1.0,-1.0,-1.0
58.766,-0.16584159090909095,7.576562804644504e-10,0.00014889203264960597,4,163.869,6.28569,-9.13678,148.999,151.799,142.097,145.263,-0.761063,2968.98,0.107701,12089.2,8.0,15.0573,24.962,29.6556,33.6811,36.3632,37.7758,38.5478,39.2336,39.7291,40.2294,40.7343,41.2437,41.9642,42.7977,44.3881,47.6656,5.46841,3.62448,1.85772,-1.0,-1.0,-1.0,-1.0,-1.0
58.786,-0.1669997727272727,5.682422103483378e-10,9.677982122224388e-05,4,163.477,6.13711,-8.94541,148.624,151.411,141.719,144.909,-0.771126,2969.97,0.102303,12058.3,8.0,15.0643,24.864,29.5049,33.4875,36.1428,37.5419,38.3067,38.9862,39.4774,39.9732,40.4738,40.9788,41.6932,42.5198,44.0976,47.3513,5.32028,3.50873,1.78692,-1.0,-1.0,-1.0,-1.0,-1.0
58.806,-0.1681815909090909,4.261816577612533e-10,6.290688379445853e-05,4,163.077,6.18013,-8.77703,148.167,151.17,141.217,144.664,-0.780469,2970.95,0.0980322,12026.9,8.0,15.0801,24.7986,29.3973,33.3446,35.9778,37.3655,38.1243,38.7985,39.286,39.7781,40.2749,40.7761,41.4853,42.306,43.8731,47.1058,5.15967,3.39257,1.7197,-1.0,-1.0,-1.0,-1.0,-1.0
58.826,-0.16936931818181813,3.1963624332094e-10,4.088947446639804e-05,4,162.675,6.3794,-8.65289,147.724,150.898,140.749,144.386,-0.789051,2971.94,0.094371,11995.5,8.0,15.0991,24.7509,29.314,33.2312,35.845,37.2229,37.9764,38.6461,39.1303,39.6191,40.1126,40.6105,41.3151,42.1306,43.6881,46.9021,4.99969,3.28101,1.65709,-1.0,-1.0,-1.0,-1.0,-1.0
58.846,-0.17058068181818187,2.39727182490705e-10,2.657815840315873e-05,4,162.265,6.53784,-8.47084,147.322,150.553,140.458,144.107,-0.796871,2972.93,0.0908171,11972.0,8.0,15.1136,24.6999,29.2285,33.1167,35.7117,37.0801,37.8287,38.4939,38.9748,39.4605,39.9507,40.4455,41.1457,41.9562,43.5045,46.7005,4.85645,3.17978,1.60004,-1.0,-1.0,-1.0,-1.0,-1.0
58.866,-0.17176249999999998,1.7979538686802876e-10,1.7275802962053174e-05,4,161.865,6.45373,-8.24144,147.027,150.062,140.289,143.647,-0.804053,2973.91,0.0861184,11945.1,8.0,15.1091,24.6058,29.0903,32.9426,35.515,36.8721,37.6146,38.2745,38.7517,39.2335,39.7201,40.2112,40.9062,41.711,43.2485,46.4241,4.75552,3.09736,1.54932,-1.0,-1.0,-1.0,-1.0,-1.0
58.886,-0.17290295454545454,1.3484654015102157e-10,1.1229271925334564e-05,4,161.479,6.26267,-8.05989,146.771,149.572,140.046,143.178,-0.810558,2974.9,0.0804211,11915.1,8.0,15.0875,24.4742,28.9066,32.7169,35.2634,36.6076,37.343,37.997,38.4699,38.9475,39.4298,39.9168,40.6061,41.4044,42.9298,46.0854,4.69489,3.03324,1.50499,-1.0,-1.0,-1.0,-1.0,-1.0
58.906,-0.17407886363636368,1.0113490511326618e-10,7.2990267514674665e-06,4,161.081,6.02803,-7.77612,146.345,149.236,139.585,142.887,-0.816428,2975.88,0.0754544,11883.4,8.0,15.0704,24.3615,28.7482,32.5215,35.045,36.3776,37.1069,37.7554,38.2245,38.6984,39.1769,39.6601,40.3443,41.1366,42.6512,45.8029,4.63415,2.97283,1.46444,-1.0,-1.0,-1.0,-1.0,-1.0
58.926,-0.17527250000000005,7.585117883494963e-11,4.7443673884538535e-06,4,160.677,6.09761,-7.55826,145.852,149.042,139.03,142.681,-0.821692,2976.86,0.0719191,11851.4,8.0,15.0666,24.291,28.6445,32.3902,34.8963,36.2199,36.9444,37.5888,38.055,38.5259,39.0016,39.4819,40.1619,40.9495,42.4555,45.6301,4.55547,2.91007,1.42669,-1.0,-1.0,-1.0,-1.0,-1.0
58.946,-0.17647204545454553,5.688838412621222e-11,3.083838802495005e-06,4,160.271,6.35279,-7.39499,145.392,148.785,138.535,142.414,-0.826293,2977.84,0.0691482,11819.3,8.0,15.0681,24.2417,28.569,32.2927,34.7846,36.1009,36.8215,37.4626,37.9263,38.3948,38.868,39.3458,40.0224,40.8061,42.3049,45.5329,4.47559,2.85126,1.39305,-1.0,-1.0,-1.0,-1.0,-1.0
58.966,-0.17770409090909087,4.2666288094659165e-11,2.0044952216217535e-06,4,159.854,6.46182,-7.11173,145.006,148.408,138.346,142.112,-0.830262,2978.82,0.0661804,11799.1,8.0,15.0626,24.1805,28.48,32.1805,34.6576,35.9665,36.6832,37.3207,37.7819,38.2479,38.7186,39.1938,39.8669,40.6467,42.1382,45.4446,4.41856,2.80447,1.36463,-1.0,-1.0,-1.0,-1.0,-1.0
58.986,-0.17887704545454547,3.1999716070994376e-11,1.3029218940541397e-06,4,159.457,6.28888,-6.81604,144.76,147.865,138.212,141.584,-0.833723,2979.79,0.0615684,11770.9,8.0,15.0339,24.0637,28.3222,31.9897,34.4461,35.7447,36.4559,37.0887,37.5465,38.0091,38.4764,38.9483,39.6167,40.3913,41.8798,45.263,4.41497,2.77887,1.34222,-1.0,-1.0,-1.0,-1.0,-1.0
59.006,-0.18001454545454543,0.2500000000239998,8.468992311351909e-07,4,159.072,5.98798,-6.5588,144.523,147.336,137.968,141.093,-0.836617,2980.77,0.0558678,11739.9,8.0,14.9887,23.9094,28.1183,31.7464,34.1784,35.4648,36.1696,36.7968,37.2506,37.7092,38.1725,38.6406,39.3036,40.0722,41.5702,45.0201,4.45704,2.77159,1.32562,-1.0,-1.0,-1.0,-1.0,-1.0
59.026,-0.1810752272727273,0.4375000000179998,5.504845002378741e-07,4,158.713,5.73553,-6.22935,144.071,147.039,140.685,140.685,-0.838991,2981.74,0.0512258,11841.6,8.0,14.9524,23.7839,27.9519,31.5471,33.9587,35.235,35.9343,36.5567,37.0072,37.4624,37.9225,38.3872,39.0457,39.8103,41.3375,44.8711,4.49302,2.76522,1.31186,-1.0,-1.0,-1.0,-1.0,-1.0
59.046,-0.18133818181818184,0.5781250000134999,3.5781492515461816e-07,4,158.624,5.74533,-5.98778,143.775,146.937,142.299,142.299,-0.840831,2982.71,0.0474302,11976.3,8.0,14.922,23.6799,27.8137,31.3813,33.7758,35.0434,35.7381,36.3564,36.804,37.2564,37.7136,38.1755,38.8305,39.6073,41.1732,44.8068,4.52776,2.76184,1.30138,-1.0,-1.0,-1.0,-1.0,-1.0
59.066,-0.18112545454545456,0.6835937500101249,2.3257970135050182e-07,4,158.696,5.90394,-5.81312,143.701,146.947,143.623,143.623,-0.842047,2983.68,0.0438802,12088.0,8.0,14.8899,23.578,27.6796,31.2212,33.5995,34.8588,35.5491,36.1637,36.6085,37.0583,37.5129,37.9728,38.6379,39.4346,41.0428,44.7865,4.58087,2.76814,1.29569,-1.0,-1.0,-1.0,-1.0,-1.0
59.086,-0.18033659090909093,0.7626953125075937,1.511768058778262e-07,4,158.963,5.7778,-5.46323,143.883,146.951,143.805,143.805,-0.842644,2984.65,0.039057,12100.8,8.0,14.8391,23.4332,27.4927,31.0007,33.3583,34.6072,35.2921,35.9019,36.3434,36.7898,37.2432,37.7103,38.3894,39.2033,40.8484,44.6899,4.69898,2.79723,1.2967,-1.0,-1.0,-1.0,-1.0,-1.0
59.106,-0.1793468181818182,0.8220214843806952,9.826492382058704e-08,4,159.298,5.30777,-5.15175,144.336,146.901,144.423,144.423,-0.842668,2985.62,0.0314156,12154.6,8.0,14.7533,23.2023,27.1981,30.6559,32.9826,34.2162,34.893,35.4958,35.9324,36.3763,36.8338,37.3059,37.9924,38.8158,40.482,44.3823,4.94578,2.86376,1.30612,-1.0,-1.0,-1.0,-1.0,-1.0
59.126,-0.17822409090909094,0.8665161132855215,6.387220048338157e-08,4,159.678,4.66705,-4.83508,144.886,147.026,145.27,145.27,-0.841979,2986.6,0.02237,12227.3,8.0,14.6484,22.9283,26.85,30.2494,32.5404,33.7563,34.4237,35.0185,35.4511,35.8969,36.3569,36.8316,37.5223,38.3513,40.0304,43.9696,5.32486,2.96261,1.32361,-1.0,-1.0,-1.0,-1.0,-1.0
59.146,-0.17700681818181818,0.8998870849641412,4.151693031419803e-08,4,160.09,4.27824,-4.56591,145.254,147.48,146.268,146.268,-0.840518,2987.58,0.0143678,12311.6,8.0,14.5506,22.681,26.5371,29.8849,32.1439,33.3439,34.003,34.5927,35.0286,35.4784,35.9427,36.422,37.1199,37.958,39.6576,43.6554,5.78506,3.07455,1.34679,-1.0,-1.0,-1.0,-1.0,-1.0
59.166,-0.17567727272727277,0.9249153137231059,2.698600470422872e-08,4,160.54,4.19576,-4.3804,145.566,148.008,147.219,147.219,-0.838132,2988.56,0.00728482,12391.6,8.0,14.4583,22.4577,26.2565,29.5588,31.7898,32.976,33.6291,34.2243,34.6657,35.1214,35.592,36.0781,36.7862,37.6373,39.3657,43.4435,6.37002,3.20288,1.37704,-1.0,-1.0,-1.0,-1.0,-1.0
59.186,-0.17412613636363639,0.9436864852923295,1.754090305774867e-08,4,161.065,4.25436,-4.17913,145.914,148.513,147.516,147.516,-0.834725,2989.54,0.000748809,12407.7,8.0,14.3655,22.2432,25.9889,29.2493,31.4545,32.6283,33.2867,33.8906,34.3387,34.8015,35.2797,35.774,36.4944,37.3611,39.1237,43.2965,7.22138,3.35558,1.41585,-1.0,-1.0,-1.0,-1.0,-1.0
59.206,-0.17242431818181825,0.9577648639692471,1.1401586987536634e-08,4,161.641,4.04678,-3.85427,146.485,148.91,147.343,147.343,-0.830346,2990.53,-0.00709659,12400.3,8.0,14.2535,21.9874,25.6705,28.8815,31.0562,32.2232,32.8879,33.4979,33.9508,34.4187,34.9025,35.4027,36.1324,37.0109,38.8001,43.0492,53.0463,3.55882,1.46579,-1.0,-1.0,-1.0,-1.0,-1.0
59.226,-0.17082000000000003,0.9683236479769353,7.4110315418988126e-09,4,162.184,3.71777,-3.59519,147.126,149.257,147.983,147.983,-0.824944,2991.52,-0.016394,12456.2,8.0,14.1212,21.6879,25.2982,28.4514,30.5906,31.7557,32.4234,33.0364,33.4918,33.9626,34.4494,34.953,35.6881,36.5738,38.3797,42.6811,52.8706,3.8275,1.52813,-1.0,-1.0,-1.0,-1.0,-1.0
59.246,-0.16929250000000004,0.9762427359827015,4.817170502234229e-09,4,162.701,3.43264,-3.31593,147.699,149.815,148.955,148.955,-0.818458,2992.51,-0.0252236,12538.5,8.0,13.9876,21.3954,24.9368,28.0351,30.1432,31.3145,31.9863,32.6037,33.0624,33.5369,34.0278,34.536,35.2782,36.1731,38.0004,42.3663,52.7875,4.1464,1.60087,-1.0,-1.0,-1.0,-1.0,-1.0
59.266,-0.16773249999999992,0.9821820519870261,3.131160826452249e-09,4,163.229,3.46985,-3.12602,148.093,150.459,149.928,149.928,-0.810813,2993.5,-0.0327848,12620.3,8.0,13.8599,21.1301,24.6121,27.6633,29.7562,30.9396,31.6193,32.2442,32.7089,33.1898,33.6876,34.2032,34.9568,35.8664,37.7268,42.1887,52.9371,4.50844,1.68346,10.8853,10.8761,10.8697,10.8659,10.8649
59.286,-0.1661459090909091,0.9866365389902696,2.0352545371939618e-09,4,163.766,3.72071,-2.99917,148.474,151.062,150.842,150.842,-0.801919,2994.5,-0.0395196,12696.9,8.0,13.7332,20.8794,24.3086,27.3179,29.4132,30.6134,31.3034,31.9385,32.4111,32.9004,33.4074,33.9328,34.7014,35.6302,37.5333,42.1176,53.279,4.92884,1.77728,-1.0,-1.0,-1.0,-1.0,-1.0
59.306,-0.1643022727272728,0.9899774042427022,1.3229154491760752e-09,4,164.39,3.90856,-2.76023,148.952,151.594,150.571,150.571,-0.791768,2995.5,-0.0462859,12670.7,8.0,13.5983,20.6192,23.9951,26.9623,29.0738,30.2912,30.9921,31.6377,32.1186,32.6168,33.1333,33.669,34.4533,35.4021,37.3504,42.0651,53.6751,5.44591,1.88446,-1.0,-1.0,-1.0,-1.0,-1.0
59.326,-0.16260045454545452,0.9924830531820267,8.598950419644488e-10,4,164.966,3.90703,-2.54333,149.567,152.014,151.021,151.021,-0.780415,2996.49,-0.0542987,12711.3,8.0,13.4452,20.3211,23.6348,26.5564,28.6843,29.9139,30.6227,31.2761,31.7631,32.268,32.7918,33.3354,34.132,35.0968,37.0815,41.9056,53.9141,6.13739,2.00781,-1.0,-1.0,-1.0,-1.0,-1.0
59.346,-0.1625,0.99436228988652,5.589317772768918e-10,4,165.513,3.84691,-2.36857,150.177,152.463,151.912,151.912,-0.767791,2997.5,-0.0628665,12787.4,8.0,13.2797,20.0023,23.2501,26.133,28.2737,29.5132,30.2286,30.8886,31.3809,31.8917,32.4218,32.9724,33.7798,34.759,36.7769,41.7031,54.1004,7.08153,2.14749,-1.0,-1.0,-1.0,-1.0,-1.0
59.366,-0.1625,0.99577171741489,3.6330565522997967e-10,4,166.054,3.93032,-2.23781,150.646,153.024,152.867,152.867,-0.753871,2998.5,-0.0707381,12867.7,8.0,13.1129,19.6919,22.8783,25.7385,27.8979,29.1512,29.8754,30.5443,31.0436,31.5619,32.1003,32.6599,33.4814,34.4787,36.5387,41.5922,54.4695,8.42297,2.30139,-1.0,-1.0,-1.0,-1.0,-1.0
59.386,-0.1625,0.9968287880611675,2.361486758994868e-10,4,166.6,4.17767,-2.16519,151.066,153.587,153.768,153.768,-0.738586,2999.5,-0.0780681,12943.2,8.0,12.9436,19.3882,22.5175,25.3725,27.5567,28.8276,29.5631,30.2431,30.7512,31.2791,31.8279,32.3987,33.2375,34.2575,36.369,41.5781,55.042,11.3873,2.47031,-1.0,-1.0,-1.0,-1.0,-1.0
59.406,-0.1625,0.9976215910458757,1.5349663933466644e-10,4,167.183,4.48002,-2.08101,151.498,154.118,154.132,154.132,-0.721889,3000.5,-0.085069,12968.7,8.0,12.7686,19.0823,22.1564,25.0224,27.2351,28.5263,29.2746,29.9674,30.4854,31.0242,31.5847,32.1683,33.027,34.0726,36.2429,41.63,55.7757,108.917,2.65589,-1.0,-1.0,-1.0,-1.0,-1.0
59.426,-0.1625,0.9982161932844067,9.977281556753318e-11,4,167.775,4.6214,-1.95671,152.045,154.578,154.31,154.31,-0.70383,3001.51,-0.0927776,12987.3,8.0,12.58,18.7517,21.7663,24.6488,26.885,28.1933,28.9529,29.6568,30.1837,30.7321,31.3032,31.8984,32.7751,33.8443,36.0692,41.626,56.4531,115.409,2.86205,-1.0,-1.0,-1.0,-1.0,-1.0
59.446,-0.1625,0.9986621449633051,6.485233011889656e-11,4,168.333,4.67433,-1.89047,152.622,154.993,155.016,155.016,-0.684396,3002.51,-0.10128,13048.2,8.0,12.3773,18.3955,21.354,24.2476,26.5008,27.8226,28.5912,29.3043,29.8386,30.395,30.9751,31.5801,32.4723,33.562,35.8356,41.548,57.0364,122.405,3.09109,-1.0,-1.0,-1.0,-1.0,-1.0
59.466,-0.1625,0.9989966087224789,4.2154014577282766e-11,4,168.877,4.73127,-1.84304,153.155,155.484,155.888,155.888,-0.663544,3003.52,-0.10976,13121.6,8.0,12.1669,18.0312,20.9447,23.8496,26.1204,27.4562,28.2343,28.9569,29.4989,30.0639,30.6534,31.2688,32.1775,33.289,35.6143,41.4946,57.7154,130.989,3.34193,-1.0,-1.0,-1.0,-1.0,-1.0
59.486,-0.1625,0.9992474565418592,2.7400109475233798e-11,4,169.422,4.89642,-1.83738,153.622,156.009,156.717,156.717,-0.641243,3004.52,-0.117877,13191.1,8.0,11.9516,17.6668,20.55,23.4706,25.7635,27.1164,27.9058,28.6399,29.1911,29.7663,30.3669,30.9947,31.9227,33.06,35.4461,41.5235,58.6169,142.409,3.61405,-1.0,-1.0,-1.0,-1.0,-1.0
59.506,-0.1625,0.9994355924063945,1.7810071158901968e-11,4,169.969,5.14071,-1.85852,154.071,156.533,157.475,157.475,-0.61744,3005.52,-0.125715,13253.7,8.0,11.7302,17.2999,20.1673,23.1076,25.4266,26.7994,27.6019,28.3494,28.9112,29.4981,30.1116,30.7535,31.7039,32.8707,35.3269,41.6323,59.758,157.906,3.90898,-1.0,-1.0,-1.0,-1.0,-1.0
59.526,-0.1625,0.9995766943047959,1.1576546253286279e-11,4,170.559,5.3231,-1.82671,154.559,157.03,157.598,157.598,-0.592154,3006.53,-0.133662,13263.3,8.0,11.4996,16.9212,19.7836,22.7425,25.0874,26.4801,27.2961,28.057,28.6297,29.2285,29.8553,30.5119,31.4854,32.683,35.2127,41.7611,61.0346,178.522,4.23052,-1.0,-1.0,-1.0,-1.0,-1.0
59.546,-0.1625,0.9996825207285969,7.524755064636082e-12,4,171.123,5.41973,-1.82038,155.097,157.484,158.103,158.103,-0.565397,3007.53,-0.142145,13307.1,8.0,11.2572,16.5268,19.3869,22.3583,24.7241,26.1342,26.9619,27.735,28.3175,28.9273,29.5662,30.2364,31.2314,32.4581,35.058,41.8457,62.318,200.0,4.58398,-1.0,-1.0,-1.0,-1.0,-1.0
59.566,-0.1625,0.9997618905464476,4.891090792013453e-12,4,171.671,5.47397,-1.83321,155.639,157.951,158.82,158.82,-0.537148,3008.53,-0.150901,13367.8,8.0,11.005,16.1299,18.9843,21.9648,24.3493,25.7754,26.6142,27.3988,27.9908,28.6112,29.2619,29.9453,30.9616,32.217,34.8875,41.9211,63.6934,200.0,4.97098,-1.0,-1.0,-1.0,-1.0,-1.0
59.586,-0.1625,0.9998214179098357,3.1792090148087447e-12,4,172.214,5.57153,-1.8564,156.132,158.469,159.551,159.551,-0.507411,3009.52,-0.159376,13429.3,8.0,10.7466,15.7414,18.5921,21.5847,23.9912,25.4358,26.2875,27.0854,27.6881,28.3206,28.9849,29.6833,30.7238,32.0121,34.7632,42.0797,65.4004,200.0,5.38987,-1.0,-1.0,-1.0,-1.0,-1.0
59.606,-0.1625,0.9998660634323768,2.066485859625684e-12,4,172.757,5.73652,-1.89921,156.599,158.993,160.25,160.25,-0.476152,3010.52,-0.167655,13487.9,8.0,10.4819,15.3621,18.2114,21.22,23.653,25.1193,25.9858,26.799,27.4143,28.0607,28.7405,29.4565,30.5249,31.851,34.6951,42.3413,67.5401,200.0,5.84272,-1.0,-1.0,-1.0,-1.0,-1.0
59.626,-0.1625,0.9998995475742827,1.3432158087566947e-12,4,173.32,5.91567,-1.92639,157.064,159.504,160.642,160.642,-0.443361,3011.51,-0.175749,13518.6,8.0,10.2099,14.989,17.838,20.8649,23.327,24.8173,25.7003,26.5304,27.1596,27.8214,28.5186,29.2539,30.3534,31.7218,34.6703,42.6919,70.1457,200.0,6.33416,-1.0,-1.0,-1.0,-1.0,-1.0
59.646,-0.1625,0.999924660680712,8.730902756918516e-13,4,173.888,6.01372,-1.93276,157.575,159.986,160.935,160.935,-0.40907,3012.5,-0.184111,13544.4,8.0,9.92824,14.6141,17.4592,20.5009,22.99,24.5032,25.4021,26.2489,26.8917,27.569,28.2834,29.0381,30.1689,31.5802,34.6362,43.0547,73.0791,200.0,6.87327,-1.0,-1.0,-1.0,-1.0,-1.0
59.666,-0.1625,0.999943495510534,5.675086791997035e-13,4,174.444,6.04297,-1.94917,158.116,160.442,161.406,161.406,-0.373285,3013.49,-0.19285,13584.5,8.0,9.63659,14.2355,17.0719,20.1233,22.6355,24.1695,25.0832,25.9457,26.6014,27.2933,28.0243,28.7978,29.9593,31.413,34.5767,43.4059,76.3293,200.0,7.46799,-1.0,-1.0,-1.0,-1.0,-1.0
59.686,-0.1625,0.9999576216329005,3.688806414798073e-13,4,174.984,6.02588,-1.92533,158.646,160.972,161.987,161.987,-0.336033,3014.48,-0.201453,13633.8,8.0,9.33805,13.8631,16.6914,19.754,22.2916,23.8484,24.7784,25.658,26.3279,27.0359,27.7852,28.5795,29.7749,31.2756,34.5596,43.8565,80.3346,200.0,8.06195,-1.0,-1.0,-1.0,-1.0,-1.0
59.706,-0.1625,0.9999682162246754,2.3977241696187475e-13,4,175.519,6.09857,-1.91356,159.117,161.526,162.612,162.612,-0.297334,3015.46,-0.209589,13686.4,8.0,9.03466,13.5048,16.3297,19.411,21.982,23.5675,24.5176,25.4184,26.1058,26.8336,27.6052,28.4248,29.6615,31.2194,34.6498,44.5221,85.7125,139.523,8.60854,-1.0,-1.0,-1.0,-1.0,-1.0
59.726,-0.1625,0.9999761621685065,1.558520710252186e-13,4,176.054,6.24581,-1.91263,159.565,162.062,163.193,163.193,-0.257168,3016.43,-0.217362,13734.0,8.0,8.72646,13.1584,15.984,19.0901,21.7019,23.3218,24.2959,25.2217,25.9298,26.681,27.4791,28.3287,29.6142,31.2401,34.8452,45.4174,92.9444,109.569,9.11123,-1.0,-1.0,-1.0,-1.0,-1.0
59.746,-0.1625,0.9999821216263799,1.013038461663921e-13,4,176.63,6.31381,-1.84133,160.048,162.562,163.159,163.159,-0.21556,3017.41,-0.225197,13730.1,8.0,8.42159,12.8152,15.6403,18.7712,21.4249,23.0807,24.08,25.0323,25.7625,26.5386,27.3651,28.2469,29.5854,31.2854,35.0832,46.4532,102.272,92.5401,9.58005,-1.0,-1.0,-1.0,-1.0,-1.0
59.766,-0.1625,0.999986591219785,6.584750000815487e-14,4,177.191,6.25242,-1.76346,160.595,163.01,163.365,163.365,-0.172558,3018.38,-0.233625,13748.4,8.0,8.1211,12.4665,15.284,18.4315,21.1205,22.8082,23.8306,24.8076,25.5584,26.3581,27.2117,28.1246,29.5145,31.2873,35.2789,47.4893,113.74,82.239,10.0262,-1.0,-1.0,-1.0,-1.0,-1.0
59.786,-0.1625,0.9999899434148387,4.2800875005300664e-14,4,177.739,6.07091,-1.65834,161.191,163.461,163.748,163.748,-0.128176,3019.35,-0.242496,13781.3,8.0,7.826,12.1155,14.9199,18.0777,20.7968,22.5137,23.5577,24.558,25.3285,26.151,27.0309,27.9743,29.4151,31.2611,35.4506,48.5627,128.484,75.3042,10.4494,-1.0,-1.0,-1.0,-1.0,-1.0
59.806,-0.1625,0.999992457561129,2.7820568753445434e-14,4,178.273,5.92426,-1.5449,161.709,163.998,164.262,164.262,-0.0824623,3020.31,-0.251,13825.0,8.0,7.54038,11.7775,14.5726,17.7468,20.5036,22.2557,23.3254,24.3535,25.1475,25.9971,26.9082,27.8877,29.3892,31.3222,35.7495,49.9747,150.862,69.6627,10.8363,-1.0,-1.0,-1.0,-1.0,-1.0
59.826,-0.1625,0.9999943431708467,1.8083369689739532e-14,4,178.806,5.88331,-1.48533,162.183,164.51,164.851,164.851,-0.0365853,3021.26,-0.242596,13874.8,8.0,7.26354,11.4504,14.2389,17.4346,20.2358,22.0286,23.1281,24.1883,25.0095,25.8905,26.8379,27.8595,29.4317,31.4668,36.1758,51.772,187.614,65.0234,11.1909,-1.0,-1.0,-1.0,-1.0,-1.0
59.846,-0.1625,0.9999957573781351,1.1754190298330696e-14,4,179.371,5.84453,-1.42045,162.666,164.989,165.039,165.039,0.00782172,3022.22,-0.232847,13887.1,8.0,6.99383,11.1281,13.9088,17.1258,19.9727,21.8084,22.9394,24.0339,24.8842,25.799,26.7857,27.853,29.5026,31.6507,36.6766,53.8993,200.0,61.3248,11.521,-1.0,-1.0,-1.0,-1.0,-1.0
59.866,-0.1625,0.9999968180336013,7.640223693914953e-15,4,179.941,5.65419,-1.34202,163.222,165.418,165.202,165.202,0.0507325,3023.19,-0.223977,13903.6,8.0,6.72842,10.7985,13.5618,16.7874,19.6684,21.5394,22.6974,23.8219,24.6981,25.6433,26.6658,27.7755,29.4978,31.7538,37.0919,56.0435,200.0,58.6849,11.8417,-1.0,-1.0,-1.0,-1.0,-1.0
59.886,-0.1625,0.999997613525201,4.96614540104472e-15,4,180.485,5.41763,-1.33574,163.795,165.832,165.845,165.845,0.0921904,3024.16,-0.215853,13959.2,8.0,6.46783,10.4642,13.2017,16.4247,19.329,21.2283,22.4091,23.5595,24.4586,25.4311,26.4862,27.6349,29.4252,31.7842,37.43,58.2282,200.0,56.7366,12.1524,-1.0,-1.0,-1.0,-1.0,-1.0
59.906,-0.1625,0.9999982101439008,3.227994510679068e-15,4,181.022,5.2417,-1.40222,164.336,166.284,166.655,166.655,0.132268,3025.13,-0.207897,14027.4,8.0,6.21414,10.1348,12.8449,16.0637,18.9907,20.9188,22.1229,23.3003,24.2233,25.2244,26.314,27.5042,29.3675,31.8383,37.8247,60.809,200.0,55.0535,12.444,-1.0,-1.0,-1.0,-1.0,-1.0
59.926,-0.1625,0.9999986576079256,2.098196431941394e-15,4,181.564,5.16031,-1.50835,164.839,166.785,167.407,167.407,0.171018,3026.11,-0.199718,14090.2,8.0,5.96865,9.81662,12.5024,15.7222,18.6792,20.6423,21.8746,23.0841,24.0356,25.0709,26.2015,27.4411,29.3915,31.9965,38.3967,64.2063,200.0,53.4253,12.7108,-1.0,-1.0,-1.0,-1.0,-1.0
59.946,-0.1625,0.9999989932059442,1.3638276807619063e-15,4,182.109,5.15536,-1.61275,165.333,167.327,168.063,168.063,0.208469,3027.1,-0.191127,14145.0,8.0,5.73187,9.51253,12.1793,15.4094,18.4085,20.417,21.685,22.935,23.9222,25.0002,26.1821,27.4834,29.5428,32.3163,39.2441,68.9294,200.0,51.7827,12.9501,-1.0,-1.0,-1.0,-1.0,-1.0
59.966,-0.1625,0.9999992449044581,8.864879924952391e-16,4,182.652,5.24088,-1.69176,165.795,167.918,168.634,168.634,0.244595,3028.09,-0.181826,14192.9,8.0,5.50511,9.22772,11.885,15.1415,18.2031,20.2744,21.5909,22.8954,23.9303,25.0652,26.3152,27.6987,29.9034,32.9026,40.5483,76.0248,200.0,50.0416,13.1567,-1.0,-1.0,-1.0,-1.0,-1.0
59.986,-0.1625,0.9999994336783435,5.762171951219055e-16,4,183.195,5.41447,-1.76686,166.237,168.492,169.161,169.161,0.279353,3029.08,-0.17197,14237.0,8.0,5.288,8.96019,11.6162,14.9141,18.0588,20.211,21.5895,22.9637,24.0597,25.2676,26.6054,28.095,30.4887,33.7845,42.3998,86.8663,200.0,48.2879,13.3341,-1.0,-1.0,-1.0,-1.0,-1.0
60.006,-0.1625,0.9999995752587576,3.745411768292386e-16,4,183.75,5.60315,-1.81829,166.689,169.027,169.48,169.48,0.312709,3030.08,-0.161886,14262.3,8.0,5.07955,8.70522,11.3649,14.7143,17.9581,20.207,21.6598,23.1179,24.288,25.5848,27.0302,28.6509,31.2808,34.9538,44.8515,103.867,165.691,46.629,13.4893,-1.0,-1.0,-1.0,-1.0,-1.0
60.026,-0.1625,0.9999996814440681,2.434517649390051e-16,4,184.304,5.713,-1.8463,167.183,169.517,169.773,169.773,0.344615,3031.09,-0.15205,14288.1,8.0,4.87849,8.45613,11.1186,14.5211,17.8703,20.2241,21.7588,23.3104,24.5638,25.9618,27.5307,29.3038,32.2123,36.3413,47.8705,131.634,140.656,45.1722,13.6314,-1.0,-1.0,-1.0,-1.0,-1.0
60.046,-0.1625,0.9999997610830511,1.5824364721035332e-16,4,184.847,5.75859,-1.88178,167.698,169.979,170.231,170.231,0.375031,3032.1,-0.142556,14327.0,8.0,4.68496,8.2125,10.8762,14.3316,17.7905,20.2567,21.8806,23.5354,24.8817,26.3936,28.1033,30.0523,33.2887,37.9685,51.5948,183.983,123.443,43.8996,13.7624,-1.0,-1.0,-1.0,-1.0,-1.0
60.066,-0.1625,0.9999998208122883,1.0285837068672965e-16,4,185.384,5.77299,-1.93199,168.212,170.44,170.771,170.771,0.403969,3033.11,-0.133288,14372.8,8.0,4.49945,7.97661,10.6416,14.1524,17.7295,20.3192,22.0428,23.8141,25.2666,26.9101,28.7846,30.9423,34.5752,39.9417,56.378,200.0,110.727,42.7546,13.8809,-1.0,-1.0,-1.0,-1.0,-1.0
60.086,-0.1625,0.9999998656092163,6.685794094637428e-17,4,185.919,5.79097,-1.99978,168.715,170.913,171.354,171.354,0.431424,3034.13,-0.124087,14421.9,8.0,4.32274,7.75172,10.4206,13.9941,17.7047,20.4359,22.275,24.1831,25.7618,27.5632,29.638,32.0532,36.1859,42.4487,62.8877,200.0,100.746,41.684,13.9844,-1.0,-1.0,-1.0,-1.0,-1.0
60.106,-0.1625,0.9999998992069122,4.3457661615143286e-17,4,186.451,5.815,-2.05577,169.216,171.414,171.916,171.916,0.457386,3035.16,-0.114751,14469.1,8.0,4.15574,7.54175,10.2206,13.8709,17.7404,20.6418,22.6214,24.698,26.4337,28.4341,30.7645,33.5138,38.3122,45.8174,72.4729,200.0,92.4863,40.6399,14.0698,-1.0,-1.0,-1.0,-1.0,-1.0
60.126,-0.1625,0.9999999244051841,2.824748004984314e-17,4,186.981,5.8964,-2.10719,169.683,171.943,172.447,172.447,0.481826,3036.18,-0.105034,14513.6,8.0,3.99957,7.35166,10.0513,13.8022,17.8724,20.99,23.1503,25.4461,27.3887,29.6548,32.3324,35.5445,41.293,50.6671,88.2908,200.0,85.3128,39.5779,14.1334,-1.0,-1.0,-1.0,-1.0,-1.0
60.146,-0.1625,0.9999999433038881,1.8360862032398042e-17,4,187.511,6.02047,-2.16726,170.139,172.452,172.96,172.96,0.504729,3037.22,-0.0951126,14556.7,8.0,3.85392,7.17971,9.90983,13.7843,18.0999,21.4866,23.8762,26.4548,28.669,31.2904,34.4422,38.3033,45.441,57.7498,117.471,200.0,79.1423,38.5332,14.1787,-1.0,-1.0,-1.0,-1.0,-1.0
60.166,-0.1625,0.999999957477916,1.1934560321058727e-17,4,188.058,6.11304,-2.2046,170.612,172.936,173.227,173.227,0.526077,3038.25,-0.0852721,14578.3,8.0,3.71821,7.02258,9.78965,13.8062,18.4091,22.1204,24.7934,27.7297,30.2954,33.3871,37.1849,41.9608,51.1678,68.3105,183.949,200.0,73.9326,37.5486,14.2112,-1.0,-1.0,-1.0,-1.0,-1.0
60.186,-0.1625,0.999999968108437,7.757464208688174e-18,4,188.598,6.12563,-2.23944,171.12,173.39,173.586,173.586,0.545842,3039.29,-0.0758231,14609.1,8.0,3.59189,6.87673,9.68321,13.853,18.7769,22.8655,25.8784,29.2561,32.2674,35.9727,40.6428,46.7106,59.0634,84.6663,200.0,200.0,69.6226,36.6589,14.2362,-1.0,-1.0,-1.0,-1.0,-1.0
60.206,-0.1625,0.9999999760813278,5.042351735647313e-18,4,189.133,6.0839,-2.28646,171.638,173.835,174.044,174.044,0.564013,3040.34,-0.066737,14647.9,8.0,3.47544,6.74385,9.59341,13.9302,19.2169,23.7495,27.1761,31.1083,34.6976,39.2266,45.1194,53.1003,70.5904,113.234,200.0,169.365,65.9835,35.8459,14.2533,-1.0,-1.0,-1.0,-1.0,-1.0
60.226,-0.1625,0.9999999820609959,3.2775286281707538e-18,4,189.665,6.02288,-2.34992,172.153,174.291,174.565,174.565,0.580598,3041.38,-0.0578616,14691.9,8.0,3.36952,6.62733,9.52718,14.0531,19.7632,24.836,28.7851,33.4435,37.8186,43.5144,51.2348,62.2913,89.275,176.861,200.0,147.566,62.8061,35.0796,14.2604,-1.0,-1.0,-1.0,-1.0,-1.0
60.246,-0.1625,0.999999986545747,2.13039360831099e-18,4,190.196,5.97084,-2.42322,172.657,174.767,175.099,175.099,0.59561,3042.44,-0.0490211,14736.8,8.0,3.27482,6.53104,9.49299,14.2425,20.466,26.2245,30.8653,36.5273,42.0396,49.5157,60.2315,76.8738,125.398,200.0,200.0,130.991,59.9361,34.3332,14.2548,-1.0,-1.0,-1.0,-1.0,-1.0
60.266,-0.1625,0.9999999899093102,1.3847558454021437e-18,4,190.724,5.9419,-2.47547,173.151,175.287,175.605,175.605,0.609039,3043.49,-0.0399039,14779.2,8.0,3.19259,6.46165,9.50595,14.5367,21.423,28.1131,33.743,40.9199,48.2555,58.8009,75.2516,104.494,200.0,200.0,200.0,117.482,57.219,33.5695,14.2323,2.35234,2.34963,2.34763,2.34636,2.34579
60.286,-0.1625,0.9999999924319827,9.000912995113933e-19,4,191.251,5.97983,-2.53238,173.615,175.811,176.091,176.091,0.620861,3044.55,-0.030465,14820.1,8.0,3.12341,6.42213,9.57381,14.9615,22.7233,30.7283,37.8512,47.4915,58.0588,74.682,104.654,174.834,200.0,200.0,200.0,106.194,54.6294,32.787,14.1924,-1.0,-1.0,-1.0,-1.0,-1.0
60.306,-0.1625,0.999999994323987,5.850593446824057e-19,4,191.784,6.04451,-2.5842,174.076,176.317,176.484,176.484,0.631066,3045.61,-0.0208772,14851.9,8.0,3.06715,6.41188,9.69665,15.5273,24.442,34.3379,43.8113,57.7648,74.7853,106.038,182.193,200.0,200.0,200.0,200.0,96.7771,52.2088,32.0069,14.1383,-1.0,-1.0,-1.0,-1.0,-1.0
60.326,-0.1625,0.9999999957429903,3.802885740435637e-19,4,192.323,6.05903,-2.6163,174.563,176.797,176.774,176.774,0.639632,3046.68,-0.0114644,14877.1,8.0,3.02336,6.42776,9.86806,16.2279,26.6321,39.2629,52.5784,74.7806,107.092,188.606,200.0,200.0,200.0,200.0,168.7,89.0439,50.0182,31.2602,14.075,-1.0,-1.0,-1.0,-1.0,-1.0
60.346,-0.1625,0.9999999968072427,2.471875731283164e-19,4,192.854,6.02598,-2.65391,175.068,177.257,177.189,177.189,0.646535,3047.75,-0.00232917,14912.3,8.0,2.99229,6.47037,10.0899,17.0783,29.4228,46.1578,66.2862,107.213,191.83,200.0,200.0,200.0,200.0,200.0,146.504,82.6318,48.043,30.5513,14.004,-1.0,-1.0,-1.0,-1.0,-1.0
60.366,-0.1625,0.999999997605432,1.6067192253340568e-19,4,193.383,5.97006,-2.70127,175.574,177.719,177.66,177.66,0.651779,3048.82,0.0066182,14952.1,8.0,2.97451,6.5434,10.3723,18.1212,33.0836,56.458,90.6414,192.835,200.0,200.0,200.0,200.0,200.0,197.304,129.794,77.1647,46.2294,29.8677,13.924,-1.0,-1.0,-1.0,-1.0,-1.0
60.386,-0.1625,0.999999998204074,1.044367496467137e-19,4,193.908,5.91922,-2.76047,176.072,178.191,178.169,178.169,0.655374,3049.9,0.0155117,14995.1,8.0,2.97068,6.65166,10.7296,19.423,38.0978,73.5383,146.043,200.0,200.0,200.0,200.0,200.0,200.0,168.028,116.546,72.3661,44.5274,29.1957,13.8334,-1.0,-1.0,-1.0,-1.0,-1.0
60.406,-0.1625,0.9999999986530556,6.78838872703639e-20,4,194.431,5.8824,-2.8058,176.564,178.695,178.674,178.674,0.657317,3050.98,0.0245663,15037.5,8.0,2.98191,6.80278,11.1853,21.0987,45.4573,107.841,200.0,200.0,200.0,200.0,200.0,200.0,183.431,145.918,105.517,68.0096,42.8846,28.5174,13.7297,-1.0,-1.0,-1.0,-1.0,-1.0
60.426,-0.1625,0.9999999989897916,4.412452672573654e-20,4,194.951,5.90836,-2.85048,177.026,179.214,179.162,179.162,0.65758,3052.06,0.0339639,15078.5,8.0,3.00946,7.00549,11.7686,23.3218,57.3221,200.0,200.0,200.0,200.0,200.0,200.0,193.513,156.396,128.297,96.0072,63.9568,41.2664,27.8205,13.6107,-1.0,-1.0,-1.0,-1.0,-1.0
60.446,-0.1625,0.9999999992423437,2.868094237172875e-20,4,195.472,5.97737,-2.89899,177.48,179.72,179.639,179.639,0.656162,3053.15,0.0435659,15118.1,8.0,3.05344,7.26214,12.4946,26.2719,78.6086,200.0,200.0,200.0,200.0,200.0,190.113,162.951,135.804,114.101,87.8318,60.231,39.6979,27.1177,13.4788,-1.0,-1.0,-1.0,-1.0,-1.0
60.466,-0.1625,0.9999999994317578,1.864261254162369e-20,4,196.005,6.01655,-2.92298,177.951,180.202,179.91,179.91,0.653039,3054.23,0.0531098,15140.9,8.0,3.11374,7.57235,13.3709,30.1669,124.637,200.0,200.0,200.0,200.0,186.837,160.497,140.675,119.951,102.681,80.8901,56.875,38.2142,26.4274,13.3373,-1.0,-1.0,-1.0,-1.0,-1.0
60.486,-0.1625,0.9999999995738184,1.2117698152055398e-20,4,196.53,6.00811,-2.94977,178.443,180.661,180.307,180.307,0.648185,3055.32,0.0624062,15174.6,8.0,3.19043,7.93667,14.4084,35.3396,200.0,200.0,200.0,200.0,184.315,158.566,139.141,123.963,107.553,93.434,75.0118,53.882,36.8296,25.7595,13.1885,-1.0,-1.0,-1.0,-1.0,-1.0
60.506,-0.1625,0.9999999996803638,7.876503798836009e-21,4,197.051,5.97006,-2.98367,178.94,181.116,180.758,180.758,0.641605,3056.42,0.0715043,15212.7,8.0,3.2841,8.36118,15.6392,42.4577,200.0,200.0,200.0,182.319,157.001,137.866,122.898,110.869,97.5191,85.7361,69.9313,51.1753,35.5246,25.1082,13.0317,-1.0,-1.0,-1.0,-1.0,-1.0
60.526,-0.1625,0.9999999997602729,5.119727469243406e-21,4,197.571,5.92631,-3.02628,179.432,181.579,181.238,181.238,0.633299,3057.51,0.0805127,15253.3,8.0,3.39566,8.85503,17.1129,52.8279,200.0,200.0,192.381,155.51,136.632,121.849,109.961,100.193,89.1214,79.141,65.4367,48.6824,34.2763,24.4654,12.8659,-1.0,-1.0,-1.0,-1.0,-1.0
60.546,-0.1625,0.9999999998202047,3.327822855008214e-21,4,198.087,5.88844,-3.06156,179.919,182.065,181.73,181.73,0.623272,3058.61,0.089596,15294.7,8.0,3.52631,9.43153,18.9062,69.398,200.0,196.243,162.627,135.122,120.568,108.852,99.2178,91.1568,81.8565,73.3209,61.3578,46.3374,33.0607,23.8212,12.6894,-1.0,-1.0,-1.0,-1.0,-1.0
60.566,-0.1625,0.9999999998651535,2.163084855755339e-21,4,198.601,5.90064,-3.09182,180.382,182.573,182.211,182.211,0.611497,3059.71,0.0989811,15335.1,8.0,3.67802,10.1112,21.146,100.52,200.0,174.785,139.615,118.729,107.276,97.8449,89.9444,83.2304,75.3639,68.0284,57.5556,44.079,31.8526,23.1642,12.5,-1.0,-1.0,-1.0,-1.0,-1.0
60.586,-0.1625,0.9999999998988651,1.4060051562409703e-21,4,199.113,5.95799,-3.12686,180.833,183.072,182.686,182.686,0.59797,3060.81,0.108577,15375.0,8.0,3.85137,10.9054,23.9561,177.425,197.711,147.737,121.635,105.363,96.1816,88.4781,81.9229,76.2774,69.5739,63.2345,54.0325,41.9218,30.663,22.5008,12.2989,-1.0,-1.0,-1.0,-1.0,-1.0
60.606,-0.04250000000000001,0.9999999999241489,9.139033515566306e-22,4,199.637,5.99937,-3.13965,181.294,183.552,182.981,182.981,0.582675,3061.92,0.118172,15399.3,8.0,4.0464,11.821,27.4736,200.0,190.661,127.515,107.438,94.4421,86.9384,80.545,75.0325,70.2316,64.4652,58.9448,50.8135,39.8929,29.5107,21.8415,12.0885,-1.0,-1.0,-1.0,-1.0,-1.0
60.626,-0.015170639999999999,0.9999999999431117,5.940371785118099e-22,4,200.174,6.06628,-3.15078,182.314,184.321,183.309,183.309,0.565695,3063.03,0.126422,15426.6,8.0,4.25575,12.7891,31.4249,200.0,166.039,113.602,97.2481,86.3809,80.0025,74.5066,69.7222,65.5199,60.4285,55.5091,48.1807,38.1812,28.5033,21.2449,11.882,-1.0,-1.0,-1.0,-1.0,-1.0
60.646,-0.015777600000000003,0.9999999999573338,3.8612416603267646e-22,4,200.761,5.71983,-3.16444,183.336,184.664,183.543,183.543,0.547263,3064.13,0.13148,15446.0,8.0,4.46559,13.6642,34.8794,200.0,150.639,105.815,91.3434,81.5925,75.8182,70.8122,66.4308,62.5647,57.8582,53.2866,46.4326,36.9949,27.7657,20.7818,11.6965,-1.0,-1.0,-1.0,-1.0,-1.0
60.666,-0.016094519999999998,0.9999999999680004,2.509807079212397e-22,4,201.371,4.95938,-3.1819,184.2,184.943,183.761,183.761,0.527492,3065.25,0.134121,15464.5,8.0,4.67674,14.4491,37.6764,200.0,142.615,101.422,87.9043,78.7347,73.2811,68.5389,64.3776,60.6972,56.206,51.8322,45.2538,36.154,27.2085,20.4084,11.5237,-1.0,-1.0,-1.0,-1.0,-1.0
60.686,-0.016257,0.9999999999760003,1.6313746014880582e-22,4,201.985,4.06955,-3.1905,184.957,185.344,184.031,184.031,0.506494,3066.36,0.135475,15487.4,8.0,4.89326,15.194,40.0698,199.194,137.758,98.5573,85.5903,76.7651,71.5054,66.9249,62.9005,59.3368,54.9827,50.7372,44.3413,35.4738,26.7333,20.0737,11.3536,-1.0,-1.0,-1.0,-1.0,-1.0
60.706,-0.016358039999999997,0.9999999999820002,1.0603934909672379e-22,4,202.596,3.23357,-3.1891,185.617,185.842,184.356,184.356,0.484417,3067.48,0.136317,15515.0,8.0,5.11783,15.9413,42.3435,197.76,134.023,96.2331,83.6726,75.1071,69.9952,65.5395,61.6213,58.1496,53.9048,49.7623,43.5156,34.8426,26.2799,19.7466,11.1801,-1.0,-1.0,-1.0,-1.0,-1.0
60.726,-0.016441559999999997,0.9999999999865001,6.892557691287046e-23,4,203.204,2.53092,-3.18756,186.215,186.386,184.737,184.737,0.461421,3068.59,0.137013,15547.3,8.0,5.35101,16.7111,44.6566,196.342,130.582,94.0385,81.8445,73.515,68.5389,64.1984,60.3792,56.993,52.8501,48.8047,42.6994,34.2128,25.823,19.414,11.0011,-1.0,-1.0,-1.0,-1.0,-1.0
60.746,-0.01652652,0.9999999999898751,4.48016249933658e-23,4,203.816,1.96712,-3.16157,186.787,186.951,185.044,185.044,0.437649,3069.72,0.137721,15573.1,8.0,5.59241,17.5115,47.0865,194.906,127.122,91.8151,79.988,71.896,67.0565,62.8316,59.1121,55.8123,51.7728,47.8256,41.8637,33.5667,25.3532,19.0715,10.8163,-1.0,-1.0,-1.0,-1.0,-1.0
60.766,-0.01662336,0.9999999999924063,2.912105624568777e-23,4,204.417,1.53317,-3.13101,187.34,187.521,185.489,185.489,0.41321,3070.84,0.138528,15611.0,8.0,5.84169,18.348,49.6912,193.429,123.495,89.4888,78.0474,70.2049,65.5089,61.4061,57.7909,54.5818,50.6508,46.8066,40.9949,32.8962,24.8668,18.7176,10.626,-1.0,-1.0,-1.0,-1.0,-1.0
60.786,-0.01674,0.9999999999943048,1.892868655969705e-23,4,205.014,1.22476,-3.10357,187.878,188.094,185.997,185.997,0.388196,3071.97,0.1395,15653.8,8.0,6.09857,19.2257,52.5282,191.893,119.62,87.0164,75.9903,68.4156,63.8737,59.9015,56.3985,53.2865,49.471,45.7367,40.085,32.1967,24.3613,18.3511,10.4303,-1.0,-1.0,-1.0,-1.0,-1.0
60.806,-0.01687584,0.9999999999957285,1.2303646263803084e-23,4,205.608,1.01552,-3.08216,188.41,188.663,186.534,186.534,0.362676,3073.1,0.140632,15699.1,8.0,6.36252,20.145,55.6188,190.296,115.546,84.4226,73.8351,66.5435,62.1642,58.3299,54.9451,51.9352,48.2417,44.6231,39.1394,31.4717,23.8393,17.9738,10.2298,-1.0,-1.0,-1.0,-1.0,-1.0
60.826,-0.0170292,0.9999999999967963,7.997370071472005e-24,4,206.199,0.87869,-3.05673,188.945,189.233,187.083,187.083,0.336701,3074.23,0.14191,15745.3,8.0,6.6331,21.1054,58.9785,188.635,111.339,81.7403,71.6067,64.6085,60.3978,56.7064,53.4441,50.5403,46.9733,43.4746,38.1652,30.726,23.3034,17.5873,10.0252,-1.0,-1.0,-1.0,-1.0,-1.0
60.846,-0.01719864,0.9999999999975973,5.198290546456803e-24,4,206.791,0.797147,-3.02945,189.476,189.795,187.62,187.62,0.310302,3075.37,0.143322,15790.5,8.0,6.91011,22.108,62.6339,186.905,107.048,78.9948,69.3242,62.6257,58.5876,55.0426,51.9058,49.1108,45.6735,42.2978,37.1673,29.9627,22.7555,17.1926,9.81679,-1.0,-1.0,-1.0,-1.0,-1.0
60.866,-0.01737828,0.9999999999981979,3.378888855196922e-24,4,207.382,0.751626,-3.00736,190.009,190.349,188.146,188.146,0.283491,3076.51,0.144819,15834.4,8.0,7.19315,23.1494,66.5742,185.113,102.767,76.2369,67.0263,60.6268,56.761,53.3625,50.3516,47.6658,44.3587,41.1069,36.1566,29.1889,22.1996,16.7919,9.60517,-1.0,-1.0,-1.0,-1.0,-1.0
60.886,-0.01756272,0.9999999999986484,2.1962777558779995e-24,4,207.979,0.722989,-2.97053,190.549,190.899,188.571,188.571,0.256277,3077.65,0.146356,15870.3,8.0,7.48179,24.2258,70.7846,183.264,98.5717,73.5075,64.7446,58.6376,54.941,51.6865,48.7993,46.2211,43.043,39.9137,35.1423,28.4103,21.639,16.387,9.39076,-1.0,-1.0,-1.0,-1.0,-1.0
60.906,-0.01775172,0.9999999999989864,1.4275805413206998e-24,4,208.568,0.701317,-2.93577,191.087,191.447,189.079,189.079,0.228665,3078.8,0.147931,15913.2,8.0,7.77605,25.3381,75.2892,181.349,94.466,70.8104,62.4824,56.6607,53.1295,50.0163,47.2509,44.7787,41.7276,38.7195,34.1253,27.6279,21.0741,15.9783,9.17364,-1.0,-1.0,-1.0,-1.0,-1.0
60.926,-0.01794624,0.9999999999992397,9.279273518584548e-25,4,209.155,0.69427,-2.9067,191.622,191.992,189.61,189.61,0.200656,3079.94,0.149552,15957.9,8.0,8.0761,26.4892,80.1315,179.353,90.4406,68.1416,60.2367,54.6936,51.3247,48.3503,45.705,43.3373,40.4115,37.5233,33.1049,26.841,20.5048,15.5656,8.95378,-1.0,-1.0,-1.0,-1.0,-1.0
60.946,-0.018143879999999998,0.9999999999994298,6.031527787079957e-25,4,209.741,0.695446,-2.88422,192.157,192.533,190.148,190.148,0.17225,3081.1,0.151199,16003.3,8.0,8.38182,27.6783,85.3243,177.266,86.5172,65.5143,58.0181,52.7457,49.5348,46.6959,44.1678,41.9025,39.0999,36.3296,32.0846,26.052,19.9322,15.1495,8.73134,-1.0,-1.0,-1.0,-1.0,-1.0
60.966,-0.01834464,0.9999999999995723,3.920493061601972e-25,4,210.324,0.700398,-2.85674,192.694,193.078,190.684,190.684,0.14345,3082.25,0.152872,16048.3,8.0,8.69324,28.9066,90.901,175.061,82.6954,62.9297,55.8279,50.8179,47.7608,45.0539,42.6405,40.4754,37.7936,35.1392,31.065,25.2612,19.3566,14.7304,8.50637,-1.0,-1.0,-1.0,-1.0,-1.0
60.986,-0.018549,0.9999999999996793,2.5483204900412817e-25,4,210.908,0.710466,-2.83073,193.228,193.618,191.21,191.21,0.11425,3083.41,0.154575,16092.5,8.0,9.01053,30.1764,96.9141,172.696,78.9686,60.3852,53.6644,48.9092,46.0018,43.4236,41.1221,39.0552,36.492,33.9516,30.0459,24.4685,18.778,14.3079,8.27883,-1.0,-1.0,-1.0,-1.0,-1.0
61.006,-0.01875876,0.9999999999997594,1.656408318526833e-25,4,211.492,0.720314,-2.8058,193.757,194.157,191.706,191.706,0.0846436,3084.57,0.156323,16133.7,8.0,9.33406,31.4929,103.446,170.086,75.3207,57.8727,51.5213,47.0141,44.2529,41.8009,39.6093,37.6388,35.1923,32.7644,29.0253,23.6727,18.1956,13.8819,8.04859,-1.0,-1.0,-1.0,-1.0,-1.0
61.026,-0.01897212,0.9999999999998196,1.0766654070424415e-25,4,212.078,0.733028,-2.77004,194.291,194.698,192.158,192.158,0.0546162,3085.73,0.158101,16172.2,8.0,9.66389,32.8559,110.537,167.047,71.7643,55.4002,49.4051,45.1384,42.5193,40.1904,38.106,36.2299,33.8978,31.5803,28.0054,22.8751,17.6101,13.4525,7.81567,-1.0,-1.0,-1.0,-1.0,-1.0
61.046,-0.019185119999999996,0.9999999999998647,6.99832514577587e-26,4,212.658,0.74318,-2.73658,194.825,195.232,192.666,192.666,0.0241752,3086.9,0.159876,16215.0,8.0,9.99956,34.2608,118.178,162.64,68.3231,52.9833,47.3287,43.2927,40.8107,38.6006,36.6202,34.8356,32.6147,30.4048,26.9905,22.0788,17.0234,13.0209,7.58033,-1.0,-1.0,-1.0,-1.0,-1.0
61.066,-0.019397759999999997,0.9999999999998985,4.5489113447543156e-26,4,213.236,0.75158,-2.70719,195.357,195.764,193.187,193.187,-0.0066932,3088.06,0.161648,16258.9,8.0,10.3413,35.7094,126.433,151.016,64.9888,50.6183,45.2894,41.4755,39.1256,37.0303,35.1506,33.455,31.3422,29.2375,25.9801,21.2832,16.4351,12.5868,7.34247,-1.0,-1.0,-1.0,-1.0,-1.0
61.086,-0.019610640000000002,0.9999999999999238,2.9567923740903055e-26,4,213.813,0.759552,-2.682,195.887,196.295,193.712,193.712,-0.0379855,3089.24,0.163422,16303.0,8.0,10.6891,37.2041,135.386,139.973,61.7518,48.3009,43.2842,39.6841,37.4619,35.4778,33.6958,32.0866,30.0794,28.0772,24.9737,20.4881,15.8451,12.1502,7.10211,-1.0,-1.0,-1.0,-1.0,-1.0
61.106,-0.01982928,0.9999999999999429,1.9219150431586987e-26,4,214.389,0.766538,-2.65263,196.413,196.831,194.233,194.233,-0.0697074,3090.41,0.165244,16346.9,8.0,11.0438,38.7571,145.271,129.633,58.5788,46.0118,41.2978,37.9057,35.8082,33.933,32.2468,30.7225,28.819,26.9179,23.9664,19.6904,15.2516,11.71,6.85897,-1.0,-1.0,-1.0,-1.0,-1.0
61.126,-0.02005452,0.9999999999999571,1.2492447780531542e-26,4,214.964,0.783487,-2.62671,196.935,197.366,194.747,194.747,-0.101865,3091.59,0.167121,16390.1,8.0,11.4058,40.3735,156.271,119.93,55.4664,43.7496,39.3292,36.1399,34.1641,32.3955,30.8033,29.3623,27.5608,25.7594,22.9581,18.8898,14.6545,11.2663,6.61302,-1.0,-1.0,-1.0,-1.0,-1.0
61.146,-0.02028216,0.9999999999999678,8.120091057345502e-27,4,215.54,0.800939,-2.59802,197.46,197.896,195.221,195.221,-0.134468,3092.77,0.169018,16429.7,8.0,11.7748,42.0487,177.789,110.899,52.4342,41.5268,37.3889,34.3954,32.5376,30.8725,29.3716,28.0119,26.3101,24.6062,21.9523,18.0889,14.0551,10.8196,6.36439,-1.0,-1.0,-1.0,-1.0,-1.0
61.166,-0.02050908,0.9999999999999758,5.2780591872745764e-27,4,216.114,0.813496,-2.56573,197.989,198.424,195.707,195.707,-0.167519,3093.95,0.170909,16470.9,8.0,12.1502,43.7785,176.238,102.53,49.4917,39.3508,35.4828,32.6775,30.9335,29.3682,27.9558,26.6749,25.0701,23.4612,20.9514,17.2891,13.4545,10.3707,6.11318,-1.0,-1.0,-1.0,-1.0,-1.0
61.186,-0.02073912,0.9999999999999818,3.430738471728475e-27,4,216.685,0.821301,-2.53514,198.511,198.951,196.211,196.211,-0.201027,3095.13,0.172826,16513.3,8.0,12.533,45.574,174.659,94.6818,46.6187,37.2096,33.6016,30.9783,29.3446,27.8766,26.5503,25.3464,23.8363,22.3205,19.9523,16.4885,12.8513,9.91864,5.8592,-1.0,-1.0,-1.0,-1.0,-1.0
61.206,-0.02097348,0.9999999999999863,2.2299800066235086e-27,4,217.255,0.835144,-2.50695,199.031,199.479,196.719,196.719,-0.234999,3096.32,0.174779,16556.1,8.0,12.9235,47.4418,173.05,87.2923,43.809,35.0998,31.7429,29.2958,27.7693,26.396,25.1538,24.0251,22.6077,21.1833,18.9544,15.6866,12.2454,9.46345,5.6024,-1.0,-1.0,-1.0,-1.0,-1.0
61.226,-0.02121,0.9999999999999898,1.4494870043052806e-27,4,217.823,0.849927,-2.48023,199.551,200.005,197.227,197.227,-0.269434,3097.51,0.17675,16598.8,8.0,13.3214,49.3801,171.412,80.3557,41.0689,33.0265,29.9107,27.6339,26.2112,24.9296,23.7692,22.7137,21.3868,20.0518,17.9594,14.8847,11.6375,9.00549,5.34286,-1.0,-1.0,-1.0,-1.0,-1.0
61.246,-0.02144784,0.9999999999999923,9.421665527984325e-28,4,218.39,0.864133,-2.45447,200.072,200.528,197.732,197.732,-0.304345,3098.71,0.178732,16641.2,8.0,13.7268,51.3905,169.743,73.8381,38.3975,30.9897,28.1055,25.9929,24.6705,23.4779,22.3969,21.4126,20.174,18.9263,16.9677,14.0828,11.0277,8.54478,5.08054,-1.0,-1.0,-1.0,-1.0,-1.0
61.266,0.09855216,0.9999999999999942,6.124082593189811e-28,4,218.957,0.876709,-2.42988,200.592,201.05,198.231,198.231,-0.339729,3099.9,0.180717,16683.2,8.0,14.1396,53.4738,168.044,67.7081,35.7946,28.9901,26.3279,24.3734,23.148,22.0415,21.0375,20.1225,18.9698,17.8072,15.9796,13.2816,10.4162,8.08151,4.8155,8.12459,8.14671,8.17144,8.19884,8.22893
61.286,0.1625,0.9999999999999957,3.980653685573377e-28,4,219.517,1.04928,-2.40293,201.346,201.181,198.696,198.696,-0.375285,3101.1,0.17952,16722.3,8.0,14.4898,54.4646,166.808,65.3968,34.2348,27.6689,25.1074,23.2296,22.0534,20.992,20.0296,19.153,18.0494,16.9371,15.1901,12.6146,9.88404,7.66261,4.55995,-1.0,-1.0,-1.0,-1.0,-1.0
61.306,0.1625,0.9999999999999968,2.5874248956226953e-28,4,220.05,0.353211,-2.37291,202.377,200.899,199.234,199.234,-0.410344,3102.31,0.171703,16768.1,8.0,14.6938,53.1438,166.522,71.4598,34.7835,27.7009,24.9934,23.0277,21.8047,20.7066,19.7153,18.8158,17.6884,16.5575,14.7923,12.214,9.51107,7.33506,4.32762,-1.0,-1.0,-1.0,-1.0,-1.0
61.326,0.1625,0.9999999999999976,1.681826182154752e-28,4,220.557,-1.00974,-2.34021,203.375,200.818,199.901,199.901,-0.444486,3103.51,0.1596,16824.6,8.0,14.7964,50.6348,166.658,89.0761,37.172,28.8062,25.7253,23.5273,22.176,20.9729,19.8951,18.924,17.7157,16.5137,14.657,11.9869,9.24009,7.06618,4.1124,-1.0,-1.0,-1.0,-1.0,-1.0
61.346,0.1625,0.9999999999999982,1.0931870184005889e-28,4,221.039,-2.47253,-2.30309,204.039,200.96,200.598,200.598,-0.47741,3104.72,0.145846,16883.2,8.0,14.8524,47.9938,139.486,132.466,41.2791,30.7301,27.0506,24.4888,22.9391,21.5754,20.3662,19.2868,17.9567,16.6477,14.6527,11.8402,9.01386,6.82347,3.90788,-1.0,-1.0,-1.0,-1.0,-1.0
61.366,0.1625,0.9999999999999987,7.105715619603827e-29,4,221.503,-3.78106,-2.26687,204.472,201.236,201.257,201.257,-0.50885,3105.94,0.131839,16938.4,8.0,14.8896,45.6197,116.78,151.288,47.541,33.4527,28.8937,25.8191,23.9972,22.4171,21.0337,19.8126,18.3255,16.8806,14.7133,11.7271,8.8048,6.59205,3.71181,-1.0,-1.0,-1.0,-1.0,-1.0
61.386,0.1625,0.999999999999999,4.618715152742488e-29,4,221.953,-4.83098,-2.22873,204.788,201.591,201.851,201.851,-0.53862,3107.16,0.118307,16988.1,8.0,14.9211,43.6093,101.44,154.167,57.1073,37.1061,31.2727,27.495,25.3131,23.4538,21.8504,20.4537,18.7758,17.1693,14.8026,11.6232,8.59953,6.36542,3.52367,-1.0,-1.0,-1.0,-1.0,-1.0
61.406,0.1625,0.9999999999999992,3.002164849282618e-29,4,222.395,-5.60891,-2.19428,205.053,201.991,202.411,202.411,-0.566571,3108.38,0.105549,17035.2,8.0,14.9511,41.9349,90.6367,155.719,72.7887,42.0291,34.3061,29.5583,26.9015,24.6844,22.8067,21.196,19.2911,17.4971,14.9061,11.5193,8.39423,6.14257,3.34407,-1.0,-1.0,-1.0,-1.0,-1.0
61.426,0.1625,0.9999999999999994,1.9514071520337015e-29,4,222.834,-6.14482,-2.16479,205.309,202.414,202.899,202.899,-0.592628,3109.61,0.0936057,17075.8,8.0,14.9796,40.5307,82.6805,156.563,102.741,48.9321,38.256,32.1276,28.8312,26.1502,23.9269,22.0537,19.8775,17.866,15.0236,11.4159,8.19035,5.92512,3.1739,-1.0,-1.0,-1.0,-1.0,-1.0
61.446,0.1625,0.9999999999999996,1.268414648821906e-29,4,223.275,-6.46598,-2.13602,205.575,202.855,203.324,203.324,-0.616736,3110.84,0.0824601,17111.4,8.0,15.0054,39.3395,76.5994,156.941,142.773,59.2411,43.5813,35.3994,31.2161,27.9189,25.2533,23.054,20.5511,18.2855,15.1602,11.3164,7.99099,5.71551,3.01408,-1.0,-1.0,-1.0,-1.0,-1.0
61.466,0.1625,0.9999999999999997,8.24469521734239e-30,4,223.717,-6.61296,-2.10887,205.861,203.306,203.714,203.714,-0.638856,3112.08,0.0720183,17144.1,8.0,15.0263,38.3077,71.7806,156.995,146.102,76.3489,51.1838,39.7312,34.259,30.1137,26.8651,24.2508,21.3455,18.7779,15.3291,11.2288,7.80132,5.51702,2.86564,-1.0,-1.0,-1.0,-1.0,-1.0
61.486,0.1625,0.9999999999999998,5.359051891272553e-30,4,224.162,-6.636,-2.09076,206.172,203.758,204.078,204.078,-0.658981,3113.31,0.0621602,17174.7,8.0,15.0403,37.392,67.8301,156.816,147.679,110.448,62.9889,45.7825,38.3109,32.938,28.8887,25.7278,22.3127,19.3767,15.5491,11.1632,7.627,5.33293,2.72937,-1.0,-1.0,-1.0,-1.0,-1.0
61.506,0.1625,0.9999999999999998,3.483383729327159e-30,4,224.611,-6.55799,-2.08277,206.499,204.216,204.425,204.425,-0.677114,3114.56,0.0528457,17203.8,8.0,15.0466,36.5689,64.523,156.454,148.531,139.783,83.6028,54.7503,43.9259,36.677,31.484,27.581,23.5048,20.1115,15.8341,11.1259,7.47168,5.1654,2.60578,-1.0,-1.0,-1.0,-1.0,-1.0
61.526,0.1625,0.9999999999999998,2.2641994240626536e-30,4,225.059,-6.41541,-2.08205,206.855,204.673,204.793,204.793,-0.693264,3115.8,0.0438954,17235.9,8.0,15.0424,35.8029,61.6522,129.922,148.976,142.27,129.386,69.6094,52.3416,41.9408,34.9904,30.0181,25.0397,21.0532,16.2203,11.1334,7.34305,5.01824,2.49563,-1.0,-1.0,-1.0,-1.0,-1.0
61.546,0.1625,0.9999999999999998,1.471729625640725e-30,4,225.502,-6.29224,-2.10075,207.248,205.109,205.236,205.236,-0.707456,3117.05,0.0349838,17272.1,8.0,15.0229,35.049,59.0228,117.649,149.182,143.612,138.714,100.131,66.8564,50.1839,40.1695,33.4891,27.1673,22.3497,16.7799,11.215,7.25325,4.89696,2.39985,-1.0,-1.0,-1.0,-1.0,-1.0
61.566,0.1625,0.9999999999999998,9.566242566664712e-31,4,225.95,-6.194,-2.10932,207.67,205.527,205.576,205.576,-0.719694,3118.3,0.0259692,17300.6,8.0,14.9863,34.2902,56.5556,107.418,149.222,144.452,140.723,135.472,97.5467,64.7698,48.4834,38.7441,30.243,24.183,17.5859,11.3945,7.21074,4.80511,2.31904,-1.0,-1.0,-1.0,-1.0,-1.0
61.586,0.04250000000000001,0.9999999999999998,6.218057668332063e-31,4,226.397,-6.12144,-2.11145,208.099,205.938,205.923,205.923,-0.729977,3119.56,0.0168435,17329.9,8.0,14.933,33.527,54.2292,98.7292,149.123,144.975,141.908,138.258,134.228,96.1919,63.3675,47.2481,34.8436,26.8056,18.7194,11.6919,7.22125,4.74491,2.25358,-1.0,-1.0,-1.0,-1.0,-1.0
61.606,0.0,0.9999999999999998,4.041737484415841e-31,4,226.867,-6.136,-2.11394,208.845,206.92,206.209,206.209,-0.738412,3120.82,0.00899189,17353.3,8.0,14.8854,32.8982,52.3861,92.3546,148.742,145.029,142.359,139.366,136.538,132.178,88.5835,59.3563,40.6056,29.8383,19.9372,12.0004,7.2429,4.69838,2.19995,-1.0,-1.0,-1.0,-1.0,-1.0
61.626,0.0,0.9999999999999998,2.627129364870297e-31,4,227.402,-5.64584,-2.12973,209.068,208.001,206.347,206.347,-0.745362,3122.08,0.00515335,17364.5,8.0,14.8868,32.655,51.6206,89.6954,147.834,144.304,141.795,139.03,136.514,133.044,110.078,67.5893,43.8817,31.3289,20.3992,12.0318,7.17461,4.62367,2.14963,-1.0,-1.0,-1.0,-1.0,-1.0
61.646,0.0,0.9999999999999998,1.7076340871656929e-31,4,227.963,-4.55446,-2.14473,209.211,208.923,206.495,206.495,-0.751055,3123.35,0.00457543,17377.4,8.0,14.9266,32.7057,51.6448,89.5474,146.551,143.042,140.554,137.821,135.344,131.959,112.292,67.8113,43.6249,30.9956,20.0979,11.8162,7.03286,4.52778,2.10277,-1.0,-1.0,-1.0,-1.0,-1.0
61.666,0.0,0.9999999999999998,1.1099621566577004e-31,4,228.512,-3.37578,-2.19298,209.528,209.65,206.91,206.91,-0.755698,3124.61,0.00544756,17412.8,8.0,14.9794,32.8769,52.0,90.453,145.103,141.549,139.027,136.249,133.712,130.174,103.418,64.0128,41.7479,29.8772,19.4948,11.517,6.87409,4.43227,2.06177,-1.0,-1.0,-1.0,-1.0,-1.0
61.686,0.0,0.9999999999999998,7.214754018275053e-32,4,229.065,-2.35596,-2.23151,209.978,210.238,207.251,207.251,-0.759563,3125.88,0.00670498,17441.6,8.0,15.0315,33.0723,52.4334,91.6348,143.609,139.992,137.422,134.576,131.947,128.153,93.489,59.7216,39.6678,28.6706,18.8717,11.2248,6.72661,4.34655,2.02663,-1.0,-1.0,-1.0,-1.0,-1.0
61.706,0.0,0.9999999999999998,4.6895901118787847e-32,4,229.613,-1.57028,-2.25699,210.489,210.754,207.631,207.631,-0.762868,3127.16,0.00788611,17473.8,8.0,15.0778,33.251,52.8354,92.7515,142.12,138.445,135.829,132.919,130.195,126.103,85.6491,56.1557,37.8927,27.6288,18.33,10.9705,6.59865,4.27247,1.99645,-1.0,-1.0,-1.0,-1.0,-1.0
61.726,0.0,0.9999999999999998,3.0482335727212103e-32,4,230.155,-1.00942,-2.27404,211.016,211.235,208.043,208.043,-0.765792,3128.44,0.00883168,17508.6,8.0,15.1173,33.4003,53.1692,93.6771,140.654,136.933,134.282,131.32,128.517,124.122,80.0375,53.4684,36.5066,26.7967,17.8866,10.7574,6.48948,4.20851,1.97,-1.0,-1.0,-1.0,-1.0,-1.0
61.746,0.0,0.9999999999999998,1.9813518222687868e-32,4,230.695,-0.62803,-2.30988,211.531,211.702,208.481,208.481,-0.768476,3129.72,0.00955075,17545.5,8.0,15.1514,33.5232,53.4389,94.4155,139.21,135.456,132.781,129.781,126.916,122.234,76.0079,51.4486,35.4275,26.1321,17.522,10.5765,6.3944,4.15187,1.94605,-1.0,-1.0,-1.0,-1.0,-1.0
61.766,0.0,0.9999999999999998,1.2878786844747114e-32,4,231.232,-0.374811,-2.33978,212.048,212.175,208.932,208.932,-0.771014,3131.0,0.0100724,17583.5,8.0,15.1812,33.6238,53.6537,94.9892,137.787,134.01,131.319,128.294,125.385,120.449,73.089,49.9205,34.5794,25.5948,17.2169,10.4195,6.30952,4.10033,1.92373,-1.0,-1.0,-1.0,-1.0,-1.0
61.786,0.0,0.9999999999999998,8.371211449085624e-33,4,231.752,-0.214852,-2.40584,212.556,212.644,209.584,209.584,-0.773471,3132.29,0.01043,17638.5,8.0,15.2078,33.7067,53.8236,95.4245,136.38,132.589,129.889,126.851,123.916,118.775,70.9531,48.7506,33.903,25.1525,16.9563,10.28,6.2318,4.05224,1.90242,-1.0,-1.0,-1.0,-1.0,-1.0
61.806,0.0,0.9999999999999998,5.4412874419056556e-33,4,232.288,-0.117025,-2.45699,213.061,213.118,209.999,209.999,-0.775881,3133.57,0.0106642,17673.1,8.0,15.2322,33.7763,53.9592,95.754,134.984,131.186,128.484,125.441,122.493,117.206,69.3524,47.8313,33.3478,24.7778,16.7273,10.1529,6.15906,4.00651,1.88175,-1.0,-1.0,-1.0,-1.0,-1.0
61.826,0.0,0.9999999999999998,3.5368368372386766e-33,4,232.822,-0.0598582,-2.48977,213.566,213.6,210.415,210.415,-0.778271,3134.87,0.0108096,17708.2,8.0,15.2549,33.8365,54.0709,96.0071,133.595,129.795,127.095,124.054,121.103,115.726,68.1024,47.0779,32.8741,24.4484,16.5192,10.0337,6.08944,3.96217,1.86142,-1.0,-1.0,-1.0,-1.0,-1.0
61.846,0.0,0.9999999999999998,2.29894394420514e-33,4,233.354,-0.0279332,-2.50948,214.064,214.084,210.829,210.829,-0.780651,3136.16,0.0108969,17743.0,8.0,15.2767,33.8907,54.1668,96.2111,132.209,128.41,125.715,122.68,119.734,114.313,67.0717,46.4292,32.4509,24.147,16.3241,9.9195,6.02171,3.91867,1.84128,-1.0,-1.0,-1.0,-1.0,-1.0
61.866,0.0,0.9999999999999998,1.494313563733341e-33,4,233.885,-0.0108837,-2.55279,214.546,214.558,211.25,211.25,-0.783029,3137.46,0.0109488,17778.5,8.0,15.2979,33.9413,54.2532,96.3845,130.823,127.028,124.339,121.314,118.376,112.943,66.1693,45.8418,32.0581,23.8625,16.1368,9.80815,5.95506,3.87562,1.82123,-1.0,-1.0,-1.0,-1.0,-1.0
61.886,0.0,0.9999999999999998,9.713038164266717e-34,4,234.413,-0.00247717,-2.5889,215.034,215.041,211.686,211.686,-0.785412,3138.76,0.0109774,17815.3,8.0,15.3188,33.9896,54.3335,96.538,129.436,125.646,122.965,119.951,117.025,111.602,65.3462,45.2921,31.6837,23.5881,15.954,9.69834,5.8889,3.83276,1.80118,-1.0,-1.0,-1.0,-1.0,-1.0
61.906,0.0,0.9999999999999998,6.313474806773367e-34,4,234.922,0.00109165,-2.66798,215.515,215.519,212.371,212.371,-0.787801,3140.06,0.0109932,17873.1,8.0,15.3395,34.0367,54.4103,96.6808,128.047,124.262,121.59,118.588,115.675,110.276,64.5687,44.7639,31.3188,23.3188,15.7733,9.58928,5.82293,3.78992,1.7811,-1.0,-1.0,-1.0,-1.0,-1.0
61.926,0.0,0.9999999999999998,4.103758624402688e-34,4,235.45,0.0031611,-2.73164,215.996,215.999,212.773,212.773,-0.790191,3141.37,0.0110051,17906.4,8.0,15.3602,34.0834,54.4864,96.8204,126.655,122.876,120.213,117.223,114.325,108.953,63.8011,44.2403,30.957,23.0511,15.5933,9.48038,5.75703,3.7471,1.76101,-1.0,-1.0,-1.0,-1.0,-1.0
61.946,0.0,0.9999999999999998,2.667443105861747e-34,4,235.975,0.00394591,-2.77184,216.483,216.485,213.171,213.171,-0.792591,3142.68,0.0110137,17940.1,8.0,15.381,34.13,54.5616,96.9572,125.258,121.486,118.833,115.856,112.972,107.632,63.0456,43.7217,30.5968,22.7841,15.4134,9.37139,5.69098,3.70416,1.74086,-1.0,-1.0,-1.0,-1.0,-1.0
61.966,0.0,0.9999999999999998,1.7338380188101357e-34,4,236.498,0.00403562,-2.79552,216.967,216.967,213.572,213.572,-0.794997,3143.99,0.0110185,17973.7,8.0,15.4017,34.1763,54.6363,97.0919,123.859,120.093,117.449,114.486,111.617,106.313,62.2975,43.2066,30.238,22.5176,15.2336,9.26231,5.62483,3.66114,1.72066,-1.0,-1.0,-1.0,-1.0,-1.0
61.986,0.0,0.9999999999999998,1.1269947122265882e-34,4,237.02,0.00364377,-2.82911,217.441,217.442,213.978,213.978,-0.79741,3145.31,0.0110213,18008.0,8.0,15.4224,34.2225,54.7105,97.2249,122.455,118.697,116.063,113.113,110.26,104.994,61.5567,42.6944,29.8799,22.2514,15.0537,9.1531,5.55855,3.61801,1.70039,-1.0,-1.0,-1.0,-1.0,-1.0
62.006,0.0,0.9999999999999998,7.325465629472823e-35,4,237.539,0.00297643,-2.85044,217.92,217.921,214.398,214.398,-0.79983,3146.63,0.0110218,18043.4,8.0,15.4432,34.2686,54.7842,97.3562,121.048,117.298,114.674,111.738,108.901,103.675,60.82,42.1838,29.5227,21.9854,14.8739,9.04375,5.49214,3.57479,1.68008,-1.0,-1.0,-1.0,-1.0,-1.0
62.026,0.0,0.9999999999999998,4.761552659157335e-35,4,238.046,0.00229958,-2.89393,218.394,218.394,214.97,214.97,-0.802256,3147.95,0.0110218,18091.6,8.0,15.464,34.3148,54.858,97.4874,119.636,115.894,113.281,110.359,107.538,102.354,60.083,41.6726,29.1649,21.719,14.6936,8.93415,5.42558,3.53147,1.65972,-1.0,-1.0,-1.0,-1.0,-1.0
62.046,0.0,0.9999999999999998,3.0950092284522677e-35,4,238.562,0.00187169,-2.92889,218.867,218.867,215.392,215.392,-0.804689,3149.27,0.0110223,18127.0,8.0,15.4849,34.3612,54.9323,97.6195,118.221,114.487,111.884,108.977,106.173,101.029,59.3422,41.1591,28.8057,21.4516,14.5127,8.82418,5.35882,3.48801,1.6393,-1.0,-1.0,-1.0,-1.0,-1.0
62.066,0.0,0.9999999999999998,2.011755998493974e-35,4,239.076,0.00147366,-2.95264,219.341,219.341,215.812,215.812,-0.807125,3150.6,0.0110223,18162.4,8.0,15.5058,34.4076,55.0065,97.7513,116.801,113.076,110.484,107.592,104.804,99.7027,58.6019,40.6457,28.4464,21.184,14.3317,8.71411,5.29197,3.4445,1.61885,-1.0,-1.0,-1.0,-1.0,-1.0
62.086,0.0,0.9999999999999998,1.3076413990210834e-35,4,239.589,0.00119512,-2.96757,219.813,219.813,216.226,216.226,-0.80957,3151.93,0.0110223,18197.2,8.0,15.5268,34.4541,55.0809,98.1625,115.377,111.662,109.081,106.203,103.432,98.3727,57.8589,40.1304,28.0858,20.9154,14.15,8.60364,5.22488,3.40083,1.59833,-1.0,-1.0,-1.0,-1.0,-1.0
62.106,0.0,0.9999999999999998,8.499669093637043e-36,4,240.1,0.00100631,-2.97797,220.283,220.283,216.642,216.642,-0.812017,3153.26,0.0110223,18232.2,8.0,15.5478,34.5007,55.1554,118.889,113.95,110.244,107.673,104.811,102.057,97.0402,57.1155,39.6147,27.7248,20.6466,13.9682,8.49308,5.15774,3.35713,1.57779,-1.0,-1.0,-1.0,-1.0,-1.0
62.126,0.0,0.9999999999999998,5.524784910864078e-36,4,240.608,0.000863623,-2.98162,220.752,220.752,217.066,217.066,-0.814471,3154.6,0.0110223,18268.0,8.0,15.5688,34.5474,55.2301,117.464,112.518,108.821,106.262,103.415,100.678,95.7047,56.37,39.0976,27.363,20.3771,13.7859,8.38223,5.09042,3.31331,1.5572,-1.0,-1.0,-1.0,-1.0,-1.0
62.146,0.0,0.9999999999999998,3.5911101920616515e-36,4,241.113,0.000744895,-2.98806,221.218,221.218,217.52,217.52,-0.816927,3155.93,0.0110223,18306.2,8.0,15.5899,34.5942,55.3048,116.035,111.081,107.395,104.848,102.016,99.2964,94.3666,55.6239,38.5801,27.0008,20.1074,13.6034,8.27128,5.02304,3.26946,1.53658,-1.0,-1.0,-1.0,-1.0,-1.0
62.166,0.0,0.9999999999999998,2.3342216248400733e-36,4,241.618,0.000658692,-2.99301,221.682,221.682,217.956,217.956,-0.81939,3157.27,0.0110223,18342.8,8.0,15.6111,34.6411,55.3798,114.6,109.641,105.966,103.43,100.613,97.9115,93.0256,54.8754,38.061,26.6375,19.8369,13.4203,8.15998,4.95545,3.22546,1.51591,-1.0,-1.0,-1.0,-1.0,-1.0
62.186,0.0,0.9999999999999998,1.5172440561460478e-36,4,242.12,0.000584271,-2.99716,222.145,222.145,218.39,218.39,-0.821859,3158.62,0.0110223,18379.4,8.0,15.6322,34.6881,55.455,113.16,108.197,104.532,102.008,99.2075,96.5235,91.6817,54.1253,37.5407,26.2734,19.5657,13.2369,8.04844,4.88771,3.18137,1.49519,-1.0,-1.0,-1.0,-1.0,-1.0
62.206,0.0,0.9999999999999998,9.862086364949312e-37,4,242.621,0.000521988,-3.00295,222.606,222.606,218.825,218.825,-0.824331,3159.97,0.0110223,18415.9,8.0,15.6534,34.7352,55.5302,111.716,106.748,103.094,100.583,97.7982,95.1322,90.3352,53.3742,37.0198,25.9088,19.2942,13.0532,7.93676,4.81989,3.13723,1.47444,-1.0,-1.0,-1.0,-1.0,-1.0
62.226,0.0,0.9999999999999998,6.410356137217054e-37,4,243.121,0.000483161,-3.01048,223.065,223.065,219.259,219.259,-0.826813,3161.31,0.0110223,18452.5,8.0,15.6747,34.7824,55.6058,110.267,105.295,101.653,99.1536,96.3854,93.7377,88.9856,52.6202,36.4968,25.5428,19.0217,12.8688,7.82464,4.7518,3.09291,1.45361,-1.0,-1.0,-1.0,-1.0,-1.0
62.246,0.0,0.9999999999999998,4.166731489191085e-37,4,243.618,0.00044951,-3.01917,223.524,223.524,219.701,219.701,-0.829296,3162.67,0.0110223,18489.7,8.0,15.6961,34.8297,55.6814,108.813,103.838,100.208,97.7209,94.9692,92.34,87.6334,51.8656,35.9734,25.1764,18.7488,12.6842,7.71242,4.68365,3.04855,1.43276,-1.0,-1.0,-1.0,-1.0,-1.0
62.266,0.0,0.9999999999999998,2.708375467974205e-37,4,244.114,0.000442887,-3.03062,223.98,223.98,220.14,220.14,-0.831785,3164.02,0.0110223,18526.6,8.0,15.7174,34.8771,55.7571,107.354,102.376,98.7588,96.2846,93.5496,90.9392,86.2785,51.1096,35.449,24.8095,18.4756,12.4994,7.6,4.61538,3.00412,1.41188,10.9938,10.9909,10.9914,10.9952,11.0023
62.286,0.0,0.9999999999999998,1.7604440541832333e-37,4,244.609,0.000418196,-3.04149,224.435,224.435,220.57,220.57,-0.834279,3165.38,0.0110223,18562.7,8.0,15.7388,34.9246,55.833,105.89,100.911,97.3058,94.8446,92.1265,89.5351,84.9208,50.3515,34.9233,24.4415,18.2015,12.314,7.48729,4.54693,2.95956,1.39094,-1.0,-1.0,-1.0,-1.0,-1.0
62.306,0.0,0.9999999999999998,1.1442886352191018e-37,4,245.103,0.0004085,-3.05095,224.89,224.89,220.995,220.995,-0.836778,3166.74,0.0110223,18598.5,8.0,15.7603,34.9722,55.9091,104.42,99.4405,95.8489,93.4008,90.7,88.1279,83.5603,49.5923,34.3967,24.073,17.9271,12.1283,7.37439,4.47837,2.91493,1.36997,-1.0,-1.0,-1.0,-1.0,-1.0
62.326,0.0,0.9999999999999998,7.437876128924162e-38,4,245.595,0.000375024,-3.05953,225.343,225.343,221.417,221.417,-0.839284,3168.1,0.0110223,18634.0,8.0,15.7817,35.0199,55.9854,102.946,97.966,94.388,91.9534,89.27,86.7174,82.1971,48.8311,33.8687,23.7035,17.6519,11.9421,7.26119,4.40963,2.87019,1.34894,-1.0,-1.0,-1.0,-1.0,-1.0
62.346,0.0,0.9999999999999998,4.834619483800705e-38,4,246.085,0.000384392,-3.06659,225.794,225.794,221.839,221.839,-0.841794,3169.47,0.0110223,18669.5,8.0,15.8033,35.0677,56.0618,101.467,96.4871,92.9232,90.5022,87.8365,85.3037,80.831,48.0682,33.3396,23.3331,17.3761,11.7556,7.14775,4.34074,2.82535,1.32786,-1.0,-1.0,-1.0,-1.0,-1.0
62.366,0.0,0.9999999999999998,3.1425026644704584e-38,4,246.574,0.000384012,-3.07304,226.244,226.244,222.264,222.264,-0.844307,3170.84,0.0110223,18705.3,8.0,15.8249,35.1155,56.1383,99.9823,95.0038,91.4544,89.0473,86.3996,83.8868,79.4625,47.3047,32.8101,22.9625,17.1001,11.5688,7.03422,4.27179,2.78047,1.30677,-1.0,-1.0,-1.0,-1.0,-1.0
62.386,0.0,0.9999999999999998,2.0426267319057982e-38,4,247.061,0.000378703,-3.07908,226.693,226.693,222.686,222.686,-0.846826,3172.21,0.0110223,18740.8,8.0,15.8465,35.1635,56.2149,98.4925,93.516,89.9815,87.5887,84.9592,82.4668,78.0912,46.5395,32.2793,22.5911,16.8235,11.3817,6.92044,4.20269,2.7355,1.28563,-1.0,-1.0,-1.0,-1.0,-1.0
62.406,0.0,0.9999999999999998,1.3277073757387688e-38,4,247.546,0.000373858,-3.08459,227.14,227.14,223.107,223.107,-0.849349,3173.58,0.0110223,18776.3,8.0,15.8681,35.2115,56.2917,96.9975,92.0237,88.5046,86.1262,83.5152,81.0435,76.7172,45.7727,31.7475,22.2189,16.5464,11.1942,6.80642,4.13345,2.69043,1.26445,-1.0,-1.0,-1.0,-1.0,-1.0
62.426,0.0,0.7499999999999998,8.630097942301997e-39,4,248.03,0.000368583,-3.08938,227.585,227.585,223.528,223.528,-0.851879,3174.96,0.0110223,18811.6,8.0,15.8898,35.2597,56.3687,95.4971,90.5269,87.0237,84.66,82.0678,79.617,75.3405,45.0043,31.2145,21.8459,16.2686,11.0063,6.69215,4.06406,2.64526,1.24322,-1.0,-1.0,-1.0,-1.0,-1.0
62.446,0.0,0.5624999999999998,5.609563662496298e-39,4,248.328,0.000352862,-3.09148,227.97,227.97,222.157,222.157,-0.85441,3176.34,0.0110223,18695.0,8.0,15.9115,35.3079,56.4458,93.9918,89.0259,85.5391,83.1904,80.6173,78.1877,73.9616,44.2353,30.6811,21.4726,15.9906,10.8182,6.5778,3.99461,2.60006,1.22198,-1.0,-1.0,-1.0,-1.0,-1.0
62.466,0.0,0.42187499999999983,3.646216380622594e-39,4,248.378,0.0003419,-3.09109,228.137,228.136,221.073,221.073,-0.856943,3177.72,0.0110223,18603.2,8.0,15.9333,35.3561,56.5229,92.483,87.5223,84.0524,81.7189,79.1651,76.7571,72.5819,43.4656,30.1473,21.099,15.7123,10.63,6.46334,3.92511,2.55482,1.20072,-1.0,-1.0,-1.0,-1.0,-1.0
62.486,0.0,0.3164062499999999,2.3700406474046862e-39,4,248.252,0.000345384,-3.088,228.107,228.107,220.155,220.155,-0.859476,3179.1,0.0110223,18525.4,8.0,15.955,35.4043,56.6,90.972,86.0172,82.5647,80.2467,77.7125,75.3264,71.2024,42.6958,29.6134,20.7253,15.4341,10.4417,6.34888,3.85559,2.50957,1.17945,-1.0,-1.0,-1.0,-1.0,-1.0
62.506,0.12,0.23730468749999992,1.540526420813046e-39,4,247.995,0.00033971,-3.08286,227.932,227.932,219.323,219.323,-0.862012,3180.48,0.0110223,18454.9,8.0,15.9768,35.4526,56.6772,89.4596,84.5116,81.0768,78.7746,76.2603,73.8962,69.8237,41.9254,29.079,20.3513,15.1556,10.2533,6.23431,3.78602,2.46429,1.15817,-1.0,-1.0,-1.0,-1.0,-1.0
62.526,0.1625,0.17797851562499994,1.00134217352848e-39,4,247.618,0.114951,-3.07379,227.904,227.181,219.048,218.041,-0.864174,3181.85,0.00741261,18389.0,8.0,15.9366,35.1123,55.7425,88.2249,83.4178,80.1207,77.9435,75.6214,73.5312,70.5898,50.4977,32.7776,21.9816,15.9722,10.5634,6.30658,3.78774,2.4505,1.14407,-1.0,-1.0,-1.0,-1.0,-1.0
62.546,0.1625,0.13348388671874994,6.50872412793512e-40,4,247.138,-0.92942,-3.05708,228.181,225.986,219.176,216.396,-0.865218,3183.23,-0.0033353,18324.8,8.0,15.7744,34.0452,52.996,87.5049,83.0647,80.0897,78.1824,76.2367,74.6078,72.651,70.0462,57.2812,30.7109,20.0731,12.1738,6.82103,3.95161,2.50825,1.14749,-1.0,-1.0,-1.0,-1.0,-1.0
62.566,0.1625,0.10011291503906246,4.230670683157828e-40,4,246.579,-2.71792,-3.035,228.249,224.942,218.949,215.088,-0.864694,3184.6,-0.0185469,18259.8,8.0,15.537,32.614,49.5015,87.0302,83.0331,80.4174,78.7786,77.161,75.8674,74.4173,72.7427,70.7025,65.9731,32.3648,15.8426,7.84833,4.27878,2.63603,1.17001,-1.0,-1.0,-1.0,-1.0,-1.0
62.586,0.1625,0.07508468627929685,2.7499359440525883e-40,4,245.95,-4.62577,-3.00796,227.928,224.094,218.417,214.05,-0.862225,3185.97,-0.0356196,18193.5,8.0,15.2675,31.1206,46.0541,86.5795,83.0052,80.7053,79.2906,77.9168,76.8436,75.6771,74.3942,72.9574,70.5487,66.4902,24.1802,9.56262,4.7798,2.834,1.21302,-1.0,-1.0,-1.0,-1.0,-1.0
62.606,0.1625,0.056313514709472635,1.7874583636341825e-40,4,245.261,-6.36422,-2.97814,227.35,223.357,217.698,213.148,-0.857521,3187.33,-0.0530875,18125.0,8.0,14.9874,29.6981,42.9448,86.0562,82.8552,80.8163,79.5775,78.3897,77.4719,76.4872,75.4272,74.277,72.4703,69.9829,51.1151,12.384,5.48996,3.10934,1.27862,-1.0,-1.0,-1.0,-1.0,-1.0
62.626,0.1625,0.04223513603210448,0.35,4,244.526,-7.82425,-2.9494,226.626,222.673,216.878,212.321,-0.850387,3188.69,-0.070185,18055.5,8.0,14.706,28.3894,40.2266,58.0745,82.5502,80.7256,79.6255,78.5788,77.7772,76.9247,76.015,75.0405,73.55,71.6128,66.7328,17.2747,6.46718,3.47318,1.36887,-1.0,-1.0,-1.0,-1.0,-1.0
62.646,0.1625,0.031676352024078355,0.5774999999999999,4,243.298,-9.00445,-2.92377,218.153,214.055,213.44,208.902,-0.840724,3190.04,-0.0864175,17762.5,8.0,14.4276,27.2054,37.8802,53.3333,82.0893,80.4409,79.4515,78.5149,77.8012,77.0468,76.2476,75.3984,74.1133,72.4835,68.7491,26.7333,7.78781,3.93686,1.48523,-1.0,-1.0,-1.0,-1.0,-1.0
62.666,0.1625,0.023757264018058766,0.7253749999999999,4,241.37,-9.94014,-2.89598,209.132,204.654,209.809,205.355,-0.828628,3191.39,-0.101303,17457.5,8.0,14.1573,26.1532,35.8829,49.5069,81.4786,79.9735,79.0728,78.2227,77.5772,76.8972,76.1801,75.4224,74.2857,72.8601,69.718,49.2733,9.52726,4.50429,1.62702,-1.0,-1.0,-1.0,-1.0,-1.0
62.686,0.1625,0.017817948013544076,0.8214937499999999,4,238.969,-10.6162,-2.86574,200.251,195.312,206.03,201.735,-0.81432,3192.72,-0.114473,17144.4,8.0,13.8985,25.2318,34.2026,46.4331,80.7306,79.3406,78.5102,77.7281,77.1356,76.5129,75.8581,75.1688,74.1403,72.8621,70.0967,61.5704,11.7489,5.17124,1.79196,-1.0,-1.0,-1.0,-1.0,-1.0
62.706,0.1625,0.013363461010158057,0.8839709374999999,4,236.253,-10.9818,-2.81674,191.676,186.248,202.28,198.219,-0.79803,3194.04,-0.12571,16838.0,8.0,13.6527,24.4326,32.7997,43.9701,55.529,78.5633,77.7881,77.0591,76.5077,75.9293,75.3222,74.6848,73.7371,72.5664,70.0654,63.0387,14.4901,5.92721,1.97729,-1.0,-1.0,-1.0,-1.0,-1.0
62.726,0.1625,0.010022595757618543,0.9245811093749999,4,233.336,-11.031,-2.75824,183.458,177.535,198.568,194.786,-0.779988,3195.34,-0.134958,16537.2,8.0,13.4201,23.7424,31.6321,41.9963,52.5219,77.665,76.9325,76.2447,75.7251,75.1807,74.6103,74.0124,73.126,72.0355,69.7278,63.5308,17.7397,6.75608,2.18,-1.0,-1.0,-1.0,-1.0,-1.0
62.746,0.1625,0.007516946818213907,0.95097772109375,4,230.29,-10.7814,-2.69235,175.554,169.137,195.021,191.548,-0.760407,3196.62,-0.142262,16252.0,8.0,13.1994,23.1461,30.6606,40.4128,50.1805,76.6675,75.9677,75.3113,74.8161,74.2978,73.7555,73.1879,72.3481,71.3183,69.1537,63.4977,21.4155,7.6376,2.39709,-1.0,-1.0,-1.0,-1.0,-1.0
62.766,0.1625,0.005637710113660431,0.9681355187109375,4,227.168,-10.2471,-2.6199,167.903,160.957,191.685,188.56,-0.739492,3197.89,-0.14765,15986.6,8.0,12.9904,22.6337,29.8583,39.1541,48.3745,75.5861,74.9103,74.2773,73.8003,73.3017,72.7805,72.2357,71.4311,70.447,68.3892,63.1108,25.3125,8.54469,2.62526,-1.0,-1.0,-1.0,-1.0,-1.0
62.786,0.1625,0.0042282825852453226,0.9792880871621094,4,224.001,-9.44936,-2.53888,160.459,153.014,188.548,185.811,-0.717424,3199.13,-0.151182,15739.6,8.0,12.7922,22.1958,29.2033,38.1702,47.0096,74.433,73.7739,73.1576,72.6937,72.2094,71.7037,71.1757,70.3972,69.447,67.4685,62.4615,29.1191,9.44789,2.8613,-1.0,-1.0,-1.0,-1.0,-1.0
62.806,0.1625,0.003171211938933992,0.9865372566553711,4,220.828,-8.43285,-2.46175,152.914,144.939,185.594,183.262,-0.694395,3200.36,-0.152946,15508.7,8.0,12.6043,21.8248,28.6776,37.4229,46.0179,73.218,72.5697,71.9644,71.5094,71.0349,70.54,70.0239,69.2641,68.3385,66.4179,61.6074,32.4747,10.3177,3.10194,-1.0,-1.0,-1.0,-1.0,-1.0
62.826,0.1625,0.002378408954200494,0.9912492168259912,4,217.656,-7.23677,-2.3766,145.201,136.664,182.878,180.984,-0.670577,3201.57,-0.15307,15299.3,8.0,12.426,21.5129,28.2652,36.8807,45.3465,71.9503,71.3076,70.7087,70.2591,69.7908,69.3029,68.7948,68.0476,67.1391,65.2596,60.591,35.0823,11.1294,3.34426,-1.0,-1.0,-1.0,-1.0,-1.0
62.846,0.1625,0.0017838067156503705,0.9943119909368943,4,214.513,-5.94633,-2.30227,137.237,128.184,180.159,178.711,-0.646159,3202.76,-0.151831,15089.0,8.0,12.2555,21.2485,27.9434,36.5018,44.9293,70.6433,70.0025,69.4066,68.9599,68.4951,68.0115,67.5083,66.7695,65.8726,64.0224,59.4577,36.8732,11.8729,3.58608,-1.0,-1.0,-1.0,-1.0,-1.0
62.866,0.1625,0.001337855036737778,0.9963027941089813,4,211.41,-4.66852,-2.24433,128.876,119.368,177.453,176.359,-0.62133,3203.94,-0.149677,14876.0,8.0,12.0898,21.0143,27.6797,36.2289,44.6786,69.3167,68.6759,68.081,67.6358,67.1731,66.6921,66.1923,65.4593,64.5711,62.7432,58.2614,38.0404,12.5572,3.82651,-1.0,-1.0,-1.0,-1.0,-1.0
62.886,0.1625,0.0010033912775533334,0.9975968161708378,4,208.348,-3.49761,-2.20227,120.043,110.169,174.741,173.889,-0.596269,3205.09,-0.147096,14657.6,8.0,11.9257,20.7923,27.4406,36.0023,44.503,67.9916,67.3502,66.756,66.3118,65.8508,65.3721,64.8752,64.1474,63.2668,61.4593,57.0533,38.8811,13.2031,4.06555,-1.0,-1.0,-1.0,-1.0,-1.0
62.906,0.1625,0.000752543458165,0.9984379305110446,4,205.319,-2.50065,-2.16719,110.864,100.69,172.015,171.305,-0.57113,3206.23,-0.144534,14433.9,8.0,11.7603,20.5664,27.1957,35.7676,44.5706,66.6872,66.0461,65.4531,65.0106,64.5516,64.0758,63.5823,62.8603,61.9883,60.2027,55.8763,39.6739,13.8354,4.30385,-1.0,-1.0,-1.0,-1.0,-1.0
62.926,0.1625,0.00056440759362375,0.998984654832179,4,202.325,-1.71409,-2.13848,101.344,91.0071,169.299,168.632,-0.546039,3207.35,-0.142334,14207.0,8.0,11.5915,20.3247,26.9217,35.4822,66.5206,65.4185,64.7792,64.189,63.7491,63.2934,62.8213,62.3323,61.618,60.7564,58.9968,54.7603,40.6201,14.4766,4.54226,-1.0,-1.0,-1.0,-1.0,-1.0
62.946,0.1625,0.00042330569521781253,0.9993400256409164,4,199.363,-1.13924,-2.11169,91.4373,81.035,166.636,165.885,-0.521091,3208.46,-0.140678,13980.2,8.0,11.4186,20.0615,26.6073,35.1244,65.2916,64.1929,63.5574,62.9716,62.5356,62.0844,61.6175,61.1344,60.4295,59.5807,57.8519,53.7173,41.4089,15.1413,4.78132,-1.0,-1.0,-1.0,-1.0,-1.0
62.966,0.1625,0.0003174792714133594,0.9995710166665956,4,196.425,-0.751319,-2.0761,81.2309,70.8552,164.033,163.235,-0.496347,3209.55,-0.13961,13758.4,8.0,11.2419,19.7766,26.2513,34.6908,64.1036,63.0118,62.3818,61.8021,61.3712,60.9257,60.4652,59.9892,59.2956,58.4618,56.7682,52.7456,41.5996,15.836,5.02123,-1.0,-1.0,-1.0,-1.0,-1.0
62.986,0.1625,0.00023810945356001956,0.9997211608332872,4,193.523,-0.518182,-2.04741,70.7664,60.4644,161.317,160.41,-0.471855,3210.62,-0.139088,13524.9,8.0,11.0623,19.4728,25.8588,34.1896,62.9546,61.8724,61.2495,60.6772,60.2523,59.8136,59.3605,58.8926,58.2117,57.3945,55.7394,51.8358,41.5995,16.5617,5.26176,-1.0,-1.0,-1.0,-1.0,-1.0
63.006,0.1625,0.00017858209017001468,0.9998187545416367,4,190.647,-0.398805,-2.02223,60.128,49.9227,158.592,157.544,-0.447635,3211.67,-0.139,13289.6,8.0,10.881,19.1557,25.4394,33.6381,61.8395,60.7689,60.1542,59.5902,59.1721,58.7406,58.2956,57.8365,57.1693,56.3698,54.7551,50.9735,41.4934,17.3133,5.50241,-1.0,-1.0,-1.0,-1.0,-1.0
63.026,0.1625,0.000133936567627511,0.9998821904520638,4,187.793,-0.354322,-1.99801,49.357,39.2553,155.873,154.679,-0.423706,3212.71,-0.139207,13054.8,8.0,10.6994,18.8314,25.0046,33.0564,60.7522,59.6945,59.0886,58.5335,58.1224,57.6987,57.2621,56.8122,56.159,55.3778,53.8042,50.144,41.307,18.0826,5.74237,-1.0,-1.0,-1.0,-1.0,-1.0
63.046,0.1625,0.00010045242572063325,0.9999234237938415,4,184.95,-0.351347,-1.9667,38.6444,28.5983,153.159,151.837,-0.400076,3213.74,-0.139571,12821.0,8.0,10.5189,18.5056,24.565,32.4635,59.687,58.6428,58.046,57.5,57.0961,56.6802,56.2521,55.8114,55.1723,54.4092,52.8764,49.3346,41.0516,18.8593,5.98072,-1.0,-1.0,-1.0,-1.0,-1.0
63.066,0.1625,7.533931929047494e-05,0.999950225465997,4,182.118,-0.365483,-1.93002,27.9352,17.9741,150.445,149.015,-0.376748,3214.75,-0.139981,12588.1,8.0,10.3405,18.1826,24.1286,31.874,58.6396,57.6089,57.0211,56.4842,56.0874,55.6793,55.2595,54.8278,54.2027,53.4574,51.9642,48.5362,40.7353,19.634,6.21665,-1.0,-1.0,-1.0,-1.0,-1.0
63.086,0.1625,5.6504489467856206e-05,0.999967646552898,4,179.304,-0.379751,-1.89184,17.1342,7.25863,147.729,146.207,-0.353736,3215.74,-0.140345,12355.8,8.0,10.1649,17.866,23.7016,31.2987,57.6062,56.5888,56.0099,55.4818,55.092,54.6914,54.2798,53.8569,53.2453,52.5171,51.0622,47.7423,40.365,20.3972,6.44929,-1.0,-1.0,-1.0,-1.0,-1.0
63.106,0.1625,4.237836710089216e-05,0.9999789702593838,4,176.498,-0.381038,-1.83886,6.19779,0.0,145.202,143.577,-0.331042,3216.72,-0.14059,12139.4,8.0,9.99262,17.558,23.2886,30.7459,56.5843,55.5798,55.0094,54.4898,54.1067,53.7134,53.3097,52.8952,52.2965,51.5848,50.1663,46.9488,39.9469,21.1403,6.67795,-1.0,-1.0,-1.0,-1.0,-1.0
63.126,0.1625,3.178377532566912e-05,0.9999863306685994,4,173.724,-0.365171,-1.79102,0.0,0.0,142.521,140.875,-0.308676,3217.68,-0.140697,11912.3,8.0,9.82392,17.2594,22.8906,30.2173,55.5731,54.5809,54.0187,53.5074,53.1307,52.7444,52.3482,51.9419,51.3556,50.6597,49.276,46.1553,39.4897,21.8592,6.9022,-1.0,-1.0,-1.0,-1.0,-1.0
63.146,0.1625,2.383783149425184e-05,0.9999911149345896,4,170.989,-0.332151,-1.75166,0.0,0.0,139.755,138.067,-0.286632,3218.63,-0.140674,11677.5,8.0,9.65861,16.9694,22.5064,29.7108,54.5728,53.5926,53.0384,52.535,52.1646,51.785,51.3961,50.9976,50.4232,49.7425,48.3922,45.3634,39.0018,22.5535,7.12208,-1.0,-1.0,-1.0,-1.0,-1.0
63.166,0.1625,1.7878373620688882e-05,0.9999942247074832,4,168.291,-0.289325,-1.7194,0.0,0.0,136.965,135.214,-0.264916,3219.56,-0.140564,11440.1,8.0,9.49637,16.6866,22.1332,29.2213,53.585,52.6165,52.0701,51.5744,51.2101,50.8371,50.4552,50.0643,49.5015,48.8355,47.5173,44.5764,38.4931,23.2268,7.3378,-1.0,-1.0,-1.0,-1.0,-1.0
63.186,0.1625,1.3408780215516662e-05,0.9999962460598641,4,165.626,-0.243501,-1.69258,0.0,0.0,134.178,132.346,-0.243528,3220.48,-0.140407,11202.1,8.0,9.33691,16.4095,21.7683,28.744,52.6108,51.654,51.1153,50.6272,50.2689,49.9023,49.5273,49.1439,48.5924,47.9406,46.6537,43.7971,37.9709,23.8832,7.54973,-1.0,-1.0,-1.0,-1.0,-1.0
63.206,0.16852431818181818,1.0056585161637497e-05,0.9999975599389117,4,162.961,-0.197433,-1.647,0.0,0.0,131.379,129.491,-0.222469,3221.38,-0.140218,10964.2,8.0,9.18009,16.1376,21.4108,28.28,51.6509,50.7057,50.1746,49.694,49.3415,48.9813,48.6131,48.237,47.6965,47.0587,45.8021,43.0268,37.4395,24.5241,7.75795,-1.0,-1.0,-1.0,-1.0,-1.0
63.226,0.17635681818181817,7.542438871228123e-06,0.9999984139602927,4,160.31,-0.156566,-1.59556,0.0,0.0,128.577,126.632,-0.201744,3222.27,-0.140037,10726.0,8.0,9.02569,15.8696,21.0582,27.8729,50.7066,49.7731,49.2495,48.7763,48.4297,48.0757,47.7143,47.3453,46.8157,46.1916,44.9646,42.2679,36.9041,25.1543,7.96283,-1.0,-1.0,-1.0,-1.0,-1.0
63.246,0.18410068181818184,5.656829153421092e-06,0.9999989690741902,4,157.689,-0.12294,-1.54636,0.0,0.0,125.78,123.76,-0.181348,3223.15,-0.139881,10487.5,8.0,8.87354,15.6051,20.7097,27.5645,49.7784,48.8565,48.3405,47.8748,47.534,47.1862,46.8314,46.4695,45.9506,45.3399,44.1418,41.5211,36.3674,25.7764,8.16459,-1.0,-1.0,-1.0,-1.0,-1.0
63.266,0.19182386363636367,4.242621865065819e-06,0.9999993298982236,4,155.075,-0.0940498,-1.47576,0.0,0.0,123.464,121.151,-0.161287,3224.01,-0.139738,10283.7,8.0,8.7238,15.3444,20.366,27.4399,48.8656,47.9554,47.4469,46.9886,46.6535,46.3119,45.9636,45.6087,45.1003,44.5027,43.333,40.7856,35.8296,26.2403,8.36307,7.07535,7.0547,7.03631,7.02015,7.00619
63.286,0.19948499999999997,3.1819663987993645e-06,0.9999995644338453,4,152.482,-0.0718839,-1.39481,0.0,0.0,121.195,118.901,-0.141548,3224.85,-0.139633,10091.4,8.0,8.5762,15.0867,20.0256,49.609,47.9691,47.0707,46.5698,46.1188,45.7894,45.4538,45.112,44.764,44.266,43.6813,42.5391,40.063,35.2936,26.4696,8.5587,-1.0,-1.0,-1.0,-1.0,-1.0
63.306,0.20695113636363638,2.3864747990995235e-06,0.9999997168819994,4,149.955,-0.0605418,-1.34116,0.0,0.0,118.496,116.179,-0.122139,3225.68,-0.139591,9861.88,8.0,8.43064,14.8314,19.6874,48.7136,47.0894,46.2029,45.7095,45.2659,44.9421,44.6125,44.2772,43.9359,43.4481,42.8762,41.761,39.3539,34.7614,26.5622,8.75173,-1.0,-1.0,-1.0,-1.0,-1.0
63.326,0.21426068181818184,1.7898560993246426e-06,0.9999998159732996,4,147.481,-0.0565885,-1.30822,0.0,0.0,115.571,113.168,-0.10305,3226.5,-0.139593,9611.37,8.0,8.28721,14.579,19.3523,47.8336,46.2254,45.3508,44.865,44.4286,44.1104,43.7868,43.4578,43.1232,42.6455,42.086,40.9973,38.657,34.2321,26.5623,8.94206,-1.0,-1.0,-1.0,-1.0,-1.0
63.346,0.22144613636363636,1.342392074493482e-06,0.9999998803826448,4,145.049,-0.0568702,-1.28766,0.0,0.0,112.539,110.003,-0.0842713,3227.3,-0.139622,9350.29,8.0,8.14596,14.33,19.0214,46.9683,45.3762,44.5136,44.0352,43.606,43.2934,42.9757,42.6529,42.3249,41.857,41.3098,40.2468,37.9712,33.7052,26.495,9.12961,-1.0,-1.0,-1.0,-1.0,-1.0
63.366,0.22861386363636366,1.0067940558701114e-06,0.9999999222487191,4,142.623,-0.0574259,-1.25673,0.0,0.0,109.454,106.812,-0.0658044,3228.1,-0.139649,9086.17,8.0,8.00705,14.0852,18.696,46.1166,44.5409,43.6902,43.2191,42.7971,42.4899,42.178,41.8613,41.5398,41.0816,40.5463,39.5084,37.2953,33.18,26.3752,9.31407,-1.0,-1.0,-1.0,-1.0,-1.0
63.386,0.23570772727272726,7.550955419025835e-07,0.9999999494616675,4,140.222,-0.0591823,-1.22668,0.0,0.0,106.368,103.62,-0.0476421,3228.87,-0.139684,8822.08,8.0,7.8704,13.8442,18.3757,45.2789,43.7197,42.8807,42.417,42.002,41.7002,41.394,41.0833,40.7682,40.3194,39.7957,38.7824,36.6296,32.6576,26.2154,9.49559,-1.0,-1.0,-1.0,-1.0,-1.0
63.406,0.2427188636363637,5.663216564269376e-07,0.9999999671500839,4,137.849,-0.061327,-1.19901,0.0,0.0,103.29,100.438,-0.029788,3229.64,-0.139721,8558.71,8.0,7.73605,13.6073,18.0607,44.4547,42.9121,42.0848,41.6284,41.2203,40.9239,40.6233,40.3185,40.0096,39.5701,39.0578,38.0682,35.9739,32.1382,26.0235,9.67407,-1.0,-1.0,-1.0,-1.0,-1.0
63.426,0.2496827272727273,4.247412423202032e-07,0.9999999786475545,4,135.492,-0.062033,-1.16208,0.0,0.0,100.49,97.3323,-0.012236,3230.39,-0.139744,8313.28,8.0,7.60407,13.3748,17.7518,43.6436,42.1176,41.3019,40.8527,40.4514,40.1602,39.8651,39.5661,39.2633,38.8329,38.3317,37.3653,35.3274,31.6214,25.8051,9.84938,-1.0,-1.0,-1.0,-1.0,-1.0
63.446,0.25665249999999995,3.185559317401524e-07,0.9999999861209105,4,133.133,-0.0596254,-1.1057,0.0,0.0,97.9655,94.7692,0.00501553,3231.13,-0.139746,8097.83,8.0,7.47445,13.1467,17.4491,42.8454,41.336,40.5319,40.0897,39.6952,39.4091,39.1194,38.8261,38.5293,38.1077,37.6174,36.6735,34.6901,31.1078,25.565,10.0214,-1.0,-1.0,-1.0,-1.0,-1.0
63.466,0.2634745454545454,2.389169488051143e-07,0.9999999909785918,4,130.824,-0.0594052,-1.06695,0.0,0.0,95.0956,91.8599,0.0219689,3231.85,-0.139764,7853.4,8.0,7.347,12.9223,17.1509,42.0609,40.5682,39.7756,39.3404,38.9525,38.6715,38.3871,38.0995,37.8085,37.3956,36.9159,35.9939,34.0633,30.5991,25.3087,10.1907,-1.0,-1.0,-1.0,-1.0,-1.0
63.486,0.27017250000000004,1.7918771160383572e-07,0.9999999941360846,4,128.557,-0.0601813,-1.04118,0.0,0.0,91.991,88.6959,0.0386282,3232.56,-0.139787,7588.83,8.0,7.22173,12.7016,16.8577,41.2896,39.8137,39.0325,38.6042,38.2229,37.9469,37.6677,37.3856,37.1003,36.6959,36.2266,35.326,33.4466,30.0952,25.0386,10.3572,-1.0,-1.0,-1.0,-1.0,-1.0
63.506,0.27676409090909093,1.343907837028768e-07,0.999999996188455,4,126.326,-0.0609029,-1.02372,0.0,0.0,88.7392,85.3735,0.0549996,3233.27,-0.139807,7311.72,8.0,7.09865,12.4848,16.5786,40.5311,39.072,38.3021,37.8806,37.5058,37.2347,36.9607,36.6839,36.4043,36.0083,35.549,34.6693,32.8393,29.596,24.7565,10.5207,-1.0,-1.0,-1.0,-1.0,-1.0
63.526,0.2832611363636364,1.0079308777715759e-07,0.9999999975224958,4,124.127,-0.060971,-1.01235,0.0,0.0,85.396,81.9577,0.071086,3233.95,-0.139819,7027.04,8.0,6.97774,12.272,16.3476,39.7851,38.3428,37.584,37.1694,36.801,36.5347,36.2657,35.9942,35.7202,35.3322,34.8829,34.0235,32.2414,29.1015,24.4643,10.6813,-1.0,-1.0,-1.0,-1.0,-1.0
63.546,0.2896429545454545,7.55948158328682e-08,0.9999999983896223,4,121.967,-0.0607042,-1.01084,0.0,0.0,82.0014,78.4747,0.0868982,3234.63,-0.139828,6737.46,8.0,6.85892,12.0629,16.1808,39.0514,37.626,36.8783,36.4704,36.1082,35.8467,35.5827,35.3164,35.0478,34.6678,34.2281,33.3885,31.6528,28.612,24.164,10.8391,-1.0,-1.0,-1.0,-1.0,-1.0
63.566,0.2959538636363636,5.669611187465115e-08,0.9999999989532545,4,119.831,-0.0591617,-1.01047,0.0,0.0,78.5547,74.9532,0.102432,3235.29,-0.139822,6444.11,8.0,6.74226,11.8578,16.1048,38.3297,36.9211,36.1845,35.7831,35.4272,35.1703,34.9112,34.65,34.3867,34.0145,33.5843,32.764,31.0732,28.1274,23.8568,10.9939,-1.0,-1.0,-1.0,-1.0,-1.0
63.586,0.3022027272727273,4.2522083905988365e-08,0.9999999993196155,4,117.716,-0.0563551,-1.00821,0.0,0.0,75.0564,71.3983,0.117694,3235.95,-0.139804,6147.14,8.0,6.62772,11.6566,16.1784,37.6198,36.2281,35.5024,35.1075,34.7577,34.5054,34.2512,33.995,33.7369,33.3723,32.9513,32.1498,30.5026,27.6479,23.5441,11.1459,-1.0,-1.0,-1.0,-1.0,-1.0
63.606,0.3084043181818182,3.189156292949127e-08,0.9999999995577501,4,115.617,-0.0525973,-1.00214,0.0,0.0,71.5008,67.8081,0.132681,3236.59,-0.139775,5846.28,8.0,6.51528,11.4593,16.6283,36.9219,35.547,34.832,34.4436,34.0998,33.8521,33.6025,33.3512,33.0982,32.7411,32.3292,31.5459,29.9409,27.1739,23.2272,11.2949,-1.0,-1.0,-1.0,-1.0,-1.0
63.626,0.31451136363636367,2.3918672197118455e-08,0.9999999997125376,4,113.55,-0.0496895,-1.00482,0.0,0.0,67.6002,64.001,0.147401,3237.22,-0.139751,5520.57,8.0,6.40481,11.2653,38.3358,36.236,34.878,34.1737,33.7917,33.4538,33.2105,32.9656,32.7191,32.4711,32.1214,31.7182,30.9528,29.3888,26.7059,22.9077,11.4413,-1.0,-1.0,-1.0,-1.0,-1.0
63.646,0.32058,1.793900414783884e-08,0.9999999998131495,4,111.496,-0.0459475,-1.00155,0.0,0.0,63.725,60.1072,0.161855,3237.84,-0.139715,5235.99,8.0,6.29641,11.0751,37.6461,35.5618,34.2205,33.5269,33.1511,32.8191,32.5802,32.3398,32.0981,31.855,31.5124,31.1178,30.3698,28.8455,26.2436,22.5857,11.5849,-1.0,-1.0,-1.0,-1.0,-1.0
63.666,0.326625,1.3454253110879131e-08,0.9999999998785472,4,109.45,-0.0408852,-0.989451,0.0,0.0,59.8704,56.2563,0.176043,3238.44,-0.139664,5235.99,8.0,6.19006,10.8887,36.9676,34.899,33.5745,32.8914,32.5218,32.1955,31.9609,31.7251,31.488,31.2497,30.9141,30.5279,29.7969,28.311,25.787,22.2621,11.7256,-1.0,-1.0,-1.0,-1.0,-1.0
63.686,0.3326375,1.009068983315935e-08,0.9999999999210556,4,107.415,-0.03508,-0.971419,0.0,0.0,55.9752,52.3768,0.189969,3239.04,-0.139603,5235.99,8.0,6.08572,10.706,36.3004,34.2479,32.9401,32.2673,31.9039,31.5833,31.3529,31.1214,30.8889,30.6553,30.3266,29.9487,29.2341,27.7856,25.3365,21.9378,11.8634,-1.0,-1.0,-1.0,-1.0,-1.0
63.706,0.3386086363636363,7.568017374869513e-09,0.6499999999486862,4,105.394,-0.0289829,-0.950081,0.0,0.0,52.0073,48.4321,0.203633,3239.63,-0.139537,5235.99,8.0,5.98336,10.5439,35.6445,33.6084,32.3172,31.6548,31.2973,30.9823,30.7561,30.529,30.3009,30.0719,29.7499,29.38,28.6816,27.2693,24.8923,21.6135,11.9854,-1.0,-1.0,-1.0,-1.0,-1.0
63.726,0.3445265909090909,5.6760130311521346e-09,0.422499999966646,4,103.391,-0.0228172,-0.927417,0.0,0.0,53.1402,49.5928,0.217037,3240.2,-0.139467,5235.99,8.0,5.88296,10.419,34.9999,32.9805,31.7059,31.0536,30.7021,30.3927,30.1706,29.9476,29.7239,29.4995,29.1841,28.822,28.1393,26.7622,24.4544,21.2897,12.0779,-1.0,-1.0,-1.0,-1.0,-1.0
63.746,0.3503056818181818,4.2570097733641005e-09,0.2746249999783199,4,101.435,-0.0171785,-0.92242,2.20074,2.44332,57.6343,54.0631,0.230184,3240.76,-0.139416,5235.99,8.0,5.7844,10.337,34.367,32.3647,31.1066,30.4644,30.1188,29.8147,29.5966,29.3779,29.1585,28.9384,28.6295,28.2751,27.6076,26.2646,24.0237,20.9676,12.1451,-1.0,-1.0,-1.0,-1.0,-1.0
63.766,0.35592345454545454,3.1927573300230754e-09,0.17850624998590794,4,99.5336,-0.00975535,-0.933139,8.97075,9.28549,64.2301,60.582,0.243089,3241.31,-0.139411,5278.8,8.0,5.68746,10.3061,33.746,31.7611,30.5195,29.8873,29.5475,29.2487,29.0346,28.82,28.6048,28.3891,28.0864,27.7396,27.087,25.7772,23.6005,20.6479,12.1907,-1.0,-1.0,-1.0,-1.0,-1.0
63.786,0.3614265909090909,2.3945679975173064e-09,0.11602906249084016,4,97.671,0.000272964,-0.944673,18.8081,19.1791,71.9881,68.2953,0.255763,3241.86,-0.139545,5934.09,8.0,5.59166,10.3378,33.1389,31.1717,29.9466,29.3243,28.9902,28.6968,28.4866,28.2759,28.0649,27.8535,27.557,27.2175,26.5795,25.3018,23.187,20.3331,12.2184,-1.0,-1.0,-1.0,-1.0,-1.0
63.806,0.3667359090909091,1.7959259981379798e-09,0.07541889061904611,4,95.874,0.00922996,-0.951304,30.6025,31.0145,79.7584,76.3678,0.268234,3242.39,-0.140025,6598.36,8.0,5.49597,10.4472,32.5498,30.601,29.3925,28.7801,28.4516,28.1634,27.957,27.7504,27.5434,27.3362,27.0457,26.7134,26.0896,24.8431,22.7879,20.0277,12.2332,-1.0,-1.0,-1.0,-1.0,-1.0
63.826,0.3711163181818182,1.346944498603485e-09,0.04902227890237997,4,94.3914,0.0156542,-0.947517,43.5071,43.9311,83.0117,81.9894,0.280568,3242.91,-0.141296,6945.67,8.0,5.39818,10.6538,31.9873,30.0577,28.8661,28.2635,27.9407,27.6576,27.4551,27.2523,27.0494,26.8463,26.5618,26.2364,25.6265,24.4102,22.412,19.7403,12.2419,-1.0,-1.0,-1.0,-1.0,-1.0
63.846,0.37428743181818186,1.0102083739526136e-09,0.03186448128654698,4,93.3181,0.0323132,-0.944436,56.5751,56.9245,82.4877,81.8749,0.292897,3243.43,-0.143581,6911.94,8.0,5.2966,11.0287,31.4533,29.5441,28.3694,27.7767,27.4595,27.1815,26.9828,26.7839,26.5849,26.3859,26.1072,25.7887,25.1923,24.0052,22.0616,19.4734,12.2483,-1.0,-1.0,-1.0,-1.0,-1.0
63.866,0.37706884090909093,7.576562804644603e-10,0.020711912836255536,4,92.3767,0.092523,-0.967684,68.8657,68.8559,81.894,80.9723,0.305372,3243.94,-0.147185,6849.23,8.0,5.1892,33.4613,30.9527,29.0648,27.9074,27.3245,27.0129,26.74,26.545,26.3499,26.1548,25.9597,25.6867,25.375,24.7917,23.6328,21.7412,19.2313,12.2567,-1.0,-1.0,-1.0,-1.0,-1.0
63.886,0.3792894772727272,5.682422103483452e-10,0.013462743343566098,4,91.6251,0.226049,-0.986296,78.5385,77.6765,81.5232,80.0063,0.31821,3244.44,-0.153211,6793.71,8.0,5.07073,32.9986,30.5077,28.6426,27.5027,26.9297,26.6237,26.3558,26.1644,25.973,25.7817,25.5905,25.3231,25.0178,24.4471,23.315,21.472,19.034,12.2797,-1.0,-1.0,-1.0,-1.0,-1.0
63.906,0.38056525,4.261816577612589e-10,0.008750783173317964,4,91.1933,0.337527,-0.998542,83.1414,81.1077,81.5242,79.1252,0.331727,3244.94,-0.162875,6757.89,8.0,4.93549,32.6096,30.1411,28.3006,27.1787,26.6155,26.3149,26.0519,25.8641,25.6763,25.4887,25.3012,25.0391,24.74,24.1812,23.0742,21.2756,18.9012,12.3306,-1.0,-1.0,-1.0,-1.0,-1.0
63.926,0.3812663636363637,3.196362433209442e-10,0.005688009062656677,4,90.956,0.27971,-1.00431,84.4337,81.5493,81.6783,78.5059,0.346158,3245.44,-0.175881,6738.93,8.0,4.78465,32.2858,29.8432,28.0283,26.9245,26.3709,26.0756,25.8173,25.6329,25.4487,25.2646,25.0807,24.8236,24.5303,23.9827,22.899,21.1407,18.8232,12.4055,-1.0,-1.0,-1.0,-1.0,-1.0
63.946,0.3818049772727273,2.3972718249070815e-10,0.00369720589072684,4,90.7737,0.0904589,-1.00592,84.8112,81.3952,81.7603,78.1115,0.361596,3245.94,-0.190994,6725.95,8.0,4.62342,32.0014,29.5859,27.7968,26.7106,26.1663,25.8762,25.6225,25.4414,25.2605,25.0797,24.8992,24.6469,24.3592,23.8222,22.7602,21.0394,18.7742,12.4908,-1.0,-1.0,-1.0,-1.0,-1.0
63.966,0.38229720454545457,1.797953868680311e-10,0.002403183828972446,4,90.6071,-0.157101,-1.00626,84.9005,81.1828,81.7483,77.8438,0.378091,3246.43,-0.207243,6714.22,8.0,4.45986,31.7368,29.3484,27.5844,26.5153,25.98,25.6948,25.4455,25.2676,25.0898,24.9123,24.735,24.4873,24.2049,23.678,22.6367,20.9512,18.7351,12.5767,-1.0,-1.0,-1.0,-1.0,-1.0
63.986,0.38277377272727275,1.3484654015102333e-10,0.00156206948883209,4,90.4458,-0.422481,-1.00925,84.8825,80.9991,81.6839,77.6415,0.395683,3246.92,-0.224097,6703.02,8.0,4.30142,31.4815,29.1194,27.3798,26.327,25.8005,25.52,25.2749,25.1,24.9253,24.7509,24.5767,24.3334,24.0561,23.5388,22.5173,20.8654,18.6959,12.6574,-1.0,-1.0,-1.0,-1.0,-1.0
64.008,0.3832866818181818,1.011349051132675e-10,0.0010153451677408585,4,90.2722,-0.744601,-1.05109,84.7508,80.7861,81.5562,77.4556,0.41631,3247.46,-0.242909,6689.82,8.0,4.13454,31.2033,28.8689,27.1547,26.1193,25.6019,25.3264,25.0857,24.9141,24.7426,24.5715,24.4006,24.1619,23.89,23.3829,22.3822,20.7659,18.6456,12.7362,-1.0,-1.0,-1.0,-1.0,-1.0
64.03,0.3838025454545455,7.585117883495063e-11,0.000659974359031558,4,90.0976,-1.05729,-1.1204,84.5801,80.6155,81.3989,77.3145,0.438254,3248.0,-0.261651,6677.27,8.0,3.97682,30.9211,28.6128,26.9228,25.904,25.3954,25.1247,24.8882,24.7196,24.5513,24.3833,24.2156,23.9813,23.7145,23.2173,22.2367,20.6546,18.5821,12.8012,-1.0,-1.0,-1.0,-1.0,-1.0
64.052,0.3843393863636364,5.688838412621297e-11,0.0004289833333705127,4,89.9159,-1.3337,-1.1816,84.3942,80.4144,81.2519,77.1449,0.46153,3248.53,-0.280494,6663.93,8.0,3.82783,30.6385,28.3548,26.6877,25.6848,25.1845,24.9184,24.6861,24.5204,24.3551,24.19,24.0253,23.7954,23.5336,23.0457,22.0844,20.5353,18.5089,12.8546,-1.0,-1.0,-1.0,-1.0,-1.0
64.074,0.3849001590909091,4.266628809465973e-11,0.00027883916669083325,4,89.7261,-1.58393,-1.21777,84.2593,80.2078,81.1366,76.944,0.484952,3249.14,-0.270306,6650.6,8.0,3.68653,30.3612,28.1009,26.4556,25.4678,24.9757,24.7139,24.4855,24.3226,24.1601,23.998,23.8362,23.6103,23.3532,22.8744,21.9315,20.4139,18.4315,12.8999,-1.0,-1.0,-1.0,-1.0,-1.0
64.096,0.3854833863636364,3.1999716070994796e-11,0.00018124545834904163,4,89.5287,-1.82912,-1.22979,84.1285,79.9611,81.0284,76.7109,0.50706,3249.77,-0.259009,6636.21,8.0,3.5524,30.0925,27.8547,26.2302,25.2568,24.7722,24.5147,24.29,24.1298,23.97,23.8106,23.6515,23.4296,23.177,22.7067,21.7813,20.2937,18.353,12.9392,-1.0,-1.0,-1.0,-1.0,-1.0
64.118,0.38608729545454545,2.3999787053246095e-11,0.00011780954792687706,4,89.3243,-2.1429,-1.26745,84.0196,79.6907,80.9307,76.4452,0.527857,3250.4,-0.248264,6620.9,8.0,3.42492,29.8366,27.6204,26.0157,25.0558,24.5785,24.325,24.1037,23.9461,23.7889,23.6321,23.4756,23.2573,23.009,22.5468,21.6379,20.1785,18.277,12.9747,-1.0,-1.0,-1.0,-1.0,-1.0
64.14,0.38671868181818175,1.7999840289934573e-11,7.657620615247009e-05,4,89.1106,-2.57555,-1.34478,83.9373,79.3794,80.8679,76.1359,0.547307,3251.03,-0.23844,6605.21,8.0,3.30361,29.5998,27.4041,25.8181,24.8709,24.4004,24.1505,23.9326,23.7774,23.6225,23.4681,23.3141,23.0993,22.8549,22.4002,21.5068,20.0734,18.2082,13.0092,-1.0,-1.0,-1.0,-1.0,-1.0
64.162,0.38738109090909095,1.349988021745093e-11,4.9774533999105556e-05,4,88.8864,-3.02763,-1.38715,83.8146,79.0594,80.7755,75.845,0.565419,3251.67,-0.229298,6589.06,8.0,3.18932,29.3772,27.2007,25.6324,24.697,24.2327,23.9864,23.7715,23.6185,23.4659,23.3138,23.1621,22.9504,22.7097,22.2621,21.383,19.974,18.1425,13.0405,-1.0,-1.0,-1.0,-1.0,-1.0
64.184,0.38807156818181815,1.0124910163088197e-11,3.235344709941861e-05,4,88.6527,-3.47178,-1.41069,83.6252,78.7627,80.6266,75.5948,0.582232,3252.31,-0.220366,6572.24,8.0,3.08318,29.1601,27.0015,25.4497,24.5253,24.0669,23.8238,23.6118,23.4609,23.3104,23.1604,23.0108,22.8022,22.5651,22.1241,21.2586,19.8726,18.0729,13.0648,-1.0,-1.0,-1.0,-1.0,-1.0
64.206,0.38878804545454543,7.593682622316147e-12,2.1029740614622098e-05,4,88.4102,-3.88568,-1.41877,83.3838,78.4826,80.4349,75.3723,0.597769,3252.96,-0.211349,6554.78,8.0,2.98599,28.9432,26.8009,25.2645,24.3507,23.8978,23.6576,23.4483,23.2994,23.1509,23.0029,22.8553,22.6496,22.4158,21.9812,21.1286,19.7646,17.9956,13.0801,-1.0,-1.0,-1.0,-1.0,-1.0
64.228,0.38952579545454546,5.69526196673711e-12,1.3669331399504363e-05,4,88.1605,-4.25716,-1.4173,83.1055,78.2178,80.2093,75.1699,0.61205,3253.61,-0.202026,6536.75,8.0,2.89911,28.7225,26.595,25.0731,24.1691,23.7215,23.4842,23.2774,23.1303,22.9837,22.8376,22.6919,22.489,22.2583,21.8297,20.9896,19.6469,17.9078,13.0842,-1.0,-1.0,-1.0,-1.0,-1.0
64.25,0.3902803863636364,4.271446475052832e-12,8.885065409677837e-06,4,87.9051,-4.5802,-1.4117,82.8015,77.9652,79.959,74.9811,0.625089,3254.27,-0.192248,6518.25,8.0,2.8232,28.4954,26.3811,24.8728,23.9782,23.5356,23.301,23.0968,22.9514,22.8066,22.6622,22.5184,22.318,22.0904,21.6677,20.8396,19.5176,17.8077,13.0759,-1.0,-1.0,-1.0,-1.0,-1.0
64.272,0.3910479772727273,3.203584856289624e-12,5.775292516290595e-06,4,87.6453,-4.85724,-1.40575,82.4892,77.7203,79.6973,74.7946,0.636892,3254.92,-0.181993,6499.38,8.0,2.75849,28.2614,26.159,24.6634,23.7778,23.3399,23.108,22.9061,22.7625,22.6193,22.4767,22.3347,22.1368,21.912,21.4949,20.6784,19.3767,17.6956,13.0555,2.23939,2.2298,2.22108,2.21322,2.20619
64.294,0.39182768181818184,2.402688642217218e-12,3.7539401355888867e-06,4,87.3814,-5.09706,-1.40284,82.1773,77.4733,79.4351,74.6014,0.647408,3255.59,-0.169795,6480.21,8.0,2.70508,28.0213,25.9297,24.446,23.5689,23.1356,22.9062,22.7066,22.5646,22.4231,22.2822,22.1418,21.9463,21.7244,21.3126,20.5074,19.2254,17.5724,13.0238,-1.0,-1.0,-1.0,-1.0,-1.0
64.316,0.3926186136363637,1.8020164816629136e-12,2.4400610881327767e-06,4,87.1137,-5.31172,-1.40424,81.8756,77.22,79.1794,74.3953,0.656532,3256.26,-0.156949,6460.76,8.0,2.66296,27.7773,25.6954,24.2228,23.3537,22.9248,22.6979,22.5004,22.3599,22.2201,22.0807,21.942,21.7489,21.5296,21.1229,20.3285,19.0657,17.4403,12.9821,-1.0,-1.0,-1.0,-1.0,-1.0
64.338,0.3934204772727273,1.3515123612471852e-12,1.586039707286305e-06,4,86.8423,-5.50803,-1.40831,81.5844,76.9594,78.93,74.1768,0.664262,3256.92,-0.143915,6441.07,8.0,2.63219,27.5309,25.4577,23.9954,23.134,22.7093,22.4846,22.2892,22.1502,22.0119,21.8741,21.737,21.546,21.3293,20.9276,20.1436,18.8992,17.3006,12.9313,-1.0,-1.0,-1.0,-1.0,-1.0
64.36,0.3942326818181818,1.0136342709353888e-12,1.0309258097360984e-06,4,86.5674,-5.69377,-1.41528,81.3042,76.694,78.6856,73.9471,0.670604,3257.59,-0.130798,6421.11,8.0,2.6129,27.2837,25.2182,23.7653,22.9111,22.4904,22.2679,22.0745,21.937,21.8001,21.6638,21.5282,21.3393,21.1251,20.7282,19.954,18.7273,17.1547,12.8723,-1.0,-1.0,-1.0,-1.0,-1.0
64.382,0.3950540454545455,7.602257032015416e-13,6.70101776328464e-07,4,86.2894,-5.86396,-1.41938,81.0248,76.423,78.4409,73.7122,0.675573,3258.26,-0.117639,6400.92,8.0,2.60532,27.0359,24.9772,23.533,22.6857,22.2687,22.0483,21.8567,21.7206,21.5851,21.4502,21.316,21.1292,20.9173,20.525,19.7603,18.5506,17.0031,12.8056,-1.0,-1.0,-1.0,-1.0,-1.0
64.404,0.3958830909090909,5.701692774011562e-13,4.3556615461350157e-07,4,86.0088,-6.01644,-1.42037,80.7424,76.151,78.192,73.4767,0.679188,3258.93,-0.104443,6380.53,8.0,2.60979,26.7873,24.7344,23.2983,22.4574,22.044,21.8256,21.6358,21.501,21.3668,21.2333,21.1004,20.9155,20.7059,20.3179,19.5625,18.369,16.8458,12.7314,-1.0,-1.0,-1.0,-1.0,-1.0
64.426,0.3967186363636364,4.276269580508672e-13,2.8311800049877605e-07,4,85.726,-6.15046,-1.419,80.4567,75.8799,77.9386,73.2414,0.681467,3259.6,-0.0912154,6359.96,8.0,2.6272,26.5376,24.4898,23.0611,22.2261,21.8161,21.5996,21.4115,21.2779,21.145,21.0128,20.8812,20.6982,20.4908,20.107,19.3604,18.1827,16.683,12.6499,-1.0,-1.0,-1.0,-1.0,-1.0
64.448,0.39755684090909094,3.207202185381504e-13,1.8402670032420444e-07,4,85.4423,-6.26787,-1.41866,80.167,75.6127,77.6796,73.0089,0.682431,3260.27,-0.0779398,6339.27,8.0,2.65956,26.2861,24.2426,22.8208,21.9914,21.5846,21.37,21.1835,21.0511,20.9194,20.7884,20.6581,20.4769,20.2716,19.8919,19.1538,17.9913,16.5144,12.5611,-1.0,-1.0,-1.0,-1.0,-1.0
64.47,0.3983974090909091,2.405401639036128e-13,1.196173552107329e-07,4,85.1578,-6.36322,-1.41688,79.8737,75.348,77.4164,72.7788,0.682111,3260.93,-0.0646136,6318.52,8.0,2.70767,26.0325,23.9926,22.5772,21.7531,21.3493,21.1364,20.9515,20.8203,20.6897,20.5599,20.4308,20.2514,20.0481,19.6723,18.9425,17.7948,16.3401,12.4652,-1.0,-1.0,-1.0,-1.0,-1.0
64.492,0.39923945454545456,1.804051229277096e-13,7.775128088697639e-08,4,84.8728,-6.43657,-1.413,79.5831,75.0873,77.1523,72.5483,0.680531,3261.59,-0.0510991,6297.71,8.0,2.77233,25.7774,23.74,22.3306,21.5114,21.1105,20.8993,20.7159,20.5858,20.4564,20.3277,20.1998,20.022,19.8206,19.4486,18.7269,17.5936,16.1604,12.3626,-1.0,-1.0,-1.0,-1.0,-1.0
64.514,0.40008268181818185,1.353038421957822e-13,5.0538332576534655e-08,4,84.5874,-6.48915,-1.4067,79.294,74.8258,76.8893,72.3159,0.677611,3262.26,-0.0356749,6276.86,8.0,2.85445,25.5266,23.4852,22.0814,21.2669,20.8688,20.6591,20.4771,20.348,20.2197,20.0922,19.9654,19.7892,19.5898,19.2214,18.5075,17.3883,15.9761,12.2538,-1.0,-1.0,-1.0,-1.0,-1.0
64.536,0.4009265000000001,1.0147788164683664e-13,3.284991617474753e-08,4,84.3018,-6.52365,-1.39826,79.0089,74.5643,76.6281,72.081,0.673309,3262.93,-0.0203407,6255.99,8.0,2.95506,25.2825,23.2287,21.83,21.0201,20.6245,20.4163,20.2357,20.1076,19.9803,19.8538,19.7281,19.5535,19.3559,18.9911,18.2848,17.1793,15.7875,12.1392,-1.0,-1.0,-1.0,-1.0,-1.0
64.558,0.4017697272727273,7.610841123512748e-14,2.1352445513585892e-08,4,84.0164,-6.54599,-1.39081,78.7285,74.3031,76.3695,71.8436,0.667661,3263.59,-0.00515205,6235.12,8.0,3.07536,25.0455,22.971,21.5771,20.7714,20.3783,20.1715,19.9922,19.8651,19.7388,19.6133,19.4886,19.3155,19.1197,18.7583,18.0594,16.9671,15.5953,12.0192,-1.0,-1.0,-1.0,-1.0,-1.0
64.58,0.4026129545454546,5.70813084263456e-14,1.387908958383083e-08,4,83.731,-6.56222,-1.38442,78.456,74.0397,76.1163,71.6006,0.660702,3264.24,0.00980824,6214.24,8.0,3.21669,24.8167,22.713,21.3235,20.5219,20.1312,19.9257,19.7476,19.6214,19.496,19.3715,19.2478,19.0761,18.882,18.524,17.8321,16.7527,15.4002,11.8944,-1.0,-1.0,-1.0,-1.0,-1.0
64.602,0.4034552954545455,4.2810981319759204e-14,9.02140822949004e-09,4,83.4459,-6.56592,-1.37489,78.1854,73.777,75.863,71.3577,0.652471,3264.89,0.0245272,6193.36,8.0,3.381,24.5959,22.4548,21.0692,20.2714,19.8829,19.6788,19.5019,19.3765,19.2521,19.1284,19.0057,18.8353,18.6428,18.2879,17.6029,16.5361,15.2024,11.765,-1.0,-1.0,-1.0,-1.0,-1.0
64.624,0.4042949772727273,3.2108235989819406e-14,5.863915349168527e-09,4,83.1617,-6.55677,-1.36318,77.9168,73.5196,75.608,71.1171,0.643015,3265.53,0.0390074,6172.51,8.0,3.57072,24.383,22.1958,20.814,20.0197,19.6334,19.4305,19.2547,19.1302,19.0066,18.8839,18.762,18.593,18.402,18.0501,17.3718,16.3171,15.0018,11.6312,-1.0,-1.0,-1.0,-1.0,-1.0
64.646,0.40513140909090906,2.4081176992364555e-14,3.811544976959543e-09,4,82.8786,-6.5345,-1.34983,77.6468,73.2638,75.3522,70.8789,0.632378,3266.17,0.05324,6151.73,8.0,3.78908,24.1776,21.9361,20.5576,19.7667,19.3825,19.1808,19.0061,18.8825,18.7597,18.6378,18.5168,18.349,18.1595,17.8106,17.1386,16.0958,14.7985,11.4931,-1.0,-1.0,-1.0,-1.0,-1.0
64.668,0.405964,1.8060882744273417e-14,2.477504235023703e-09,4,82.5968,-6.49918,-1.33506,77.3777,73.0107,75.0965,70.6423,0.620601,3266.8,0.0672123,6131.02,8.0,4.04028,23.9799,21.6755,20.3,19.5125,19.1303,18.9297,18.7561,18.6332,18.5112,18.3902,18.2701,18.1035,17.9154,17.5694,16.9036,15.8724,14.5926,11.3509,-1.0,-1.0,-1.0,-1.0,-1.0
64.69,0.4067915681818182,1.3545662058205062e-14,1.6103777527654071e-09,4,82.3167,-6.4519,-1.31962,77.1107,72.7604,74.8416,70.4073,0.607734,3267.43,0.0809089,6110.41,8.0,4.33006,23.7901,21.4141,20.0415,19.2571,18.8768,18.6773,18.5048,18.3826,18.2614,18.1412,18.0219,17.8565,17.6699,17.3266,16.6668,15.6469,14.3844,11.205,-1.0,-1.0,-1.0,-1.0,-1.0
64.712,0.40761440909090907,1.0159246543653796e-14,1.0467455392975147e-09,4,82.0382,-6.39361,-1.30385,76.8467,72.5129,74.5883,70.1734,0.593819,3268.05,0.0943138,6089.92,8.0,4.6668,23.6082,21.1566,19.782,19.0006,18.6222,18.4238,18.2522,18.1308,18.0104,17.8909,17.7725,17.6082,17.423,17.0824,16.4285,15.4196,14.1739,11.0554,-1.0,-1.0,-1.0,-1.0,-1.0
64.734,0.40843134090909083,7.619434907740348e-15,6.803846005433846e-10,4,81.7617,-6.32545,-1.28807,76.5861,72.2681,74.337,69.9404,0.578901,3268.66,0.107409,6069.55,8.0,5.06334,23.4348,20.9053,19.5217,18.7431,18.3665,18.1692,17.9986,17.8779,17.7583,17.6396,17.5219,17.3588,17.1749,16.837,16.1888,15.1907,13.9615,10.9026,-1.0,-1.0,-1.0,-1.0,-1.0
64.756,0.4092417727272728,5.714576180805261e-15,4.422499903532e-10,4,81.4874,-6.24841,-1.27231,76.3316,72.0284,74.0881,69.7085,0.563025,3269.26,0.120178,6049.32,8.0,5.53971,23.2703,20.6604,19.2606,18.4849,18.1101,17.9138,17.7441,17.6241,17.5052,17.3873,17.2703,17.1084,16.9257,16.5905,15.948,14.9603,13.7474,10.7467,-1.0,-1.0,-1.0,-1.0,-1.0
64.778,0.4100457045454546,4.285932135603946e-15,2.8746249372958e-10,4,81.2153,-6.16276,-1.25629,76.0793,71.7897,73.8416,69.4777,0.54624,3269.86,0.132608,6029.25,8.0,6.1363,23.1152,20.4222,18.9991,18.2261,17.8529,17.6576,17.4889,17.3696,17.2514,17.1342,17.018,16.8571,16.6758,16.3431,15.7061,14.7287,13.5317,10.588,-1.0,-1.0,-1.0,-1.0,-1.0
64.8,0.4108428409090909,3.214449101702959e-15,1.86850620924227e-10,4,80.9455,-6.06863,-1.23986,75.8299,71.5534,73.5972,69.2485,0.528586,3270.45,0.14469,6009.33,8.0,6.9599,22.9701,20.1907,18.7371,17.9666,17.5952,17.4008,17.233,17.1144,16.9969,16.8804,16.765,16.6051,16.4251,16.0948,15.4633,14.496,13.3145,10.4267,-1.0,-1.0,-1.0,-1.0,-1.0
64.822,0.4116328863636364,2.4108368262772196e-15,1.2145290360074755e-10,4,80.6781,-5.96752,-1.22355,75.5843,71.3197,73.3556,69.0206,0.510111,3271.03,0.156412,5989.58,8.0,64.3196,22.8356,19.9662,18.4748,17.7068,17.3369,17.1436,16.9767,16.8587,16.7418,16.6261,16.5114,16.3526,16.1738,15.846,15.2199,14.2624,13.0962,10.2631,-1.0,-1.0,-1.0,-1.0,-1.0
64.844,0.4124155454545455,1.808127619707915e-15,7.894438734048591e-11,4,80.4132,-5.86041,-1.20726,75.343,71.0884,73.1171,68.7937,0.490858,3271.61,0.167761,5970.01,8.0,68.3725,22.7127,19.7491,18.2157,17.4468,17.0785,16.886,16.72,16.6027,16.4865,16.3714,16.2574,16.0997,15.9221,15.5967,14.9759,14.0282,12.8769,10.0974,-1.0,-1.0,-1.0,-1.0,-1.0
64.866,0.41319052272727275,1.3560957147809362e-15,5.131385177131584e-11,4,80.1509,-5.7482,-1.19103,75.108,70.8622,72.8814,68.568,0.470871,3272.17,0.17873,5950.61,8.0,73.3405,22.6023,19.5397,17.9631,17.1866,16.8199,16.6283,16.4631,16.3465,16.2309,16.1165,16.0032,15.8465,15.6701,15.3472,14.7315,13.7935,12.6568,9.92975,-1.0,-1.0,-1.0,-1.0,-1.0
64.888,0.41395781818181815,1.017071786085702e-15,3.33540036513553e-11,4,79.8912,-5.63127,-1.17461,74.8754,70.6367,72.6489,68.3437,0.450193,3272.73,0.18931,5931.39,8.0,79.5561,22.5055,19.3384,17.7172,16.9265,16.5612,16.3706,16.2062,16.0902,15.9753,15.8616,15.749,15.5932,15.418,15.0974,14.4869,13.5584,12.4361,9.76034,-1.0,-1.0,-1.0,-1.0,-1.0
64.91,0.41471772727272727,7.628038395642765e-16,2.1680102373380944e-11,4,79.634,-5.51073,-1.15818,74.6465,70.4132,72.4195,68.1207,0.428865,3273.28,0.199494,5912.36,8.0,87.5352,22.4236,19.1459,17.4784,16.6677,16.3028,16.113,15.9495,15.834,15.7198,15.6067,15.4948,15.34,15.166,14.8477,14.2422,13.323,12.215,9.58936,-1.0,-1.0,-1.0,-1.0,-1.0
64.932,0.4154696590909091,5.721028796732074e-16,1.4092066542697615e-11,4,79.3795,-5.38753,-1.14194,74.4213,70.192,72.193,67.8991,0.406929,3273.82,0.209277,5893.52,8.0,98.1208,22.3582,18.9626,17.2469,16.4151,16.0445,15.8557,15.6929,15.5781,15.4645,15.352,15.2408,15.087,14.9141,14.5981,13.9976,13.0877,11.9936,9.41699,-1.0,-1.0,-1.0,-1.0,-1.0
64.954,0.41621361363636367,4.2907715975490553e-16,9.15984325275345e-12,4,79.1277,-5.26244,-1.12597,74.2018,69.9757,71.9694,67.6793,0.384424,3274.36,0.218624,5874.87,8.0,112.794,22.3106,18.7891,17.023,16.1695,15.7897,15.5987,15.4367,15.3224,15.2094,15.0976,14.987,14.8342,14.6625,14.3487,13.7531,12.8523,11.772,9.24336,-1.0,-1.0,-1.0,-1.0,-1.0
64.976,0.416949,3.2180786981617912e-16,5.953898114289743e-12,4,78.8788,-5.13579,-1.11029,73.984,69.7604,71.7486,67.4614,0.361404,3274.89,0.227301,5856.42,8.0,134.414,22.2828,18.626,16.807,15.931,15.5418,15.3461,15.1813,15.0671,14.9547,14.8435,14.7336,14.5817,14.4111,14.0995,13.5088,12.617,11.5503,9.06861,-1.0,-1.0,-1.0,-1.0,-1.0
64.998,0.41767699999999996,2.413559023621343e-16,3.8700337742883334e-12,4,78.6324,-5.00815,-1.0949,73.7692,69.5469,71.5307,67.2452,0.337913,3275.41,0.235587,5838.17,8.0,169.332,22.2768,18.4741,16.5993,15.6999,15.301,15.1006,14.9319,14.815,14.701,14.5899,14.4805,14.3296,14.1601,13.8508,13.2649,12.382,11.3287,8.89287,-1.0,-1.0,-1.0,-1.0,-1.0
65.02,0.41839702272727275,1.8101692677160074e-16,2.5155219532874166e-12,4,78.3887,-4.87994,-1.07964,73.5578,69.3355,71.3158,67.0306,0.313986,3275.92,0.243481,5820.11,8.0,200.0,22.2953,18.3343,16.4004,15.4767,15.0677,14.8624,14.6896,14.5699,14.4533,14.3396,14.2287,14.078,13.9096,13.6024,13.0213,12.1472,11.1072,8.7163,-1.0,-1.0,-1.0,-1.0,-1.0
65.042,0.4191087727272727,1.3576269507870055e-16,1.6350892696368209e-12,4,78.1478,-4.75153,-1.06444,73.3515,69.1289,71.1035,66.8181,0.289661,3276.43,0.250987,5802.24,8.0,200.0,22.341,18.2075,16.2107,15.2614,14.842,14.6316,14.4546,14.3321,14.2127,14.0964,13.983,13.829,13.6596,13.3546,12.7782,11.9128,10.8859,8.539,-1.0,-1.0,-1.0,-1.0,-1.0
65.064,0.41981254545454544,1.0182202130902541e-16,1.0628080252639337e-12,4,77.9096,-4.62395,-1.04974,73.1471,68.9228,70.8944,66.6072,0.264966,3276.93,0.258104,5784.58,8.0,200.0,22.4174,18.095,16.0309,15.0547,14.6243,14.4087,14.2274,14.1019,13.9797,13.8606,13.7446,13.5871,13.4139,13.1073,12.5356,11.6789,10.6649,8.3611,-1.0,-1.0,-1.0,-1.0,-1.0
65.086,0.42050893181818183,7.636651598176906e-17,6.908252164215569e-13,4,77.6739,-4.49785,-1.0354,72.9458,68.7179,70.6886,66.3975,0.239937,3277.42,0.26483,5767.1,8.0,169.164,22.529,17.9982,15.8617,14.8571,14.4152,14.194,14.0082,13.8796,13.7545,13.6326,13.5139,13.3528,13.1757,12.8626,12.2937,11.4455,10.4444,8.18274,-1.0,-1.0,-1.0,-1.0,-1.0
65.108,0.42119793181818177,5.727488698632679e-17,4.4903639067401203e-13,4,77.4407,-4.37384,-1.02138,72.7477,68.5146,70.4858,66.1891,0.2146,3277.9,0.271164,5749.82,8.0,80.6918,22.6808,17.9187,15.7041,14.669,14.215,13.988,13.7975,13.6657,13.5375,13.4127,13.2911,13.1262,12.9451,12.6251,12.0525,11.2128,10.2243,8.00405,-1.0,-1.0,-1.0,-1.0,-1.0
65.13,0.4218795454545455,4.295616523974509e-17,2.918736539381078e-13,4,77.21,-4.2528,-1.00776,72.5549,68.3152,70.286,65.9822,0.188988,3278.38,0.277108,5732.71,8.0,57.2086,22.8788,17.8583,15.5588,14.4912,14.0244,13.7912,13.5957,13.4605,13.3291,13.2012,13.0767,12.9079,12.7226,12.3954,11.8124,10.9809,10.0049,7.82518,-1.0,-1.0,-1.0,-1.0,-1.0
65.152,0.4225537727272727,3.2217123929808816e-17,1.897178750597701e-13,4,76.9818,-4.13466,-0.994416,72.3631,68.1159,70.0888,65.777,0.163129,3278.86,0.282665,5715.79,8.0,46.2508,23.1305,17.8193,15.4269,14.3244,13.8438,13.6042,13.4033,13.2646,13.1298,12.9986,12.871,12.6981,12.5084,12.1738,11.5783,10.7497,9.78618,7.64626,-1.0,-1.0,-1.0,-1.0,-1.0
65.174,0.4232212045454546,2.416284294735661e-17,1.2331661878885057e-13,4,76.7559,-4.01985,-0.981348,72.1735,67.9177,69.8943,65.5733,0.137052,3279.32,0.287839,5699.04,8.0,39.8505,23.4448,17.804,15.3097,14.1694,13.6741,13.4274,13.2209,13.0785,12.94,12.8054,12.6745,12.4973,12.3029,11.9605,11.3521,10.5194,9.56816,7.46736,-1.0,-1.0,-1.0,-1.0,-1.0
65.196,0.4238815454545455,1.8122132210517458e-17,8.015580221275288e-14,4,76.5324,-3.90886,-0.96858,71.9881,67.7231,69.7022,65.3714,0.110781,3279.78,0.292632,5682.47,8.0,35.6168,23.8328,17.8155,15.2084,14.027,13.5158,13.2617,13.0492,12.9026,12.7603,12.622,12.4877,12.3058,12.1066,11.7559,11.134,10.29,9.35091,7.28856,-1.0,-1.0,-1.0,-1.0,-1.0
65.218,0.4245350909090909,1.3591599157888094e-17,5.210127143828937e-14,4,76.3112,-3.80165,-0.956224,71.8032,67.5286,69.5123,65.1712,0.0843445,3280.24,0.297055,5666.07,8.0,32.5821,24.3085,17.8571,15.1246,13.8983,13.3699,13.1077,12.8887,12.7378,12.5913,12.4491,12.311,12.1243,11.9199,11.5605,10.9244,10.0635,9.13446,7.10996,-1.0,-1.0,-1.0,-1.0,-1.0
65.24,0.4251824318181818,1.019369936841607e-17,3.386582643488809e-14,4,76.0921,-3.69827,-0.944155,71.6199,67.335,69.3247,64.9728,0.0577637,3280.68,0.301047,5649.83,8.0,30.2803,24.8897,17.9329,15.0601,13.7844,13.2373,12.9663,12.7402,12.5846,12.4337,12.2873,12.1452,11.9532,11.7432,11.3746,10.7235,9.84501,8.91884,6.93161,-1.0,-1.0,-1.0,-1.0,-1.0
65.262,0.42582356818181816,7.645274526312053e-18,2.201278718267726e-14,4,75.8751,-3.59907,-0.932422,71.4404,67.145,69.1391,64.776,0.0310793,3281.13,0.304518,5633.75,8.0,28.4596,25.5996,18.0479,15.017,13.6868,13.119,12.8386,12.6048,12.4441,12.2884,12.1374,11.991,11.7933,11.5773,11.1987,10.5317,9.63477,8.70409,6.75362,-1.0,-1.0,-1.0,-1.0,-1.0
65.284,0.4264582045454546,5.73395589473404e-18,1.430831166874022e-14,4,75.6603,-3.50384,-0.92103,71.2608,66.9547,68.9555,64.581,0.00431474,3281.56,0.307641,5617.83,8.0,26.9716,26.4685,18.2081,14.9978,13.6069,13.0165,12.7256,12.4834,12.3172,12.1562,12.0002,11.8491,11.6453,11.4229,11.0335,10.3495,9.43308,8.49023,6.57604,6.32306,6.37272,6.42647,6.48454,6.54719
65.306,0.4270872272727273,4.30046692105053e-18,9.300402584681144e-15,4,75.4474,-3.41272,-0.909906,71.0845,66.7676,68.7738,64.3877,-0.022507,3282.0,0.310426,5602.06,8.0,25.7234,27.5375,18.421,15.0054,13.5467,12.9312,12.6287,12.3773,12.2049,12.0381,11.8767,11.7205,11.51,11.2805,10.8796,10.1773,9.24023,8.27998,6.39893,-1.0,-1.0,-1.0,-1.0,-1.0
65.328,0.4277103409090909,3.2253501907878973e-18,6.045261680042743e-15,4,75.2365,-3.32549,-0.899153,70.908,66.5801,68.5939,64.1962,-0.049365,3282.42,0.312878,5586.43,8.0,24.654,28.8634,18.6958,15.0435,13.5082,12.8647,12.5494,12.2878,12.1087,11.9355,11.7682,11.6063,11.3885,11.1513,10.7377,10.0156,9.05656,8.0781,6.22237,-1.0,-1.0,-1.0,-1.0,-1.0
65.35,0.42832813636363637,2.419012643090923e-18,3.929420092027783e-15,4,75.0274,-3.24218,-0.888703,70.7327,66.3933,68.4158,64.006,-0.0762393,3282.85,0.315004,5570.94,8.0,23.7211,30.5271,19.0445,15.1162,13.4942,12.8193,12.4897,12.2167,12.03,11.8499,11.6759,11.5078,11.2819,11.0363,10.6088,9.86523,8.88247,7.88487,6.04643,-1.0,-1.0,-1.0,-1.0,-1.0
65.372,0.42894061363636365,1.8142594823181922e-18,2.5541230598180595e-15,4,74.8201,-3.16302,-0.878568,70.5604,66.2097,68.2393,63.8174,-0.10311,3283.26,0.316809,5555.59,8.0,22.8952,32.6475,19.4818,15.229,13.5077,12.7973,12.4516,12.1659,11.9708,11.7828,11.6015,11.4265,11.1916,10.9366,10.4939,9.72675,8.71841,7.70054,5.87115,-1.0,-1.0,-1.0,-1.0,-1.0
65.394,0.4295483636363636,1.3606946117386441e-18,1.6601799888817387e-15,4,74.6144,-3.08745,-0.868699,70.3877,66.0257,68.0642,63.6304,-0.129958,3283.67,0.318305,5540.36,8.0,22.1546,35.4069,20.0276,15.3881,13.5524,12.8017,12.4377,12.1377,11.9332,11.7363,11.5467,11.364,11.1191,10.8537,10.3941,9.60106,8.56489,7.52539,5.69661,-1.0,-1.0,-1.0,-1.0,-1.0
65.416,0.4301513863636363,1.0205209588039832e-18,1.0791169927731303e-15,4,74.4103,-3.01541,-0.85906,70.2158,65.8423,67.8906,63.4448,-0.156766,3284.08,0.319493,5525.25,8.0,21.4832,39.1006,20.7077,15.6017,13.6329,12.836,12.4513,12.1349,11.9197,11.7129,11.514,11.3225,11.0664,10.7894,10.3109,9.48913,8.4225,7.35974,5.52285,-1.0,-1.0,-1.0,-1.0,-1.0
65.438,0.43074938636363636,7.653907191029874e-19,7.014260453025347e-16,4,74.2079,-2.94701,-0.849704,70.0466,65.6622,67.7182,63.2608,-0.183515,3284.48,0.320388,5510.26,8.0,20.8689,44.2386,21.5573,15.8798,13.7548,12.9044,12.4958,12.1608,11.9334,11.7152,11.5057,11.3044,11.0356,10.7454,10.2458,9.39206,8.29189,7.20396,5.34993,-1.0,-1.0,-1.0,-1.0,-1.0
65.46,0.43134325,5.740430393272405e-19,4.559269294466477e-16,4,74.0069,-2.88175,-0.840649,69.8767,65.4816,67.547,63.0784,-0.210187,3284.88,0.320997,5495.39,8.0,20.3021,51.7861,22.6253,16.2355,13.9249,13.0121,12.5758,12.2194,11.9779,11.7467,11.5252,11.3126,11.0293,10.7243,10.2008,9.3112,8.17387,7.05847,5.17792,-1.0,-1.0,-1.0,-1.0,-1.0
65.482,0.43193120454545453,4.3053227949543037e-19,2.96352504140321e-16,4,73.8079,-2.82198,-0.834482,69.7089,65.3049,67.3768,62.8977,-0.236767,3285.28,0.321333,5480.63,8.0,19.7757,63.8135,23.9811,16.6852,14.1516,13.1653,12.6968,12.3153,12.0577,11.8114,11.5759,11.3505,11.0506,10.7286,10.1779,9.24796,8.06923,6.9237,5.00764,-1.0,-1.0,-1.0,-1.0,-1.0
65.504,0.4325017272727273,3.2289920962157275e-19,1.9262912769120864e-16,4,73.6148,-2.77842,-0.847766,69.5186,65.1453,67.1917,62.7393,-0.263255,3285.67,0.321586,5466.19,8.0,19.2922,85.4228,25.701,17.2391,14.4375,13.3649,12.8589,12.4485,12.1722,11.9087,11.6573,11.4171,11.0984,10.7571,10.1759,9.20091,7.97668,6.79864,4.84505,-1.0,-1.0,-1.0,-1.0,-1.0
65.526,0.4330518636363636,2.4217440721617957e-19,1.252089329992856e-16,4,73.4286,-2.74071,-0.887178,69.3113,64.9988,66.9871,62.6103,-0.289663,3286.05,0.321991,5452.19,8.0,18.8547,134.117,27.8839,17.9049,14.7822,13.6091,13.0599,12.6165,12.3188,12.0358,11.7663,11.5095,11.1697,10.807,10.1918,9.1674,7.89408,6.68173,4.69088,-1.0,-1.0,-1.0,-1.0,-1.0
65.548,0.43358959090909094,1.8163080541213469e-19,8.138580644953565e-17,4,73.2466,-2.67123,-0.93112,69.082,64.8702,66.7673,62.5062,-0.316001,3286.44,0.322734,5438.57,8.0,18.463,200.0,30.6797,18.694,15.1868,13.897,13.2983,12.8173,12.4955,12.1904,11.9008,11.6254,11.2621,10.8756,10.2232,9.14518,7.81964,6.57167,4.54457,-1.0,-1.0,-1.0,-1.0,-1.0
65.57,0.4341252500000001,1.3622310405910101e-19,5.290077419219818e-17,4,73.0653,-2.56177,-0.965925,68.8661,64.7399,66.5629,62.3902,-0.342249,3286.82,0.323665,5425.09,8.0,18.1037,200.0,34.4087,19.6501,15.6711,14.2432,13.5867,13.062,12.7124,12.382,12.0693,11.7728,11.3828,10.9696,10.2755,9.13828,7.75602,6.4702,4.40654,-1.0,-1.0,-1.0,-1.0,-1.0
65.592,0.43466327272727273,1.0216732804432577e-19,3.438550322492882e-17,4,72.8832,-2.4229,-0.984019,68.6881,64.5996,66.3874,62.2453,-0.367726,3287.23,0.305137,5411.61,8.0,17.7623,200.0,39.7024,20.8505,16.2707,14.6737,13.9474,13.3705,12.988,12.6276,12.2877,11.9664,11.5453,11.1009,10.3587,9.15401,7.70806,6.38032,4.27755,-1.0,-1.0,-1.0,-1.0,-1.0
65.614,0.4352021818181819,0.25,2.235057709620373e-17,4,72.7008,-2.27477,-0.98681,68.5467,64.4435,66.2387,62.0731,-0.391656,3287.65,0.285764,5398.1,8.0,17.4282,182.183,47.8697,22.412,17.0344,15.2231,14.4099,13.7685,13.3454,12.9485,12.5755,12.2243,11.7657,11.284,10.4847,9.2007,7.68095,6.3052,4.1584,-1.0,-1.0,-1.0,-1.0,-1.0
65.636,0.4352134090909091,0.4375,1.4527875112532425e-17,4,72.697,-2.18242,-0.993616,68.4672,64.363,65.58,65.58,-0.414072,3288.08,0.266421,5517.51,8.0,17.106,130.237,61.7307,24.4565,17.9969,15.9112,14.9889,14.2675,13.7946,13.353,12.9397,12.5522,12.0485,11.5223,10.6554,9.27867,7.67418,6.24414,4.04867,-1.0,-1.0,-1.0,-1.0,-1.0
65.658,0.4351735227272727,0.578125,9.443118823146077e-18,4,72.7105,-2.12538,-1.03644,68.4337,64.372,66.1993,66.1993,-0.435057,3288.5,0.247335,5571.26,8.0,16.8015,102.287,89.4702,27.1531,19.195,16.756,15.6965,14.8759,14.3417,13.8455,13.3835,12.9522,12.3947,11.8156,10.8692,9.38557,7.68534,6.19519,3.94742,-1.0,-1.0,-1.0,-1.0,-1.0
65.68,0.43489638636363637,0.68359375,6.13802723504495e-18,4,72.8043,-2.10822,-1.08955,68.4827,64.4161,66.8875,66.8875,-0.454667,3288.93,0.228204,5629.54,8.0,16.5051,84.554,174.376,30.9166,20.7443,17.8286,16.5896,15.6409,15.0285,14.4632,13.94,13.4543,12.83,12.1861,11.1434,9.53234,7.7205,6.16159,3.85511,-1.0,-1.0,-1.0,-1.0,-1.0
65.702,0.4344065227272727,0.7626953125,3.9897177027792175e-18,4,72.9701,-2.08115,-1.12461,68.5695,64.5344,67.5007,67.5007,-0.472919,3289.37,0.209284,5681.1,8.0,16.2225,72.4243,200.0,36.3502,22.7487,19.1789,17.7023,16.5874,15.8747,15.2219,14.6217,14.0681,13.3615,12.6384,11.4796,9.71814,7.77799,6.14189,3.77122,-1.0,-1.0,-1.0,-1.0,-1.0
65.724,0.43373761363636365,0.822021484375,2.5933165068064914e-18,4,73.1965,-2.03648,-1.1476,68.6879,64.7278,67.9964,67.9964,-0.489823,3289.8,0.190802,5722.68,8.0,15.9574,63.6922,200.0,44.6385,25.3623,20.875,19.0798,17.7472,16.9054,16.1409,15.4438,14.8054,13.9973,13.1776,11.8796,9.94207,7.85613,6.13472,3.69527,-1.0,-1.0,-1.0,-1.0,-1.0
65.746,0.4329289545454545,0.86651611328125,1.6856557294242194e-18,4,73.4702,-1.96133,-1.15973,68.8309,64.9819,68.3981,68.3981,-0.50539,3290.24,0.172939,5756.43,8.0,15.7117,57.1638,200.0,58.482,28.828,23.0147,20.785,19.1634,18.1535,17.2459,16.426,15.6816,14.7478,13.8105,12.3459,10.2035,7.95344,6.13894,3.62689,-1.0,-1.0,-1.0,-1.0,-1.0
65.768,0.4320157045454545,0.8998870849609375,1.0956762241257428e-18,4,73.7793,-1.85325,-1.16476,69.0049,65.2875,68.755,68.755,-0.519628,3290.68,0.155775,5786.53,8.0,15.4843,52.1216,169.986,85.7907,33.5705,25.7555,22.9166,20.9037,19.6713,18.5775,17.6002,16.7218,15.6316,14.5501,12.8855,10.5044,8.07008,6.15441,3.56602,-1.0,-1.0,-1.0,-1.0,-1.0
65.79,0.3120157045454545,0.9249153137207031,7.121895456817328e-19,4,74.114,-1.72003,-1.16689,69.2173,65.6282,69.0996,69.0996,-0.532546,3291.13,0.139246,5815.69,8.0,15.2715,48.0969,131.106,164.288,40.4272,29.3789,25.6476,23.0857,21.55,20.2074,19.0237,17.9722,16.6834,15.4223,13.5142,10.852,8.20904,6.18254,3.5129,-1.0,-1.0,-1.0,-1.0,-1.0
65.812,0.19201570454545452,0.9436864852905273,4.629232046931264e-19,4,74.4866,-1.63481,-1.19627,69.6722,66.2868,69.4314,69.4314,-0.544194,3291.58,0.123577,5843.53,8.0,15.0762,44.8593,108.04,200.0,50.8918,34.2459,29.1658,25.8187,23.8646,22.1871,20.7314,19.4562,17.9159,16.4321,14.2301,11.2413,8.36609,6.22073,3.46676,-1.0,-1.0,-1.0,-1.0,-1.0
65.834,0.07201570454545453,0.9577648639678955,3.0090008305053214e-19,4,74.9148,-1.5984,-1.24685,70.0238,67.1129,69.6992,69.6992,-0.554722,3292.03,0.109811,5865.8,8.0,14.9168,42.4039,93.786,200.0,66.8133,40.4007,33.3731,28.9685,26.4752,24.3787,22.5914,21.0499,19.2165,17.4799,14.9539,11.6206,8.51244,6.25351,3.42373,-1.0,-1.0,-1.0,-1.0,-1.0
65.856,0.0,0.9683236479759216,1.955850539828459e-19,4,75.4008,-1.61536,-1.29743,70.1155,68.0492,69.8095,69.8095,-0.564369,3292.48,0.0995752,5874.35,8.0,14.8209,40.8166,85.6065,200.0,87.8362,46.7477,37.4213,31.8641,28.8104,26.2928,24.1815,22.3857,20.2799,18.3142,15.5048,11.8844,8.59459,6.25382,3.37743,-1.0,-1.0,-1.0,-1.0,-1.0
65.878,0.0,0.9762427359819412,1.2713028508884985e-19,4,75.9189,-1.52086,-1.33581,70.0688,69.0575,69.7866,69.7866,-0.573426,3292.94,0.0942442,5872.49,8.0,14.8104,40.1477,82.134,200.0,104.773,50.5928,39.6637,33.363,29.9655,27.1978,24.9,22.9618,20.7079,18.6222,15.6712,11.9193,8.55895,6.19569,3.32175,-1.0,-1.0,-1.0,-1.0,-1.0
65.9,0.12,0.9821820519864559,8.26346853077524e-20,4,76.4352,-1.1906,-1.35908,70.2326,69.857,69.9425,69.9425,-0.582014,3293.41,0.0922639,5886.64,8.0,14.8557,40.0392,81.1931,200.0,111.718,51.5907,40.0928,33.5548,30.0565,27.2206,24.8755,22.9039,20.6188,18.5114,15.5416,11.7855,8.43998,6.09758,3.26022,-1.0,-1.0,-1.0,-1.0,-1.0
65.922,0.24,0.9866365389898419,5.371254545003906e-20,4,76.9313,-0.632324,-1.37002,70.6606,70.1564,70.3415,70.3415,-0.590047,3293.87,0.0900652,5921.02,8.0,14.8918,39.8832,80.109,200.0,121.464,52.994,40.7523,33.9046,30.2739,27.3474,24.9386,22.9213,20.592,18.4525,15.4507,11.6769,8.33671,6.0097,3.20343,-1.0,-1.0,-1.0,-1.0,-1.0
65.944,0.36,0.9899774042423815,3.491315454252539e-20,4,77.3839,-0.157033,-1.40142,71.2411,70.1858,71.0954,71.0954,-0.597319,3294.34,0.0849487,5987.54,8.0,14.8689,39.251,77.184,200.0,159.637,58.496,43.7302,35.8237,31.7287,28.4759,25.8299,23.6354,21.1255,18.8422,15.6742,11.7489,8.3269,5.97127,3.16013,-1.0,-1.0,-1.0,-1.0,-1.0
65.966,0.4200796363636364,0.9924830531817861,2.2693550452641503e-20,4,77.8192,0.124178,-1.47451,71.8319,70.0928,71.8986,71.8986,-0.603726,3294.81,0.0762312,6052.49,8.0,14.7763,38.0911,72.4493,200.0,200.0,72.9519,51.0842,40.4746,35.2488,31.2202,28.0199,25.4165,22.4934,19.8838,16.3383,12.0628,8.43733,5.99461,3.133,-1.0,-1.0,-1.0,-1.0,-1.0
65.988,0.4187879090909091,0.9943622898863396,1.475080779421698e-20,4,78.2564,0.240408,-1.51811,72.4952,70.091,72.4618,72.4618,-0.609164,3295.29,0.0643093,6099.86,8.0,14.6243,36.5537,66.7604,166.95,200.0,113.426,67.713,50.0655,42.2114,36.4898,32.1363,28.7128,24.9891,21.767,17.5367,12.6482,8.67425,6.08054,3.12216,-1.0,-1.0,-1.0,-1.0,-1.0
66.01,0.41750179545454547,0.9957717174147547,9.588025066241036e-21,4,78.6917,0.217407,-1.54502,73.2267,70.2867,73.0511,73.0511,-0.613556,3295.77,0.0500724,6149.46,8.0,14.4319,34.8456,61.0064,134.391,200.0,200.0,113.659,71.0967,56.0965,46.3257,39.4565,34.3637,29.1077,24.7805,19.3871,13.5282,9.03581,6.22486,3.12652,-1.0,-1.0,-1.0,-1.0,-1.0
66.032,0.29750179545454547,0.996828788061066,6.2322162930566735e-21,4,79.1351,0.105259,-1.55766,73.8675,70.56,73.6267,73.6267,-0.616845,3296.25,0.0342728,6197.83,8.0,14.2148,33.112,55.6661,110.507,200.0,200.0,200.0,136.692,90.0006,67.0903,53.4805,44.4641,35.9772,29.5389,22.1267,14.7548,9.52699,6.4256,3.14525,-1.0,-1.0,-1.0,-1.0,-1.0
66.054,0.17750179545454547,0.9976215910457995,4.050940590486838e-21,4,79.6055,-0.128171,-1.55961,74.6091,71.1769,74.1436,74.1436,-0.619032,3296.74,0.0179707,6240.95,8.0,13.9916,31.4859,51.0465,93.3935,187.463,200.0,200.0,200.0,200.0,127.203,85.6295,64.5406,47.9975,37.1282,26.0725,16.3639,10.1386,6.67376,3.17606,-1.0,-1.0,-1.0,-1.0,-1.0
66.076,0.05750179545454548,0.9982161932843496,2.6331113838164446e-21,4,80.133,-0.480997,-1.55645,74.9703,71.9641,74.4938,74.4938,-0.620266,3297.22,0.00337571,6269.55,8.0,13.7951,30.1562,47.5132,82.0264,146.436,200.0,200.0,200.0,200.0,200.0,188.266,109.392,68.9581,48.4851,31.1583,18.1953,10.7872,6.93034,3.21133,-1.0,-1.0,-1.0,-1.0,-1.0
66.098,0.0,0.9986621449632622,1.711522399480689e-21,4,80.7029,-0.840011,-1.55283,74.9557,72.9589,74.5948,74.5948,-0.620838,3297.72,-0.00676948,6277.18,8.0,13.6611,29.2957,45.3321,75.6307,127.111,193.027,200.0,200.0,200.0,200.0,200.0,200.0,99.3491,61.7274,36.1095,19.757,11.3022,7.128,3.2393,-1.0,-1.0,-1.0,-1.0,-1.0
66.12,0.0,0.9989966087224467,1.112489559662448e-21,4,81.2777,-0.941167,-1.55244,74.9185,74.0145,74.6603,74.6603,-0.621012,3298.21,-0.0115364,6283.33,8.0,13.5988,28.9076,44.3745,72.9576,119.691,176.384,200.0,200.0,200.0,200.0,200.0,200.0,125.4,70.8575,39.0415,20.5951,11.5654,7.22711,3.25357,-1.0,-1.0,-1.0,-1.0,-1.0
66.142,0.0,0.999247456541835,7.231182137805911e-22,4,81.8378,-0.7772,-1.55825,75.1472,74.8252,74.9792,74.9792,-0.620855,3298.71,-0.0132049,6311.16,8.0,13.5753,28.7705,44.043,72.0567,117.279,171.194,200.0,200.0,200.0,200.0,200.0,200.0,138.167,74.7736,40.2075,20.9179,11.6673,7.26668,3.26049,-1.0,-1.0,-1.0,-1.0,-1.0
66.164,0.0,0.9994355924063762,4.700268389573842e-22,4,82.3916,-0.578148,-1.57022,75.5487,75.4435,75.4597,75.4597,-0.620406,3299.21,-0.0137466,6351.88,8.0,13.5644,28.7192,43.9258,71.7516,116.489,169.534,200.0,200.0,200.0,200.0,200.0,200.0,143.032,76.2174,40.6437,21.0468,11.7131,7.28726,3.26617,-1.0,-1.0,-1.0,-1.0,-1.0
66.186,0.0,0.9995766943047821,3.0551744532229976e-22,4,82.947,-0.412332,-1.58514,76.0204,75.9907,75.9829,75.9829,-0.619734,3299.72,-0.0139011,6395.99,8.0,13.5568,28.6949,43.8777,71.6409,116.226,169.009,200.0,200.0,200.0,200.0,200.0,200.0,144.688,76.749,40.8281,21.114,11.743,7.3036,3.27247,-1.0,-1.0,-1.0,-1.0,-1.0
66.208,0.0,0.9996825207285867,1.9858633945949484e-22,4,83.5064,-0.2887,-1.60065,76.5204,76.5153,76.5217,76.5217,-0.618901,3300.23,-0.0139316,6441.36,8.0,13.5494,28.6778,43.8493,71.5882,116.124,168.833,200.0,200.0,200.0,200.0,200.0,200.0,145.287,76.9961,40.9397,21.1662,11.7705,7.32027,3.27974,-1.0,-1.0,-1.0,-1.0,-1.0
66.23,0.0,0.99976189054644,1.2908112064867166e-22,4,84.0701,-0.200579,-1.61519,77.0333,77.0348,77.0597,77.0597,-0.617955,3300.74,-0.0139273,6486.64,8.0,13.5415,28.6613,43.8245,71.5485,116.062,168.747,200.0,200.0,200.0,200.0,200.0,200.0,145.608,77.176,41.0382,21.2179,11.7994,7.33835,3.28787,-1.0,-1.0,-1.0,-1.0,-1.0
66.252,0.0,0.99982141790983,8.390272842163658e-23,4,84.6378,-0.139062,-1.62822,77.5526,77.5549,77.5997,77.5997,-0.616928,3301.25,-0.0139173,6532.09,8.0,13.5331,28.6439,43.7986,71.5084,116.002,168.669,200.0,200.0,200.0,200.0,200.0,200.0,145.906,77.3574,41.1413,21.2731,11.8306,7.35786,3.29667,-1.0,-1.0,-1.0,-1.0,-1.0
66.274,0.0,0.9998660634323725,5.453677347406378e-23,4,85.2096,-0.0965292,-1.64033,78.0759,78.0777,78.1441,78.1441,-0.615841,3301.77,-0.0139092,6577.92,8.0,13.5241,28.6253,43.7707,71.4645,115.935,168.579,200.0,200.0,200.0,200.0,200.0,200.0,146.245,77.5559,41.252,21.3319,11.8637,7.37856,3.306,-1.0,-1.0,-1.0,-1.0,-1.0
66.296,0.0,0.9998995475742793,3.544890275814146e-23,4,85.7854,-0.0671729,-1.6518,78.6027,78.6039,78.691,78.691,-0.61471,3302.3,-0.0139034,6623.95,8.0,13.5147,28.6057,43.7412,71.4175,115.862,168.478,200.0,200.0,200.0,200.0,200.0,200.0,146.622,77.7691,41.3692,21.3934,11.8982,7.40015,3.31571,9.69981,9.69302,9.6892,9.68832,9.6904
66.318,0.0,0.9999246606807095,2.304178679279195e-23,4,86.3654,-0.0468936,-1.66265,79.1331,79.1338,79.2405,79.2405,-0.613547,3302.82,-0.0138996,6670.2,8.0,13.505,28.5855,43.7104,71.368,115.785,168.368,200.0,200.0,200.0,200.0,200.0,200.0,147.029,77.9938,41.4912,21.4572,11.9339,7.42239,3.3257,-1.0,-1.0,-1.0,-1.0,-1.0
66.34,0.0,0.9999434955105322,1.4977161415314768e-23,4,86.9494,-0.0328767,-1.67362,79.6667,79.6671,79.795,79.795,-0.61236,3303.35,-0.0138972,6716.88,8.0,13.4951,28.5647,43.6787,71.3168,115.703,168.251,200.0,200.0,200.0,200.0,200.0,200.0,147.459,78.2272,41.6169,21.5227,11.9704,7.44514,3.33591,-1.0,-1.0,-1.0,-1.0,-1.0
66.362,0.0,0.9999576216328991,9.7351549199546e-24,4,87.5374,-0.023182,-1.68671,80.2035,80.2037,80.3553,80.3553,-0.611153,3303.88,-0.0138953,6764.06,8.0,13.485,28.5434,43.6463,71.2641,115.618,168.129,200.0,200.0,200.0,200.0,200.0,200.0,147.905,78.467,41.7454,21.5894,12.0076,7.46827,3.34629,-1.0,-1.0,-1.0,-1.0,-1.0
66.384,0.0,0.9999682162246744,6.3278506979704905e-24,4,88.1294,-0.0164478,-1.70007,80.7447,80.7448,80.9228,80.9228,-0.60993,3304.42,-0.0138949,6811.83,8.0,13.4748,28.5217,43.6133,71.2105,115.531,168.004,200.0,200.0,200.0,200.0,200.0,200.0,148.361,78.7115,41.876,21.6571,12.0453,7.49176,3.35682,-1.0,-1.0,-1.0,-1.0,-1.0
66.406,0.0,0.9999761621685057,4.113102953680819e-24,4,88.7254,-0.0117572,-1.71291,81.29,81.29,81.4955,81.4955,-0.608692,3304.96,-0.0138944,6860.05,8.0,13.4644,28.4998,43.5799,71.156,115.443,167.876,200.0,200.0,200.0,200.0,200.0,200.0,148.827,78.96,42.0086,21.7258,12.0835,7.51553,3.36747,-1.0,-1.0,-1.0,-1.0,-1.0
66.428,0.0,0.9999821216263793,2.6735169198925325e-24,4,89.3256,-0.00847954,-1.7253,81.839,81.839,82.0733,82.0733,-0.607441,3305.51,-0.0138939,6908.69,8.0,13.454,28.4777,43.546,71.1007,115.354,167.746,200.0,200.0,200.0,200.0,200.0,200.0,149.298,79.2122,42.1425,21.7952,12.1221,7.53953,3.37823,-1.0,-1.0,-1.0,-1.0,-1.0
66.45,0.0,0.9999865912197845,1.7377859979301463e-24,4,89.9301,-0.00617944,-1.73734,82.3918,82.3918,82.6552,82.6552,-0.60618,3306.05,-0.0138939,6957.67,8.0,13.4434,28.4554,43.5119,71.0452,115.263,167.615,200.0,200.0,200.0,200.0,200.0,200.0,149.778,79.4654,42.2779,21.8651,12.1611,7.56376,3.38909,-1.0,-1.0,-1.0,-1.0,-1.0
66.472,0.0,0.9999899434148384,1.1295608986545952e-24,4,90.5376,-0.00455509,-1.7518,82.9478,82.9478,83.2597,83.2597,-0.604908,3306.61,-0.0138934,7008.61,8.0,13.4328,28.4329,43.4775,70.9891,115.172,167.483,200.0,200.0,200.0,200.0,200.0,200.0,150.257,79.7221,42.414,21.9357,12.2003,7.58818,3.40003,-1.0,-1.0,-1.0,-1.0,-1.0
66.494,0.0,0.9999924575611288,7.342145841254869e-25,4,91.1507,-0.0034129,-1.76727,83.5077,83.5077,83.8546,83.8546,-0.603626,3307.16,-0.0138934,7058.62,8.0,13.422,28.4102,43.4429,70.9324,115.081,167.35,200.0,200.0,200.0,200.0,200.0,200.0,150.745,79.9796,42.5517,22.0068,12.2399,7.6128,3.41106,-1.0,-1.0,-1.0,-1.0,-1.0
66.516,0.0,0.9999943431708466,4.772394796815665e-25,4,91.7687,-0.00261321,-1.78208,84.0723,84.0723,84.4437,84.4437,-0.602335,3307.72,-0.013893,7108.19,8.0,13.4112,28.3874,43.4079,70.8753,114.988,167.216,200.0,200.0,200.0,200.0,200.0,200.0,151.236,80.2401,42.6902,22.0785,12.2798,7.63758,3.42217,-1.0,-1.0,-1.0,-1.0,-1.0
66.538,0.0,0.999995757378135,3.1020566179301824e-25,4,92.3913,-0.0020495,-1.79568,84.6412,84.6412,85.0326,85.0326,-0.601034,3308.28,-0.013893,7157.75,8.0,13.4004,28.3643,43.3726,70.8178,114.895,167.08,200.0,200.0,200.0,200.0,200.0,200.0,151.73,80.5026,42.8299,22.1507,12.3199,7.66257,3.43337,-1.0,-1.0,-1.0,-1.0,-1.0
66.56,0.0,0.9999968180336012,2.0163368016546186e-25,4,93.0181,-0.00164974,-1.80815,85.2142,85.2142,85.6264,85.6264,-0.599724,3308.85,-0.013893,7207.74,8.0,13.3894,28.3411,43.3371,70.7598,114.801,166.943,200.0,200.0,200.0,200.0,200.0,200.0,152.229,80.7671,42.9703,22.2235,12.3604,7.68774,3.44465,-1.0,-1.0,-1.0,-1.0,-1.0
66.582,0.0,0.9999976135252009,1.3106189210755022e-25,4,93.649,-0.00136644,-1.81976,85.791,85.791,86.2271,86.2271,-0.598404,3309.42,-0.013893,7258.33,8.0,13.3783,28.3177,43.3014,70.7015,114.706,166.805,200.0,200.0,200.0,200.0,200.0,200.0,152.731,81.0333,43.1119,22.2968,12.4012,7.71308,3.456,-1.0,-1.0,-1.0,-1.0,-1.0
66.604,0.0,0.9999982101439007,8.519022986990764e-26,4,94.284,-0.00116415,-1.831,86.3715,86.3715,86.8361,86.8361,-0.597075,3309.99,-0.013893,7309.6,8.0,13.3672,28.2942,43.2654,70.6427,114.611,166.667,200.0,200.0,200.0,200.0,200.0,200.0,153.231,81.3015,43.2546,22.3705,12.4422,7.7386,3.46744,-1.0,-1.0,-1.0,-1.0,-1.0
66.626,0.0,0.9999986576079255,5.537364941543997e-26,4,94.9233,-0.00102208,-1.8428,86.9555,86.9559,87.4528,87.4528,-0.595737,3310.57,-0.013893,7361.53,8.0,13.356,28.2705,43.2291,70.5835,114.515,166.527,200.0,200.0,200.0,200.0,200.0,200.0,153.74,81.5714,43.3982,22.4448,12.4835,7.7643,3.47895,-1.0,-1.0,-1.0,-1.0,-1.0
66.648,0.0,0.9999989932059441,3.599287212003598e-26,4,95.5679,-0.000953361,-1.88556,87.5293,87.5295,88.0837,88.0837,-0.59439,3311.15,-0.0138934,7414.69,8.0,13.3447,28.2466,43.1927,70.5239,114.418,166.387,200.0,200.0,200.0,200.0,200.0,200.0,154.257,81.8432,43.5431,22.5197,12.5251,7.79018,3.49054,-1.0,-1.0,-1.0,-1.0,-1.0
66.67,0.0,0.9999992449044581,2.339536687802339e-26,4,96.216,-0.00094452,-1.93267,88.1207,88.1207,88.7294,88.7294,-0.593034,3311.74,-0.0138944,7469.07,8.0,13.3334,28.2225,43.1557,70.4634,114.319,166.242,200.0,200.0,200.0,200.0,200.0,200.0,154.782,82.1194,43.6895,22.5951,12.567,7.81625,3.50222,-1.0,-1.0,-1.0,-1.0,-1.0
66.692,0.0,0.9999994336783435,1.5206988470715203e-26,4,96.8688,-0.00097096,-1.97526,88.7214,88.7213,89.3797,89.3797,-0.591668,3312.33,-0.0138953,7523.78,8.0,13.3219,28.1982,43.1185,70.4023,114.22,166.096,200.0,200.0,200.0,200.0,200.0,200.0,155.316,82.399,43.8373,22.6712,12.6093,7.84251,3.51398,-1.0,-1.0,-1.0,-1.0,-1.0
66.714,0.0,0.9999995752587576,9.884542505964882e-27,4,97.5269,-0.00100516,-2.00633,89.3291,89.329,90.0247,90.0247,-0.590293,3312.92,-0.0138968,7578.03,8.0,13.3104,28.1737,43.0809,70.3407,114.119,165.948,200.0,200.0,200.0,200.0,200.0,200.0,155.848,82.6805,43.9856,22.7479,12.6519,7.86895,3.52581,-1.0,-1.0,-1.0,-1.0,-1.0
66.736,0.0,0.9999996814440681,6.424952628877173e-27,4,98.1902,-0.00106038,-2.02763,89.9405,89.9404,90.6658,90.6658,-0.588908,3313.52,-0.0138982,7632.37,8.0,13.2988,28.1491,43.0432,70.279,114.018,165.801,200.0,200.0,200.0,200.0,200.0,200.0,156.389,82.9625,44.1354,22.825,12.6947,7.89559,3.53774,-1.0,-1.0,-1.0,-1.0,-1.0
66.758,0.0,0.9999997610830511,4.176219208770163e-27,4,98.8322,-0.000830392,-2.10156,90.5341,90.5342,91.7416,91.7416,-0.587514,3314.13,-0.0138963,7722.8,8.0,13.2872,28.1245,43.0058,70.2183,113.921,165.661,200.0,200.0,200.0,200.0,200.0,200.0,156.9,83.2386,44.2836,22.902,12.7376,7.92231,3.54972,-1.0,-1.0,-1.0,-1.0,-1.0
66.78,0.0,0.9999998208122883,2.7145424857006062e-27,4,99.5161,-0.000834501,-2.14788,91.1501,91.1499,92.306,92.306,-0.586112,3314.73,-0.0138963,7769.51,8.0,13.2754,28.0997,42.9677,70.156,113.82,165.513,200.0,200.0,200.0,200.0,200.0,200.0,157.438,83.5229,44.4342,22.9799,12.781,7.94925,3.5618,-1.0,-1.0,-1.0,-1.0,-1.0
66.802,0.0,0.9999998656092163,1.764452615705394e-27,4,100.207,-0.000874365,-2.17911,91.7803,91.7801,92.815,92.815,-0.584699,3315.34,-0.0138972,7812.33,8.0,13.2636,28.0746,42.9294,70.0933,113.717,165.364,200.0,200.0,200.0,200.0,200.0,200.0,157.981,83.8094,44.5866,23.0585,12.8246,7.97641,3.57396,-1.0,-1.0,-1.0,-1.0,-1.0
66.824,0.0,0.9999998992069122,1.1468942002085062e-27,4,100.9,-0.000898747,-2.19729,92.414,92.4139,93.3317,93.3317,-0.583276,3315.96,-0.0138977,7855.89,8.0,13.2517,28.0493,42.8907,70.0301,113.614,165.214,200.0,200.0,200.0,200.0,200.0,200.0,158.527,84.098,44.7397,23.1376,12.8686,8.00375,3.58621,-1.0,-1.0,-1.0,-1.0,-1.0
66.846,0.0,0.9999999244051841,7.4548123013552905e-28,4,101.595,-0.00089817,-2.20534,93.0497,93.0496,93.8868,93.8868,-0.581843,3316.58,-0.0138982,7902.8,8.0,13.2397,28.0239,42.8518,69.9665,113.511,165.064,200.0,200.0,200.0,200.0,200.0,200.0,159.077,84.3883,44.894,23.2172,12.9129,8.03128,3.59854,-1.0,-1.0,-1.0,-1.0,-1.0
66.868,0.0,0.9999999433038881,4.845627995880939e-28,4,102.29,-0.000878669,-2.20797,93.6864,93.6864,94.4963,94.4963,-0.5804,3317.2,-0.0138982,7954.31,8.0,13.2276,27.9983,42.8127,69.9024,113.407,164.912,200.0,200.0,200.0,200.0,200.0,200.0,159.626,84.6809,45.0489,23.2974,12.9574,8.05899,3.61095,-1.0,-1.0,-1.0,-1.0,-1.0
66.89,0.0,0.999999957477916,3.1496581973226103e-28,4,102.986,-0.000851515,-2.20994,94.3242,94.3242,95.158,95.158,-0.578949,3317.83,-0.0138982,8010.16,8.0,13.2154,27.9726,42.7733,69.8382,113.303,164.76,200.0,200.0,200.0,200.0,200.0,200.0,160.178,84.9739,45.2047,23.378,13.0023,8.08687,3.62345,-1.0,-1.0,-1.0,-1.0,-1.0
66.912,0.0,0.999999968108437,2.047277828259697e-28,4,103.686,-0.00084535,-2.23249,94.9541,94.9543,95.8627,95.8627,-0.577486,3318.46,-0.0138982,8069.61,8.0,13.2032,27.9467,42.7337,69.7735,113.198,164.607,200.0,200.0,200.0,200.0,200.0,200.0,160.74,85.2691,45.3622,23.4593,13.0475,8.11497,3.63604,-1.0,-1.0,-1.0,-1.0,-1.0
66.934,0.0,0.9999999760813278,1.3307305883688032e-28,4,104.388,-0.000869874,-2.26375,95.5956,95.5956,96.6022,96.6022,-0.576014,3319.09,-0.0138987,8131.96,8.0,13.1909,27.9206,42.6937,69.7082,113.092,164.452,200.0,200.0,200.0,200.0,200.0,200.0,161.305,85.5677,45.5206,23.5411,13.0929,8.14326,3.64871,-1.0,-1.0,-1.0,-1.0,-1.0
66.956,0.0,0.9999999820609959,8.649748824397222e-29,4,105.096,-0.000922912,-2.29688,96.2447,96.2446,97.3496,97.3496,-0.574532,3319.73,-0.0138996,8194.79,8.0,13.1785,27.8943,42.6534,69.6424,112.984,164.295,200.0,200.0,200.0,200.0,200.0,200.0,161.873,85.8694,45.6801,23.6236,13.1388,8.17174,3.66146,-1.0,-1.0,-1.0,-1.0,-1.0
66.978,0.0,0.999999986545747,5.622336735858194e-29,4,105.811,-0.000973672,-2.32505,96.9012,96.9011,98.076,98.076,-0.573039,3320.38,-0.0139006,8255.84,8.0,13.1659,27.8677,42.6129,69.5759,112.876,164.138,200.0,200.0,200.0,200.0,200.0,200.0,162.451,86.1721,45.8411,23.7066,13.1849,8.20043,3.67431,-1.0,-1.0,-1.0,-1.0,-1.0
67.0,0.0,0.9999999899093102,3.654518878307826e-29,4,106.522,-0.000967845,-2.36177,97.5616,97.5617,98.9271,98.9271,-0.571537,3321.03,-0.0139001,8329.13,8.0,13.1534,27.8412,42.5722,69.5094,112.769,163.981,200.0,200.0,200.0,200.0,200.0,200.0,163.022,86.4753,46.0024,23.79,13.2313,8.22928,3.68724,-1.0,-1.0,-1.0,-1.0,-1.0
67.022,0.0,0.9999999924319827,2.3754372709000872e-29,4,107.241,-0.00085935,-2.41303,98.2132,98.2132,99.8052,99.8052,-0.570024,3321.68,-0.0138996,8401.23,8.0,13.1407,27.8144,42.5313,69.4428,112.661,163.825,200.0,200.0,200.0,200.0,200.0,200.0,163.588,86.7792,46.1641,23.8739,13.278,8.25832,3.70025,-1.0,-1.0,-1.0,-1.0,-1.0
67.044,0.0,0.999999994323987,1.5440342260850567e-29,4,107.982,-0.000894417,-2.44915,98.8857,98.8855,100.444,100.444,-0.568501,3322.34,-0.0139001,8454.78,8.0,13.128,27.7874,42.4901,69.3754,112.551,163.666,200.0,200.0,200.0,200.0,200.0,200.0,164.173,87.0865,46.328,23.9585,13.325,8.28757,3.71336,-1.0,-1.0,-1.0,-1.0,-1.0
67.066,0.0,0.9999999957429903,1.003622246955287e-29,4,108.728,-0.00093656,-2.47575,99.567,99.5668,101.053,101.053,-0.566968,3323.0,-0.0139006,8505.89,8.0,13.1151,27.7602,42.4483,69.3073,112.44,163.503,200.0,200.0,200.0,200.0,200.0,200.0,164.761,87.3988,46.493,24.0438,13.3724,8.31704,3.72656,-1.0,-1.0,-1.0,-1.0,-1.0
67.088,0.0,0.9999999968072427,6.523544605209366e-30,4,109.479,-0.000961604,-2.49322,100.253,100.253,101.661,101.661,-0.565424,3323.67,-0.0139011,8557.17,8.0,13.1022,27.7328,42.4065,69.2388,112.329,163.342,200.0,200.0,200.0,200.0,200.0,200.0,165.353,87.7104,46.6591,24.1295,13.4201,8.34671,3.73985,-1.0,-1.0,-1.0,-1.0,-1.0
67.11,0.0,0.999999997605432,4.240303993386088e-30,4,110.232,-0.000964819,-2.50422,100.942,100.942,102.302,102.302,-0.563869,3324.34,-0.0139011,8611.23,8.0,13.0892,27.7052,42.3643,69.1698,112.217,163.178,200.0,200.0,200.0,200.0,200.0,200.0,165.95,88.0258,46.8266,24.216,13.4681,8.37659,3.75323,-1.0,-1.0,-1.0,-1.0,-1.0
67.132,0.0,0.999999998204074,2.7561975957009574e-30,4,110.987,-0.000952499,-2.5122,101.633,101.633,102.989,102.989,-0.562303,3325.01,-0.0139015,8669.21,8.0,13.0761,27.6775,42.3219,69.1005,112.104,163.015,200.0,200.0,200.0,200.0,200.0,200.0,166.546,88.3417,46.9946,24.3029,13.5165,8.40666,3.7667,-1.0,-1.0,-1.0,-1.0,-1.0
67.154,0.0,0.9999999986530556,1.7915284372056226e-30,4,111.744,-0.000938285,-2.52428,102.324,102.324,103.721,103.721,-0.560727,3325.7,-0.0139015,8730.97,8.0,13.0629,27.6495,42.2792,69.0308,111.991,162.851,200.0,200.0,200.0,200.0,200.0,200.0,167.145,88.6599,47.1639,24.3904,13.5652,8.43693,3.78027,-1.0,-1.0,-1.0,-1.0,-1.0
67.176,0.0,0.9999999989897916,1.1644934841836548e-30,4,112.504,-0.000933095,-2.54021,103.019,103.019,104.489,104.489,-0.55914,3326.38,-0.0139015,8795.7,8.0,13.0496,27.6214,42.2361,68.9604,111.877,162.684,200.0,200.0,200.0,200.0,200.0,200.0,167.749,88.9814,47.3343,24.4786,13.6142,8.46741,3.79393,-1.0,-1.0,-1.0,-1.0,-1.0
67.198,0.0,0.9999999992423437,7.5692076471937566e-31,4,113.269,-0.000937789,-2.5582,103.719,103.719,105.276,105.276,-0.557542,3327.07,-0.0139015,8862.05,8.0,13.0362,27.5931,42.1928,68.8897,111.763,162.517,200.0,200.0,200.0,200.0,200.0,200.0,168.362,89.304,47.5062,24.5674,13.6636,8.49811,3.80768,-1.0,-1.0,-1.0,-1.0,-1.0
67.22,0.0,0.9999999994317578,4.919984970675942e-31,4,114.039,-0.000949162,-2.57784,104.424,104.424,106.07,106.07,-0.555932,3327.77,-0.013902,8928.8,8.0,13.0227,27.5646,42.1492,68.8185,111.646,162.349,200.0,200.0,200.0,200.0,200.0,200.0,168.975,89.6288,47.679,24.6567,13.7133,8.52903,3.82153,-1.0,-1.0,-1.0,-1.0,-1.0
67.242,0.0,0.9999999995738184,3.197990230939362e-31,4,114.813,-0.000946421,-2.60232,105.133,105.133,106.901,106.901,-0.554313,3328.47,-0.013902,8998.99,8.0,13.0092,27.5359,42.1054,68.7469,111.53,162.18,200.0,200.0,200.0,200.0,200.0,200.0,169.591,89.9556,47.8529,24.7467,13.7633,8.56013,3.83547,-1.0,-1.0,-1.0,-1.0,-1.0
67.264,0.0,0.9999999996803638,2.078693650110585e-31,4,115.595,-0.000939947,-2.62938,105.845,105.845,107.712,107.712,-0.552682,3329.17,-0.013902,9066.94,8.0,12.9955,27.507,42.0612,68.6747,111.413,162.01,200.0,200.0,200.0,200.0,200.0,200.0,170.212,90.2849,48.028,24.8374,13.8137,8.59147,3.84951,-1.0,-1.0,-1.0,-1.0,-1.0
67.286,0.0,0.9999999997602729,1.3511508725718803e-31,4,116.386,-0.000948361,-2.65472,106.566,106.566,108.481,108.481,-0.55104,3329.88,-0.013902,9131.6,8.0,12.9818,27.4779,42.0166,68.6019,111.295,161.837,200.0,200.0,200.0,200.0,200.0,200.0,170.836,90.6178,48.2043,24.9285,13.8644,8.623,3.86364,-1.0,-1.0,-1.0,-1.0,-1.0
67.308,0.0,0.9999999998202047,8.782480671717222e-32,4,117.184,-0.000960504,-2.67724,107.294,107.294,109.229,109.229,-0.549387,3330.59,-0.0139025,9194.49,8.0,12.968,27.4486,41.9718,68.5288,111.177,161.665,200.0,200.0,200.0,200.0,200.0,200.0,171.471,90.9515,48.3823,25.0203,13.9154,8.65477,3.87786,9.3074,9.30089,9.29722,9.29638,9.29837
67.33,0.0,0.9999999998651535,5.708612436616194e-32,4,117.987,-0.000970768,-2.69677,108.028,108.028,109.973,109.973,-0.547722,3331.31,-0.0139025,9257.05,8.0,12.954,27.4191,41.9267,68.4551,111.057,161.491,200.0,200.0,200.0,200.0,200.0,200.0,172.104,91.2874,48.561,25.1127,13.9668,8.68673,3.89219,-1.0,-1.0,-1.0,-1.0,-1.0
67.352,0.0,0.9999999998988651,3.710598083800527e-32,4,118.795,-0.000976182,-2.71398,108.767,108.767,110.726,110.726,-0.546047,3332.03,-0.0139025,9320.54,8.0,12.94,27.3894,41.8812,68.3808,110.936,161.315,200.0,200.0,200.0,200.0,200.0,200.0,172.742,91.6272,48.7409,25.2059,14.0186,8.71891,3.90661,-1.0,-1.0,-1.0,-1.0,-1.0
67.374,0.0,0.9999999999241489,2.4118887544703425e-32,4,119.607,-0.000972613,-2.72392,109.515,109.515,111.499,111.499,-0.544359,3332.76,-0.0139025,9385.63,8.0,12.9259,27.3595,41.8355,68.3062,110.815,161.139,200.0,200.0,200.0,200.0,200.0,200.0,173.389,91.9678,48.9221,25.2996,14.0707,8.75132,3.92113,-1.0,-1.0,-1.0,-1.0,-1.0
67.396,0.0,0.9999999999431117,1.5677276904057226e-32,4,120.423,-0.000944519,-2.72479,110.265,110.265,112.279,112.279,-0.54266,3333.5,-0.0139025,9451.2,8.0,12.9117,27.3294,41.7896,68.2313,110.693,160.963,200.0,200.0,200.0,200.0,200.0,200.0,174.03,92.3091,49.1045,25.3938,14.1231,8.78395,3.93575,-1.0,-1.0,-1.0,-1.0,-1.0
67.418,0.0,0.9999999999573338,1.0190229987637197e-32,4,121.243,-0.000899298,-2.7293,111.013,111.013,113.017,113.017,-0.54095,3334.24,-0.013902,9513.15,8.0,12.8974,27.2992,41.7433,68.1556,110.571,160.784,200.0,200.0,200.0,200.0,200.0,200.0,174.676,92.6543,49.2876,25.4887,14.176,8.81679,3.95047,-1.0,-1.0,-1.0,-1.0,-1.0
67.44,0.0,0.9999999999680004,6.623649491964178e-33,4,122.062,-0.00085265,-2.7388,111.762,111.762,113.74,113.74,-0.539228,3334.98,-0.0139015,9574.0,8.0,12.8829,27.2687,41.6968,68.0799,110.448,160.607,200.0,200.0,200.0,200.0,200.0,200.0,175.326,92.9992,49.4722,25.5843,14.2291,8.84986,3.96529,-1.0,-1.0,-1.0,-1.0,-1.0
67.462,0.0,0.9999999999760003,4.3053721697767156e-33,4,122.884,-0.000845665,-2.74605,112.511,112.51,114.392,114.392,-0.537494,3335.73,-0.0139015,9628.14,8.0,12.8684,27.238,41.6498,68.0032,110.324,160.426,200.0,200.0,200.0,200.0,200.0,200.0,175.986,93.3491,49.6584,25.6804,14.2826,8.88316,3.98021,-1.0,-1.0,-1.0,-1.0,-1.0
67.484,0.0,0.9999999999820002,2.7984919103548653e-33,4,123.707,-0.000897722,-2.74516,113.266,113.266,115.004,115.004,-0.535749,3336.48,-0.0139015,9680.2,8.0,12.8538,27.2071,41.6025,67.9258,110.199,160.243,200.0,200.0,200.0,200.0,200.0,200.0,176.655,93.7024,49.846,25.7774,14.3365,8.91668,3.99522,-1.0,-1.0,-1.0,-1.0,-1.0
67.506,0.0,0.9999999999865001,1.8190197417306626e-33,4,124.521,-0.000900577,-2.74938,114.015,114.015,115.726,115.726,-0.533992,3337.24,-0.0139015,9741.22,8.0,12.8391,27.1759,41.5549,67.8481,110.073,160.06,200.0,200.0,200.0,200.0,200.0,200.0,177.323,94.0572,50.0347,25.875,14.3908,8.95043,4.01035,-1.0,-1.0,-1.0,-1.0,-1.0
67.528,0.0,0.9999999999898751,1.1823628321249307e-33,4,125.33,-0.000884782,-2.76054,114.76,114.76,116.502,116.502,-0.532224,3338.0,-0.0139015,9806.7,8.0,12.8243,27.1446,41.507,67.7699,109.946,159.875,200.0,200.0,200.0,200.0,200.0,200.0,177.991,94.4141,50.2242,25.9732,14.4454,8.98438,4.02556,-1.0,-1.0,-1.0,-1.0,-1.0
67.55,0.0,0.9999999999924063,7.68535840881205e-34,4,126.136,-0.000872818,-2.77903,115.501,115.501,117.296,117.296,-0.530444,3338.77,-0.0139015,9873.43,8.0,12.8094,27.1131,41.4588,67.6914,109.818,159.691,200.0,200.0,200.0,200.0,200.0,200.0,178.668,94.772,50.4153,26.0719,14.5003,9.01856,4.04087,-1.0,-1.0,-1.0,-1.0,-1.0
67.572,0.0,0.9999999999943048,4.995482965727833e-34,4,126.943,-0.000874022,-2.8011,116.241,116.241,118.058,118.058,-0.528652,3339.55,-0.0139015,9937.46,8.0,12.7944,27.0814,41.4103,67.6122,109.69,159.504,200.0,200.0,200.0,200.0,200.0,200.0,179.35,95.1336,50.6077,26.1714,14.5557,9.05297,4.05629,-1.0,-1.0,-1.0,-1.0,-1.0
67.594,0.0,0.9999999999957285,3.2470639277230918e-34,4,127.749,-0.000857329,-2.79675,117.001,117.001,118.785,118.785,-0.52685,3340.32,-0.0139011,9998.44,8.0,12.7793,27.0494,41.3615,67.5327,109.561,159.316,200.0,200.0,200.0,200.0,200.0,200.0,180.03,95.4958,50.8007,26.2714,14.6113,9.08758,4.0718,-1.0,-1.0,-1.0,-1.0,-1.0
67.616,0.0,0.9999999999967963,2.1105915530200098e-34,4,128.557,-0.000785146,-2.78388,117.742,117.742,119.473,119.473,-0.525036,3341.11,-0.0139001,10056.2,8.0,12.7642,27.0174,41.3125,67.4527,109.432,159.129,200.0,200.0,200.0,200.0,200.0,200.0,180.715,95.8604,50.995,26.3719,14.6673,9.12239,4.08741,-1.0,-1.0,-1.0,-1.0,-1.0
67.638,0.0,0.9999999999975973,1.3718845094630063e-34,4,129.365,-0.000682444,-2.77854,118.477,118.477,120.141,120.141,-0.52321,3341.9,-0.0138992,10112.4,8.0,12.7489,26.9851,41.2633,67.3726,109.302,158.942,200.0,200.0,200.0,200.0,200.0,200.0,181.394,96.2244,51.1898,26.473,14.7236,9.15744,4.10313,-1.0,-1.0,-1.0,-1.0,-1.0
67.66,0.0,0.9999999999981979,8.917249311509541e-35,4,130.171,-0.000584768,-2.78023,119.211,119.212,120.81,120.81,-0.521373,3342.69,-0.0138977,10168.8,8.0,12.7335,26.9527,41.2137,67.2918,109.172,158.754,200.0,200.0,200.0,200.0,200.0,200.0,182.076,96.5917,51.3856,26.5747,14.7802,9.19267,4.11892,-1.0,-1.0,-1.0,-1.0,-1.0
67.682,0.0,0.9999999999986484,5.796212052481202e-35,4,130.999,-0.000708175,-2.74538,119.958,119.958,121.138,121.138,-0.519525,3343.49,-0.0138987,10195.6,8.0,12.7181,26.9198,41.1635,67.2098,109.038,158.558,200.0,200.0,200.0,200.0,200.0,200.0,182.79,96.9681,51.5851,26.6776,14.8374,9.22821,4.13484,-1.0,-1.0,-1.0,-1.0,-1.0
67.704,0.0,0.9999999999989864,3.7675378341127815e-35,4,131.804,-0.000756593,-2.71479,120.702,120.702,121.76,121.76,-0.517665,3344.29,-0.0138987,10248.9,8.0,12.7025,26.8869,41.1131,67.1273,108.905,158.364,200.0,200.0,200.0,200.0,200.0,200.0,183.498,97.3434,51.7847,26.7808,14.8948,9.26393,4.15084,-1.0,-1.0,-1.0,-1.0,-1.0
67.726,0.0,0.9999999999992397,2.448899592173308e-35,4,132.594,-0.000728909,-2.70214,121.432,121.432,122.565,122.565,-0.515794,3345.1,-0.0138982,10317.3,8.0,12.6868,26.8538,41.0625,67.0448,108.771,158.17,200.0,200.0,200.0,200.0,200.0,200.0,184.203,97.7192,51.9851,26.8846,14.9525,9.29984,4.16693,-1.0,-1.0,-1.0,-1.0,-1.0
67.748,0.0,0.9999999999994298,1.5917847349126504e-35,4,133.378,-0.000683127,-2.71303,122.154,122.154,123.465,123.465,-0.513912,3345.91,-0.0138977,10393.0,8.0,12.6711,26.8205,41.0117,66.962,108.637,157.976,200.0,200.0,200.0,200.0,200.0,200.0,184.914,98.096,52.1867,26.9889,15.0106,9.33598,4.18313,-1.0,-1.0,-1.0,-1.0,-1.0
67.77,0.0,0.9999999999995723,1.0346600776932229e-35,4,134.163,-0.000669557,-2.73676,122.875,122.875,124.314,124.314,-0.512018,3346.73,-0.0138972,10464.1,8.0,12.6553,26.787,40.9605,66.8785,108.501,157.78,200.0,200.0,200.0,200.0,200.0,200.0,185.629,98.4767,52.3896,27.0939,15.069,9.37233,4.19943,-1.0,-1.0,-1.0,-1.0,-1.0
67.792,0.0,0.9999999999996793,6.725290505005948e-36,4,134.951,-0.000649369,-2.72712,123.626,123.625,125.075,125.075,-0.510114,3347.55,-0.0138968,10527.7,8.0,12.6393,26.7532,40.909,66.7945,108.365,157.582,200.0,200.0,200.0,200.0,200.0,200.0,186.347,98.8595,52.5936,27.1995,15.1278,9.40891,4.21581,-1.0,-1.0,-1.0,-1.0,-1.0
67.814,0.0,0.9999999999997594,4.371438828253866e-36,4,135.744,-0.000512387,-2.69116,124.355,124.356,125.741,125.741,-0.508198,3348.38,-0.0138949,10583.6,8.0,12.6233,26.7194,40.8573,66.7105,108.23,157.386,200.0,200.0,200.0,200.0,200.0,200.0,187.06,99.2412,52.7979,27.3055,15.1868,9.44564,4.23229,-1.0,-1.0,-1.0,-1.0,-1.0
67.836,0.0,0.9999999999998196,2.841435238365013e-36,4,136.537,-0.000370168,-2.66905,125.075,125.075,126.396,126.396,-0.506272,3349.21,-0.0138934,10638.7,8.0,12.6072,26.6854,40.8055,66.6262,108.095,157.191,200.0,200.0,200.0,200.0,200.0,200.0,187.769,99.6237,53.0029,27.412,15.2462,9.4826,4.24886,-1.0,-1.0,-1.0,-1.0,-1.0
67.858,0.0,0.9999999999998647,1.8469329049372584e-36,4,137.328,-0.00023923,-2.6593,125.792,125.793,127.046,127.046,-0.504334,3350.05,-0.0138915,10693.3,8.0,12.591,26.6512,40.7533,66.5414,107.957,156.994,200.0,200.0,200.0,200.0,200.0,200.0,188.484,100.008,53.2092,27.5191,15.3059,9.51976,4.26553,-1.0,-1.0,-1.0,-1.0,-1.0
67.88,0.0,0.9999999999998985,1.200506388209218e-36,4,138.155,-0.000485244,-2.58405,126.532,126.532,127.145,127.145,-0.502385,3350.89,-0.013893,10700.8,8.0,12.5747,26.6166,40.7003,66.4545,107.816,156.786,200.0,200.0,200.0,200.0,200.0,200.0,189.241,100.406,53.4197,27.6276,15.3662,9.55723,4.28231,-1.0,-1.0,-1.0,-1.0,-1.0
67.902,0.0,0.9999999999999238,7.803291523359917e-37,4,138.943,-0.000569571,-2.52129,127.262,127.262,127.764,127.764,-0.500424,3351.74,-0.013893,10754.2,8.0,12.5583,26.5819,40.6472,66.3678,107.675,156.582,200.0,200.0,200.0,200.0,200.0,200.0,189.987,100.802,53.6302,27.7365,15.4267,9.59489,4.29918,-1.0,-1.0,-1.0,-1.0,-1.0
67.924,0.0,0.9999999999999429,5.072139490183946e-37,4,139.713,-0.000529858,-2.48995,127.974,127.974,128.625,128.625,-0.498453,3352.59,-0.013892,10827.5,8.0,12.5418,26.547,40.5938,66.2808,107.535,156.377,200.0,200.0,200.0,200.0,200.0,200.0,190.731,101.198,53.8409,27.8458,15.4875,9.63272,4.31614,-1.0,-1.0,-1.0,-1.0,-1.0
67.946,0.0,0.9999999999999571,3.296890668619565e-37,4,140.475,-0.000461495,-2.49803,128.676,128.676,129.594,129.594,-0.496471,3353.44,-0.013891,10908.9,8.0,12.5252,26.512,40.5403,66.1936,107.394,156.173,200.0,200.0,200.0,200.0,200.0,200.0,191.468,101.595,54.0528,27.9557,15.5487,9.67077,4.3332,-1.0,-1.0,-1.0,-1.0,-1.0
67.968,0.0,0.9999999999999678,2.142978934602717e-37,4,141.242,-0.000443558,-2.52642,129.378,129.379,130.481,130.481,-0.494478,3354.3,-0.0138906,10983.2,8.0,12.5085,26.4767,40.4865,66.1059,107.251,155.968,200.0,200.0,200.0,200.0,200.0,200.0,192.22,101.993,54.2662,28.0661,15.6101,9.70903,4.35034,-1.0,-1.0,-1.0,-1.0,-1.0
67.99,0.0,0.9999999999999758,1.392936307491766e-37,4,142.012,-0.000367033,-2.47435,130.128,130.128,131.23,131.23,-0.492475,3355.17,-0.0138891,11045.6,8.0,12.4918,26.4413,40.4324,66.018,107.109,155.761,200.0,200.0,200.0,200.0,200.0,200.0,192.964,102.394,54.4799,28.177,15.6719,9.74746,4.36758,-1.0,-1.0,-1.0,-1.0,-1.0
68.012,0.0,0.9999999999999818,9.054085998696479e-38,4,142.791,-0.000159182,-2.42088,130.837,130.837,131.862,131.862,-0.49046,3356.04,-0.0138868,11098.6,8.0,12.4749,26.4058,40.3782,65.93,106.968,155.557,200.0,200.0,200.0,200.0,200.0,200.0,193.701,102.791,54.6939,28.2883,15.734,9.78609,4.38491,-1.0,-1.0,-1.0,-1.0,-1.0
68.034,0.0,0.9999999999999863,5.885155899152712e-38,4,143.568,2.80819e-05,-2.38772,131.539,131.539,132.494,132.494,-0.488435,3356.92,-0.0138844,11151.8,8.0,12.458,26.3701,40.3239,65.8416,106.826,155.354,200.0,200.0,200.0,200.0,200.0,200.0,194.441,103.191,54.9089,28.4,15.7963,9.82491,4.40232,-1.0,-1.0,-1.0,-1.0,-1.0
68.056,0.0,0.9999999999999898,3.8253513344492634e-38,4,144.377,-5.44084e-05,-2.31805,132.249,132.249,132.647,132.647,-0.486398,3357.8,-0.0138844,11161.7,8.0,12.441,26.334,40.2687,65.7515,106.679,155.141,200.0,200.0,200.0,200.0,200.0,200.0,195.215,103.602,55.1275,28.513,15.8592,9.86403,4.41985,-1.0,-1.0,-1.0,-1.0,-1.0
68.078,0.0,0.9999999999999923,2.4864783673920213e-38,4,145.167,-0.000337847,-2.20478,132.982,132.982,132.978,132.978,-0.48435,3358.68,-0.0138853,11192.5,8.0,12.4238,26.2977,40.2131,65.6605,106.531,154.924,200.0,200.0,200.0,200.0,200.0,200.0,196.005,104.018,55.3482,28.6271,15.9224,9.90338,4.43747,-1.0,-1.0,-1.0,-1.0,-1.0
68.1,0.0,0.9999999999999942,1.6162109388048138e-38,4,145.927,-0.000365296,-2.12417,133.685,133.685,133.752,133.752,-0.482292,3359.57,-0.0138848,11258.6,8.0,12.4066,26.2612,40.1573,65.5696,106.384,154.71,200.0,200.0,200.0,200.0,200.0,200.0,196.782,104.434,55.5687,28.7412,15.986,9.9429,4.45519,-1.0,-1.0,-1.0,-1.0,-1.0
68.122,0.0,0.9999999999999957,1.050537110223129e-38,4,146.67,-0.00028187,-2.10098,134.371,134.371,134.756,134.756,-0.480223,3360.46,-0.0138834,11343.7,8.0,12.3893,26.2247,40.1015,65.4786,106.237,154.498,200.0,200.0,200.0,200.0,200.0,200.0,197.557,104.846,55.7898,28.8557,16.0498,9.98259,4.47299,-1.0,-1.0,-1.0,-1.0,-1.0
68.144,0.0,0.9999999999999968,6.828491216450338e-39,4,147.414,-0.000221074,-2.12199,135.052,135.053,135.736,135.736,-0.478143,3361.36,-0.0138825,11425.7,8.0,12.3719,26.1879,40.0453,65.387,106.089,154.283,200.0,200.0,200.0,200.0,200.0,200.0,198.329,105.262,56.0116,28.9709,16.1139,10.0225,4.49088,-1.0,-1.0,-1.0,-1.0,-1.0
68.166,0.0,0.9999999999999976,4.43851929069272e-39,4,148.163,-0.000166672,-2.08108,135.788,135.787,136.569,136.569,-0.476053,3362.27,-0.0138815,11495.0,8.0,12.3544,26.151,39.989,65.2953,105.941,154.069,200.0,200.0,200.0,200.0,200.0,200.0,199.111,105.678,56.235,29.0865,16.1783,10.0626,4.50885,-1.0,-1.0,-1.0,-1.0,-1.0
68.188,0.0,0.9999999999999982,2.885037538950268e-39,4,148.923,7.43818e-05,-2.00176,136.485,136.485,137.22,137.22,-0.473953,3363.17,-0.0138786,11549.4,8.0,12.3369,26.1139,39.9326,65.2037,105.793,153.857,200.0,200.0,200.0,200.0,200.0,200.0,199.873,106.092,56.4575,29.2024,16.243,10.1029,4.52692,-1.0,-1.0,-1.0,-1.0,-1.0
68.21,0.0,0.9999999999999987,1.8752744003176745e-39,4,149.686,0.000337024,-1.94497,137.172,137.172,137.818,137.818,-0.471842,3364.09,-0.0138753,11599.7,8.0,12.3193,26.0768,39.876,65.1119,105.646,153.645,200.0,200.0,200.0,200.0,200.0,200.0,200.0,106.506,56.6806,29.3187,16.3078,10.1433,4.54507,-1.0,-1.0,-1.0,-1.0,-1.0
68.232,0.0,0.999999999999999,1.2189283602064884e-39,4,150.479,0.00031798,-1.8598,137.862,137.862,137.963,137.963,-0.469721,3365.0,-0.0138748,11607.2,8.0,12.3015,26.0392,39.8185,65.0183,105.494,153.425,200.0,200.0,200.0,200.0,200.0,200.0,200.0,106.932,56.9079,29.4364,16.3733,10.184,4.56332,-1.0,-1.0,-1.0,-1.0,-1.0
68.254,0.0,0.9999999999999992,7.923034341342176e-40,4,151.264,-9.65683e-05,-1.69844,138.589,138.589,138.121,138.121,-0.467589,3365.93,-0.0138763,11625.2,8.0,12.2836,26.0014,39.7605,64.9231,105.34,153.198,200.0,200.0,200.0,200.0,200.0,200.0,200.0,107.369,57.1381,29.5552,16.4393,10.225,4.58168,-1.0,-1.0,-1.0,-1.0,-1.0
68.276,0.0,0.9999999999999994,5.149972321872415e-40,4,152.007,-0.000165429,-1.57652,139.277,139.277,138.88,138.88,-0.465445,3366.85,-0.0138763,11690.1,8.0,12.2657,25.9634,39.7025,64.8285,105.186,152.976,200.0,200.0,200.0,200.0,200.0,200.0,200.0,107.799,57.3681,29.674,16.5055,10.2662,4.60012,-1.0,-1.0,-1.0,-1.0,-1.0
68.298,0.0,0.9999999999999996,3.3474820092170697e-40,4,152.731,-7.91756e-05,-1.52862,139.945,139.946,139.909,139.909,-0.463291,3367.78,-0.0138748,11777.5,8.0,12.2477,25.9253,39.6444,64.7339,105.033,152.755,200.0,200.0,200.0,200.0,200.0,200.0,200.0,108.228,57.5979,29.7932,16.5718,10.3075,4.61865,-1.0,-1.0,-1.0,-1.0,-1.0
68.32,0.0,0.9999999999999997,2.1758633059910955e-40,4,153.455,2.76324e-06,-1.54377,140.607,140.608,140.936,140.936,-0.461128,3368.72,-0.0138734,11863.4,8.0,12.2296,25.8871,39.5859,64.6388,104.879,152.531,200.0,200.0,200.0,200.0,200.0,200.0,200.0,108.661,57.8285,29.913,16.6386,10.349,4.63726,8.77721,8.77107,8.76761,8.76682,8.76871
68.342,0.0,0.9999999999999998,1.4143111488942123e-40,4,154.184,0.000101006,-1.47598,141.335,141.334,141.792,141.792,-0.458954,3369.66,-0.013872,11934.6,8.0,12.2114,25.8487,39.5274,64.5434,104.726,152.31,200.0,200.0,200.0,200.0,200.0,200.0,200.0,109.093,58.0603,30.0331,16.7055,10.3907,4.65596,-1.0,-1.0,-1.0,-1.0,-1.0
68.364,0.0,0.9999999999999998,9.193022467812379e-41,4,154.928,0.000412404,-1.3752,142.013,142.013,142.439,142.439,-0.45677,3370.6,-0.0138682,11988.5,8.0,12.1932,25.8103,39.4688,64.4483,104.573,152.09,200.0,200.0,200.0,200.0,200.0,200.0,200.0,109.521,58.2912,30.1535,16.7727,10.4325,4.67474,-1.0,-1.0,-1.0,-1.0,-1.0
68.386,0.0,0.9999999999999998,5.975464604078046e-41,4,155.674,0.000723407,-1.30347,142.682,142.682,143.021,143.021,-0.454576,3371.55,-0.0138648,12037.4,8.0,12.1749,25.7717,39.41,64.353,104.42,151.871,200.0,200.0,200.0,200.0,200.0,200.0,200.0,109.949,58.5227,30.2742,16.8401,10.4746,4.6936,-1.0,-1.0,-1.0,-1.0,-1.0
68.408,0.0,0.9999999999999998,3.88405199265073e-41,4,156.473,0.000513161,-1.1571,143.37,143.369,142.814,142.814,-0.452371,3372.51,-0.0138653,12016.6,8.0,12.1564,25.7325,39.3502,64.2552,104.261,151.64,200.0,200.0,200.0,200.0,200.0,200.0,200.0,110.395,58.7598,30.3969,16.9082,10.5169,4.71258,-1.0,-1.0,-1.0,-1.0,-1.0
68.43,0.0,0.9999999999999998,2.5246337952229747e-41,4,157.226,0.000101529,-0.952297,144.078,144.078,143.162,143.162,-0.450155,3373.47,-0.0138667,12049.8,8.0,12.1378,25.6932,39.2899,64.1565,104.1,151.405,199.912,200.0,200.0,200.0,200.0,200.0,200.0,110.847,58.999,30.5201,16.9768,10.5595,4.73166,-1.0,-1.0,-1.0,-1.0,-1.0
68.452,0.0,0.9999999999999998,1.6410119668949338e-41,4,157.946,4.81294e-05,-0.806696,144.742,144.742,143.995,143.995,-0.447928,3374.43,-0.0138662,12121.0,8.0,12.1192,25.6537,39.2296,64.0583,103.941,151.173,199.608,200.0,200.0,200.0,200.0,200.0,200.0,111.294,59.2374,30.6436,17.0455,10.6023,4.75081,-1.0,-1.0,-1.0,-1.0,-1.0
68.474,0.0,0.9999999999999998,1.066657778481707e-41,4,158.648,0.000160225,-0.759811,145.388,145.389,145.092,145.092,-0.445693,3375.4,-0.0138648,12213.7,8.0,12.1005,25.6143,39.1693,63.96,103.783,150.944,199.308,200.0,200.0,200.0,200.0,200.0,200.0,111.74,59.4758,30.7672,17.1143,10.6451,4.77004,-1.0,-1.0,-1.0,-1.0,-1.0
68.496,0.0,0.9999999999999998,6.933275560131095e-42,4,159.355,0.000239944,-0.776955,146.034,146.034,146.119,146.119,-0.443447,3376.37,-0.0138634,12299.5,8.0,12.0817,25.5745,39.1087,63.8613,103.623,150.713,199.003,200.0,200.0,200.0,200.0,200.0,200.0,112.187,59.7153,30.8915,17.1836,10.6882,4.78936,-1.0,-1.0,-1.0,-1.0,-1.0
68.518,0.0,0.9999999999999998,4.506629114085212e-42,4,160.069,0.000380912,-0.70692,146.733,146.733,146.936,146.936,-0.441191,3377.34,-0.0138615,12367.3,8.0,12.0629,25.5347,39.0479,63.7624,103.463,150.483,198.703,200.0,200.0,200.0,200.0,200.0,200.0,112.634,59.9553,31.0162,17.2531,10.7315,4.80876,-1.0,-1.0,-1.0,-1.0,-1.0
68.54,0.0,0.9999999999999998,2.929308924155388e-42,4,160.796,0.00060597,-0.656025,147.39,147.391,147.578,147.578,-0.438925,3378.32,-0.0138586,12421.0,8.0,12.0439,25.4948,38.987,63.6635,103.304,150.252,198.401,200.0,200.0,200.0,200.0,200.0,200.0,113.08,60.1953,31.1413,17.3228,10.7749,4.82825,-1.0,-1.0,-1.0,-1.0,-1.0
68.562,0.0,0.9999999999999998,1.9040508007010022e-42,4,161.528,0.000823589,-0.619175,148.047,148.048,148.134,148.134,-0.436649,3379.31,-0.0138562,12465.6,8.0,12.0249,25.4546,38.9258,63.5639,103.143,150.022,198.098,200.0,200.0,200.0,200.0,200.0,200.0,113.53,60.4369,31.2668,17.3928,10.8186,4.84783,-1.0,-1.0,-1.0,-1.0,-1.0
68.584,0.0,0.9999999999999998,1.2376330204556516e-42,4,162.307,0.000322357,-0.459164,148.742,148.741,147.928,147.928,-0.434363,3380.3,-0.0138586,12449.7,8.0,12.0058,25.4139,38.8634,63.4616,102.976,149.777,197.774,200.0,200.0,200.0,200.0,200.0,200.0,114.0,60.6847,31.3943,17.4636,10.8625,4.86751,-1.0,-1.0,-1.0,-1.0,-1.0
68.606,0.0,0.9999999999999998,8.044614632961736e-43,4,163.026,0.000138168,-0.323514,149.411,149.411,148.553,148.553,-0.432066,3381.29,-0.0138586,12503.6,8.0,11.9865,25.3732,38.8011,63.3598,102.811,149.536,197.456,200.0,200.0,200.0,200.0,200.0,200.0,114.465,60.9317,31.522,17.5346,10.9067,4.88728,-1.0,-1.0,-1.0,-1.0,-1.0
68.628,0.0,0.9999999999999998,5.2289995114251285e-43,4,163.728,0.000156307,-0.245434,150.059,150.059,149.426,149.426,-0.429759,3382.29,-0.0138581,12578.0,8.0,11.9672,25.3324,38.7388,63.2582,102.646,149.298,197.14,200.0,200.0,200.0,200.0,200.0,200.0,114.926,61.1781,31.6497,17.6057,10.9509,4.90712,-1.0,-1.0,-1.0,-1.0,-1.0
68.65,0.0,0.9999999999999998,3.3988496824263336e-43,4,164.424,0.000237997,-0.235534,150.696,150.696,150.389,150.389,-0.427443,3383.29,-0.0138572,12658.7,8.0,11.9478,25.2914,38.6761,63.1561,102.481,149.058,196.827,200.0,200.0,200.0,200.0,200.0,200.0,115.389,61.4257,31.778,17.6771,10.9954,4.92705,-1.0,-1.0,-1.0,-1.0,-1.0
68.672,0.0,0.9999999999999998,2.209252293577117e-43,4,165.126,0.000262749,-0.249611,151.345,151.344,151.242,151.242,-0.425117,3384.3,-0.0138562,12730.0,8.0,11.9284,25.2503,38.6132,63.0534,102.316,148.816,196.508,200.0,200.0,200.0,200.0,200.0,200.0,115.856,61.6741,31.9069,17.7489,11.04,4.94706,-1.0,-1.0,-1.0,-1.0,-1.0
68.694,0.0,0.9999999999999998,1.436013990825126e-43,4,165.837,0.000315013,-0.228659,152.01,152.01,151.946,151.946,-0.422781,3385.31,-0.0138553,12788.7,8.0,11.9088,25.209,38.5501,62.9505,102.149,148.575,196.19,200.0,200.0,200.0,200.0,200.0,200.0,116.323,61.9237,32.0363,17.821,11.0848,4.96716,-1.0,-1.0,-1.0,-1.0,-1.0
68.716,0.0,0.9999999999999998,9.33409094036332e-44,4,166.553,0.000388138,-0.214616,152.662,152.662,152.558,152.558,-0.420435,3386.33,-0.0138543,12840.0,8.0,11.8892,25.1675,38.4868,62.8474,101.982,148.334,195.873,200.0,200.0,200.0,200.0,200.0,200.0,116.79,62.1743,32.1661,17.8933,11.1299,4.98734,-1.0,-1.0,-1.0,-1.0,-1.0
68.738,0.0,0.9999999999999998,6.067159111236158e-44,4,167.283,0.000383494,-0.186276,153.316,153.316,152.965,152.965,-0.418079,3387.35,-0.0138539,12872.0,8.0,11.8695,25.1257,38.423,62.7433,101.813,148.089,195.548,200.0,200.0,200.0,200.0,200.0,200.0,117.263,62.4265,32.2969,17.966,11.1751,5.00762,-1.0,-1.0,-1.0,-1.0,-1.0
68.76,0.0,0.9999999999999998,3.943653422303503e-44,4,168.012,0.000151994,-0.112947,153.988,153.988,153.313,153.313,-0.415713,3388.37,-0.0138548,12903.5,8.0,11.8497,25.0838,38.3587,62.6382,101.642,147.839,195.22,200.0,200.0,200.0,200.0,200.0,200.0,117.743,62.6814,32.4284,18.0391,11.2206,5.02798,-1.0,-1.0,-1.0,-1.0,-1.0
68.782,0.0,0.9999999999999998,2.563374724497277e-44,4,168.721,9.33456e-05,-0.05328,154.642,154.642,153.957,153.957,-0.413336,3389.4,-0.0138548,12958.2,8.0,11.8298,25.0417,38.2943,62.5331,101.471,147.591,194.892,200.0,200.0,200.0,200.0,200.0,200.0,118.222,62.9364,32.5602,18.1125,11.2662,5.04843,-1.0,-1.0,-1.0,-1.0,-1.0
68.804,0.0,0.9999999999999998,1.66619357092323e-44,4,169.422,0.000115582,-0.0206132,155.287,155.288,154.709,154.709,-0.410949,3390.44,-0.0138543,13021.8,8.0,11.8098,24.9994,38.2297,62.4277,101.301,147.343,194.563,200.0,200.0,200.0,200.0,200.0,200.0,118.701,63.1918,32.6926,18.1861,11.312,5.06897,-1.0,-1.0,-1.0,-1.0,-1.0
68.826,0.0,0.9999999999999998,1.0830258211000995e-44,4,170.12,0.000152107,-0.0181549,155.928,155.928,155.489,155.489,-0.408554,3391.47,-0.0138539,13087.3,8.0,11.7898,24.957,38.1649,62.3219,101.129,147.094,194.235,200.0,200.0,200.0,200.0,200.0,200.0,119.182,63.4483,32.8254,18.26,11.358,5.08958,-1.0,-1.0,-1.0,-1.0,-1.0
68.848,0.0,0.9999999999999998,7.039667837150647e-45,4,170.821,0.000184903,0.0079344,156.591,156.591,156.197,156.197,-0.406148,3392.52,-0.0138534,13146.5,8.0,11.7696,24.9144,38.0998,62.2157,100.957,146.844,193.907,200.0,200.0,200.0,200.0,200.0,200.0,119.665,63.7059,32.9588,18.3343,11.4042,5.11029,-1.0,-1.0,-1.0,-1.0,-1.0
68.87,0.0,0.9999999999999998,4.57578409414792e-45,4,171.527,0.000282017,0.0463866,157.239,157.239,156.825,156.825,-0.403732,3393.56,-0.0138524,13199.2,8.0,11.7494,24.8717,38.0345,62.1092,100.785,146.594,193.579,200.0,200.0,200.0,200.0,200.0,200.0,120.148,63.964,33.0926,18.4088,11.4506,5.13107,-1.0,-1.0,-1.0,-1.0,-1.0
68.892,0.0,0.9999999999999998,2.9742596611961486e-45,4,172.233,0.000376325,0.0727502,157.881,157.881,157.43,157.43,-0.401306,3394.61,-0.013851,13250.1,8.0,11.7291,24.8288,37.9689,62.0023,100.612,146.343,193.248,200.0,200.0,200.0,200.0,200.0,200.0,120.633,64.2225,33.2269,18.4836,11.4971,5.15194,-1.0,-1.0,-1.0,-1.0,-1.0
68.914,0.0,0.9999999999999998,1.9332687797774966e-45,4,172.961,0.00022711,0.143667,158.535,158.535,157.693,157.693,-0.39887,3395.67,-0.0138519,13271.5,8.0,11.7087,24.7855,37.9029,61.8943,100.436,146.088,192.908,200.0,200.0,200.0,200.0,200.0,200.0,121.126,64.485,33.3622,18.5588,11.5439,5.1729,-1.0,-1.0,-1.0,-1.0,-1.0
68.936,0.0,0.9999999999999998,1.256624706855373e-45,4,173.666,0.000128621,0.217511,159.187,159.187,158.257,158.257,-0.396425,3396.73,-0.0138519,13319.8,8.0,11.6883,24.7422,37.8365,61.7859,100.261,145.831,192.571,200.0,200.0,200.0,200.0,200.0,200.0,121.621,64.7473,33.4981,18.6343,11.5909,5.19394,-1.0,-1.0,-1.0,-1.0,-1.0
68.958,0.0,0.9999999999999998,8.168060594559924e-46,4,174.36,0.000136123,0.26743,159.827,159.827,158.959,158.959,-0.393969,3397.79,-0.0138519,13379.3,8.0,11.6677,24.6987,37.7701,61.6775,100.084,145.576,192.232,200.0,200.0,200.0,200.0,200.0,200.0,122.114,65.0107,33.6342,18.7101,11.638,5.21508,-1.0,-1.0,-1.0,-1.0,-1.0
68.98,0.0,0.9999999999999998,5.309239386463951e-46,4,175.049,0.000181381,0.282319,160.459,160.46,159.741,159.741,-0.391505,3398.86,-0.0138515,13445.2,8.0,11.6471,24.6551,37.7034,61.5686,99.908,145.32,191.894,200.0,200.0,200.0,200.0,200.0,200.0,122.608,65.2745,33.7709,18.7862,11.6853,5.23628,-1.0,-1.0,-1.0,-1.0,-1.0
69.002,0.0,0.9999999999999998,3.451005601201568e-46,4,175.739,0.000206993,0.291321,161.103,161.103,160.477,160.477,-0.38903,3399.93,-0.013851,13506.8,8.0,11.6264,24.6112,37.6364,61.4594,99.7309,145.062,191.555,200.0,200.0,200.0,200.0,200.0,200.0,123.105,65.5395,33.9081,18.8625,11.7328,5.25758,-1.0,-1.0,-1.0,-1.0,-1.0
69.024,0.0,0.9999999999999998,2.2431536407810194e-46,4,176.434,0.000286525,0.330595,161.75,161.75,161.124,161.124,-0.386544,3401.01,-0.01385,13560.9,8.0,11.6056,24.5673,37.5691,61.3496,99.5536,144.804,191.217,200.0,200.0,200.0,200.0,200.0,200.0,123.603,65.8049,34.0458,18.9392,11.7805,5.27896,-1.0,-1.0,-1.0,-1.0,-1.0
69.046,0.0,0.9999999999999998,1.4580498665076627e-46,4,177.131,0.000382381,0.359269,162.385,162.385,161.726,161.726,-0.38405,3402.09,-0.0138491,13611.5,8.0,11.5847,24.5232,37.5018,61.2399,99.3756,144.547,190.877,200.0,200.0,200.0,200.0,200.0,200.0,124.1,66.0713,34.184,19.0161,11.8284,5.30042,-1.0,-1.0,-1.0,-1.0,-1.0
69.068,0.0,0.9999999999999998,9.477324132299807e-47,4,177.846,0.00031639,0.413127,163.025,163.025,162.061,162.061,-0.381546,3403.17,-0.0138496,13638.5,8.0,11.5638,24.4788,37.4338,61.1288,99.1958,144.285,190.532,200.0,200.0,200.0,200.0,200.0,200.0,124.607,66.3405,34.323,19.0934,11.8765,5.32197,-1.0,-1.0,-1.0,-1.0,-1.0
69.09,0.0,0.9999999999999998,6.160260685994875e-47,4,178.546,0.000182383,0.489169,163.673,163.673,162.556,162.556,-0.379032,3404.26,-0.0138496,13681.4,8.0,11.5427,24.4342,37.3656,61.0174,99.0147,144.021,190.183,200.0,200.0,200.0,200.0,200.0,200.0,125.115,66.6108,34.4626,19.1711,11.9248,5.34361,-1.0,-1.0,-1.0,-1.0,-1.0
69.112,0.0,0.9999999999999998,4.0041694458966688e-47,4,179.234,0.000170413,0.545761,164.307,164.307,163.221,163.221,-0.376507,3405.35,-0.0138496,13737.7,8.0,11.5216,24.3895,37.2972,60.9057,98.8335,143.757,189.835,200.0,200.0,200.0,200.0,200.0,200.0,125.624,66.881,34.6027,19.249,11.9733,5.36533,-1.0,-1.0,-1.0,-1.0,-1.0
69.134,0.0,0.9999999999999998,2.602710139832835e-47,4,179.915,0.000208852,0.570602,164.933,164.934,163.97,163.97,-0.373973,3406.45,-0.0138491,13801.0,8.0,11.5004,24.3446,37.2287,60.7938,98.6521,143.494,189.487,200.0,200.0,200.0,200.0,200.0,200.0,126.132,67.1528,34.7432,19.3272,12.0219,5.38713,-1.0,-1.0,-1.0,-1.0,-1.0
69.156,0.0,0.9999999999999998,1.6917615908913429e-47,4,180.597,0.000238232,0.577794,165.563,165.563,164.703,164.703,-0.37143,3407.55,-0.0138491,13862.4,8.0,11.4791,24.2995,37.1598,60.6815,98.4695,143.229,189.139,200.0,200.0,200.0,200.0,200.0,200.0,126.643,67.425,34.8842,19.4057,12.0707,5.40901,-1.0,-1.0,-1.0,-1.0,-1.0
69.178,0.0,0.9999999999999998,1.0996450340793728e-47,4,181.281,0.000304322,0.619181,166.205,166.206,165.354,165.354,-0.368877,3408.66,-0.0138481,13916.9,8.0,11.4577,24.2544,37.0907,60.5687,98.2872,142.964,188.788,200.0,200.0,200.0,200.0,200.0,200.0,127.155,67.6979,35.0258,19.4845,12.1198,5.43099,-1.0,-1.0,-1.0,-1.0,-1.0
69.2,0.0,0.9999999999999998,7.147692721515923e-48,4,181.969,0.000398539,0.649445,166.833,166.833,165.955,165.955,-0.366314,3409.77,-0.0138472,13967.4,8.0,11.4363,24.209,37.0214,60.4557,98.1044,142.698,188.439,200.0,200.0,200.0,200.0,200.0,200.0,127.668,67.9716,35.1677,19.5635,12.1689,5.45303,-1.0,-1.0,-1.0,-1.0,-1.0
69.222,0.0,0.9999999999999998,4.64600026898535e-48,4,182.672,0.000365836,0.699776,167.463,167.463,166.317,166.317,-0.363742,3410.88,-0.0138472,13996.6,8.0,11.4148,24.1634,36.9517,60.3419,97.9197,142.43,188.084,200.0,200.0,200.0,200.0,200.0,200.0,128.186,68.2481,35.3104,19.6429,12.2183,5.47517,-1.0,-1.0,-1.0,-1.0,-1.0
69.244,0.0,0.9999999999999998,3.019900174840478e-48,4,183.364,0.000225082,0.775027,168.103,168.103,166.799,166.799,-0.361159,3412.0,-0.0138481,14038.4,8.0,11.3931,24.1177,36.8817,60.2274,97.7337,142.159,187.726,200.0,200.0,200.0,200.0,200.0,200.0,128.708,68.5257,35.4539,19.7227,12.2679,5.49739,-1.0,-1.0,-1.0,-1.0,-1.0
69.266,0.0,0.9999999999999998,1.9629351136463105e-48,4,184.043,0.000207903,0.83194,168.729,168.729,167.448,167.448,-0.358568,3413.12,-0.0138477,14093.4,8.0,11.3715,24.0717,36.8115,60.1128,97.5477,141.888,187.369,200.0,200.0,200.0,200.0,200.0,200.0,129.23,68.8036,35.5977,19.8027,12.3177,5.51969,-1.0,-1.0,-1.0,-1.0,-1.0
69.288,0.0,0.9999999999999998,1.2759078238701018e-48,4,184.717,0.000242672,0.858734,169.348,169.348,168.176,168.176,-0.355967,3414.25,-0.0138477,14154.8,8.0,11.3497,24.0257,36.7411,59.9979,97.3609,141.618,187.012,200.0,200.0,200.0,200.0,200.0,200.0,129.752,69.0821,35.7419,19.883,12.3677,5.54208,-1.0,-1.0,-1.0,-1.0,-1.0
69.31,0.0,0.9999999999999998,8.293400855155662e-49,4,185.389,0.000274767,0.870572,169.972,169.971,168.893,168.893,-0.353356,3415.38,-0.0138472,14214.9,8.0,11.3278,23.9794,36.6703,59.8826,97.174,141.345,186.652,200.0,200.0,200.0,200.0,200.0,200.0,130.276,69.3615,35.8868,19.9636,12.4178,5.56454,-1.0,-1.0,-1.0,-1.0,-1.0
69.332,0.0,0.9999999999999998,5.390710555851181e-49,4,186.066,0.000345982,0.911308,170.603,170.603,169.532,169.532,-0.350736,3416.52,-0.0138467,14268.4,8.0,11.3059,23.933,36.5995,59.7669,96.9869,141.074,186.295,200.0,200.0,200.0,200.0,200.0,200.0,130.802,69.6419,36.0319,20.0443,12.4681,5.58708,8.11406,8.10839,8.10519,8.10447,8.10621
69.354,0.0,0.9999999999999998,3.5039618613032676e-49,4,186.744,0.000433324,0.940522,171.222,171.222,170.127,170.127,-0.348107,3417.66,-0.0138457,14318.4,8.0,11.2839,23.8865,36.5284,59.6509,96.7987,140.802,185.934,200.0,200.0,200.0,200.0,200.0,200.0,131.327,69.9228,36.1775,20.1254,12.5185,5.6097,-1.0,-1.0,-1.0,-1.0,-1.0
69.376,0.0,0.9999999999999998,2.277575209847124e-49,4,187.439,0.000372636,0.996759,171.846,171.846,170.465,170.465,-0.345468,3418.8,-0.0138457,14346.0,8.0,11.2618,23.8397,36.4568,59.534,96.6092,140.525,185.57,200.0,200.0,200.0,200.0,200.0,200.0,131.861,70.2064,36.3241,20.2069,12.5692,5.63242,-1.0,-1.0,-1.0,-1.0,-1.0
69.398,0.0,0.9999999999999998,1.4804238864006308e-49,4,188.118,0.000254425,1.0687,172.475,172.475,170.986,170.986,-0.342819,3419.95,-0.0138462,14390.8,8.0,11.2397,23.7928,36.385,59.4166,96.4185,140.247,185.203,200.0,200.0,200.0,200.0,200.0,200.0,132.397,70.4905,36.4713,20.2888,12.6201,5.65521,-1.0,-1.0,-1.0,-1.0,-1.0
69.42,0.0,0.9999999999999998,9.622755261604101e-50,4,188.788,0.00024514,1.12136,173.091,173.091,171.634,171.634,-0.34016,3421.1,-0.0138462,14445.6,8.0,11.2174,23.7457,36.3129,59.2989,96.2276,139.969,184.836,200.0,200.0,200.0,200.0,200.0,200.0,132.932,70.7757,36.6188,20.3708,12.6711,5.67809,-1.0,-1.0,-1.0,-1.0,-1.0
69.442,0.0,0.9999999999999998,6.254790920042666e-50,4,189.453,0.000279065,1.14409,173.702,173.702,172.349,172.349,-0.337493,3422.25,-0.0138462,14505.9,8.0,11.1951,23.6985,36.2407,59.1811,96.0366,139.692,184.47,200.0,200.0,200.0,200.0,200.0,200.0,133.467,71.0618,36.7667,20.4531,12.7224,5.70104,-1.0,-1.0,-1.0,-1.0,-1.0
69.464,0.0,0.9999999999999998,4.065614098027733e-50,4,190.117,0.0003109,1.16625,174.324,174.324,173.038,173.038,-0.334816,3423.41,-0.0138457,14563.6,8.0,11.1727,23.651,36.1683,59.0628,95.8444,139.413,184.101,200.0,200.0,200.0,200.0,200.0,200.0,134.005,71.3483,36.9151,20.5357,12.7737,5.72407,-1.0,-1.0,-1.0,-1.0,-1.0
69.486,0.0,0.9999999999999998,2.642649163718026e-50,4,190.785,0.000382075,1.20411,174.941,174.941,173.655,173.655,-0.33213,3424.58,-0.0138453,14615.4,8.0,11.1502,23.6035,36.0956,58.9442,95.6526,139.134,183.735,200.0,200.0,200.0,200.0,200.0,200.0,134.543,71.6358,37.064,20.6186,12.8253,5.74718,-1.0,-1.0,-1.0,-1.0,-1.0
69.508,0.0,0.9999999999999998,1.717721956416717e-50,4,191.455,0.000454865,1.23024,175.551,175.551,174.241,174.241,-0.329434,3425.75,-0.0138443,14664.6,8.0,11.1276,23.5558,36.0226,58.8251,95.4596,138.854,183.385,200.0,200.0,200.0,200.0,200.0,199.359,135.084,71.9237,37.2134,20.7018,12.877,5.77038,-1.0,-1.0,-1.0,-1.0,-1.0
69.53,0.0,0.9999999999999998,1.1165192716708662e-50,4,192.141,0.000323328,1.30028,176.172,176.172,174.549,174.549,-0.326729,3426.92,-0.0138453,14690.2,8.0,11.105,23.5078,35.9492,58.7052,95.2643,138.57,183.153,200.0,200.0,200.0,200.0,200.0,198.474,135.631,72.2151,37.3637,20.7853,12.929,5.79366,-1.0,-1.0,-1.0,-1.0,-1.0
69.552,0.0,0.9999999999999998,7.257375265860631e-51,4,192.808,0.000261382,1.36572,176.787,176.787,175.122,175.122,-0.324014,3428.09,-0.0138453,14738.9,8.0,11.0823,23.4597,35.8756,58.5849,95.0693,138.285,183.148,200.0,200.0,200.0,200.0,200.0,197.581,136.181,72.5063,37.5145,20.8692,12.9812,5.81702,-1.0,-1.0,-1.0,-1.0,-1.0
69.574,0.0,0.9999999999999998,4.71729392280941e-51,4,193.467,0.000276456,1.40946,177.394,177.394,175.777,175.777,-0.32129,3429.27,-0.0138453,14794.3,8.0,11.0595,23.4114,35.8019,58.4646,94.8737,138.002,183.737,200.0,200.0,200.0,200.0,200.0,196.681,136.727,72.7985,37.6655,20.9533,13.0335,5.84047,-1.0,-1.0,-1.0,-1.0,-1.0
69.596,0.0,0.9999999999999998,3.066241049826117e-51,4,194.123,0.000313595,1.42378,177.996,177.996,176.478,176.478,-0.318557,3430.46,-0.0138448,14853.2,8.0,11.0366,23.363,35.7278,58.3436,94.678,137.716,200.0,200.0,200.0,200.0,200.0,200.0,195.773,137.278,73.0916,37.8172,21.0376,13.0859,5.86398,-1.0,-1.0,-1.0,-1.0,-1.0
69.618,0.0,0.9999999999999998,1.993056682386976e-51,4,194.78,0.000363571,1.46066,178.614,178.614,177.127,177.127,-0.315814,3431.65,-0.0138443,14907.6,8.0,11.0136,23.3144,35.6535,58.2225,94.4816,137.431,200.0,200.0,200.0,200.0,200.0,200.0,194.858,137.828,73.3852,37.9693,21.1223,13.1386,5.88758,-1.0,-1.0,-1.0,-1.0,-1.0
69.64,0.0,0.9999999999999998,1.2954868435515344e-51,4,195.44,0.000444698,1.49337,179.218,179.218,177.722,177.722,-0.313063,3432.84,-0.0138438,14957.5,8.0,10.9906,23.2657,35.5791,58.1009,94.2845,137.145,200.0,200.0,200.0,200.0,200.0,200.0,193.936,138.381,73.6792,38.1218,21.2072,13.1914,5.91126,-1.0,-1.0,-1.0,-1.0,-1.0
69.662,0.0,0.9999999999999998,8.420664483084973e-52,4,196.111,0.000456977,1.53437,179.822,179.822,178.152,178.152,-0.310302,3434.04,-0.0138438,14992.3,8.0,10.9675,23.2168,35.5043,57.9789,94.0863,136.856,200.0,200.0,200.0,200.0,200.0,200.0,193.008,138.935,73.9753,38.275,21.2924,13.2444,5.93502,-1.0,-1.0,-1.0,-1.0,-1.0
69.684,0.0,0.9999999999999998,5.473431914005233e-52,4,196.776,0.000321784,1.60417,180.436,180.436,178.604,178.604,-0.30753,3435.24,-0.0138443,15031.7,8.0,10.9443,23.1677,35.4291,57.8559,93.8868,136.566,200.0,200.0,200.0,200.0,200.0,200.0,192.075,139.497,74.2731,38.429,21.378,13.2977,5.95886,-1.0,-1.0,-1.0,-1.0,-1.0
69.706,0.0,0.9999999999999998,3.557730744103401e-52,4,197.43,0.000297975,1.65906,181.039,181.039,179.213,179.213,-0.30475,3436.44,-0.0138443,15083.2,8.0,10.921,23.1184,35.3538,57.7329,93.6872,136.276,200.0,200.0,200.0,200.0,200.0,200.0,191.134,140.057,74.5712,38.5832,21.4638,13.351,5.98279,-1.0,-1.0,-1.0,-1.0,-1.0
69.728,0.0,0.9999999999999998,2.312524983667211e-52,4,198.08,0.000321709,1.6891,181.635,181.635,179.88,179.88,-0.301962,3437.65,-0.0138443,15139.5,8.0,10.8977,23.069,35.2783,57.6097,93.4869,135.985,200.0,200.0,200.0,200.0,200.0,200.0,190.187,140.617,74.8704,38.7378,21.5499,13.4046,6.00679,-1.0,-1.0,-1.0,-1.0,-1.0
69.75,0.0,0.9999999999999998,1.5031412393836872e-52,4,198.727,0.000352895,1.71139,182.239,182.239,180.548,180.548,-0.299163,3438.86,-0.0138438,15195.5,8.0,10.8743,23.0194,35.2024,57.4859,93.2865,135.693,200.0,200.0,200.0,200.0,200.0,200.0,189.233,141.181,75.1705,38.8932,21.6363,13.4583,6.03086,-1.0,-1.0,-1.0,-1.0,-1.0
69.772,0.0,0.9999999999999998,9.770418055993968e-53,4,199.377,0.000417226,1.74902,182.84,182.84,181.154,181.154,-0.296356,3440.08,-0.0138434,15246.4,8.0,10.8508,22.9697,35.1264,57.3619,93.0854,135.401,200.0,200.0,200.0,200.0,200.0,200.0,188.273,141.744,75.4711,39.0488,21.7229,13.5122,6.05502,-1.0,-1.0,-1.0,-1.0,-1.0
69.794,0.0,0.9999999999999998,6.350771736396079e-53,4,200.029,0.000481064,1.77486,183.435,183.435,181.729,181.729,-0.293539,3441.3,-0.0138429,15294.7,8.0,10.8272,22.9198,35.0502,57.2374,92.8838,135.108,200.0,200.0,200.0,200.0,200.0,200.0,187.306,142.309,75.7725,39.2049,21.8098,13.5663,6.07925,-1.0,-1.0,-1.0,-1.0,-1.0
69.816,0.0,0.9999999999999998,4.1280016286574516e-53,4,200.695,0.000367733,1.84112,184.038,184.038,182.065,182.065,-0.290713,3442.52,-0.0138438,15322.7,8.0,10.8035,22.8697,34.9735,57.1122,92.6797,134.812,200.0,200.0,200.0,200.0,200.0,199.347,186.335,142.88,76.0763,39.3619,21.8971,13.6206,6.10358,-1.0,-1.0,-1.0,-1.0,-1.0
69.838,0.0,0.9999999999999998,2.6832010586273438e-53,4,201.343,0.000313958,1.90089,184.637,184.637,182.632,182.632,-0.287878,3443.75,-0.0138438,15370.8,8.0,10.7798,22.8195,34.8967,56.9865,92.4762,134.514,200.0,200.0,200.0,200.0,200.0,198.218,185.358,143.454,76.3805,39.5194,21.9847,13.675,6.12798,-1.0,-1.0,-1.0,-1.0,-1.0
69.86,0.0,0.9999999999999998,1.7440806881077735e-53,4,201.986,0.000325591,1.94084,185.228,185.228,183.261,183.261,-0.285034,3444.98,-0.0138438,15424.0,8.0,10.756,22.7691,34.8196,56.8607,92.272,134.217,200.0,200.0,200.0,200.0,200.0,197.085,184.374,144.027,76.6854,39.6772,22.0724,13.7296,6.15245,-1.0,-1.0,-1.0,-1.0,-1.0
69.882,0.0,0.9999999999999998,1.1336524472700527e-53,4,202.625,0.000357463,1.95643,185.816,185.816,183.925,183.925,-0.28218,3446.22,-0.0138438,15479.8,8.0,10.7321,22.7185,34.7423,56.7346,92.0671,133.92,200.0,200.0,200.0,200.0,200.0,195.948,183.384,144.599,76.9915,39.8354,22.1605,13.7844,6.177,-1.0,-1.0,-1.0,-1.0,-1.0
69.904,0.0,0.9999999999999998,7.368740907255342e-54,4,203.266,0.000411569,1.99729,186.416,186.416,184.541,184.541,-0.279318,3447.46,-0.0138434,15531.3,8.0,10.7082,22.6678,34.6648,56.608,91.862,133.621,200.0,200.0,200.0,200.0,200.0,194.808,182.388,145.176,77.2979,39.9943,22.2489,13.8394,6.20164,-1.0,-1.0,-1.0,-1.0,-1.0
69.926,0.0,0.9999999999999998,4.7896815897159723e-54,4,203.909,0.000482108,2.026,187.004,187.004,185.117,185.117,-0.276447,3448.71,-0.0138429,15579.7,8.0,10.6841,22.617,34.5871,56.4813,91.6564,133.323,200.0,200.0,200.0,200.0,200.0,193.663,181.387,145.75,77.6051,40.1535,22.3374,13.8945,6.22634,-1.0,-1.0,-1.0,-1.0,-1.0
69.948,0.0,0.9999999999999998,3.113293033315382e-54,4,204.563,0.000428321,2.07698,187.595,187.595,185.493,185.493,-0.273566,3449.95,-0.0138434,15610.9,8.0,10.66,22.5659,34.509,56.3537,91.4491,133.022,200.0,200.0,200.0,200.0,200.0,192.516,180.381,146.332,77.9148,40.3133,22.4264,13.9498,6.25112,-1.0,-1.0,-1.0,-1.0,-1.0
69.97,0.0,0.9999999999999998,2.0236404716549986e-54,4,205.205,0.000352329,2.13745,188.189,188.189,186.02,186.02,-0.270676,3451.21,-0.0138434,15655.8,8.0,10.6358,22.5147,34.4306,56.2256,91.2415,132.719,200.0,200.0,200.0,200.0,199.417,191.365,179.369,146.917,78.2254,40.4738,22.5156,14.0053,6.276,-1.0,-1.0,-1.0,-1.0,-1.0
69.992,0.0,0.9999999999999998,1.315366306575749e-54,4,205.841,0.00034854,2.18161,188.773,188.773,186.625,186.625,-0.267778,3452.46,-0.0138434,15706.9,8.0,10.6116,22.4634,34.3521,56.0973,91.0334,132.416,200.0,200.0,200.0,200.0,198.214,190.211,178.351,147.501,78.5363,40.6347,22.6051,14.061,6.30094,-1.0,-1.0,-1.0,-1.0,-1.0
70.014,0.0,0.9999999999999998,8.549880992742368e-55,4,206.473,0.000371057,2.20223,189.354,189.354,187.268,187.268,-0.264871,3453.72,-0.0138434,15761.1,8.0,10.5872,22.4118,34.2733,55.9687,90.8247,132.113,200.0,200.0,200.0,200.0,197.007,189.053,177.328,148.086,78.8474,40.796,22.6949,14.1168,6.32595,-1.0,-1.0,-1.0,-1.0,-1.0
70.036,0.0,0.9999999999999998,5.55742264528254e-55,4,207.105,0.00041213,2.23783,189.946,189.945,187.885,187.885,-0.261954,3454.99,-0.0138434,15812.8,8.0,10.5628,22.3602,34.1944,55.8399,90.6152,131.809,200.0,200.0,200.0,200.0,195.797,187.891,176.299,148.671,79.1602,40.9577,22.7849,14.1728,6.35105,-1.0,-1.0,-1.0,-1.0,-1.0
70.058,0.0,0.9999999999999998,3.612324719433651e-55,4,207.739,0.000477402,2.26788,190.526,190.526,188.459,188.459,-0.259029,3456.25,-0.0138429,15861.0,8.0,10.5383,22.3084,34.1152,55.7106,90.4057,131.504,200.0,200.0,200.0,200.0,194.582,186.725,175.264,149.258,79.4733,41.1199,22.8751,14.229,6.37622,-1.0,-1.0,-1.0,-1.0,-1.0
70.08,0.0,0.9999999999999998,2.3480110676318732e-55,4,208.383,0.000461967,2.31018,191.108,191.108,188.872,188.872,-0.256095,3457.52,-0.0138429,15895.0,8.0,10.5138,22.2564,34.0356,55.5806,90.195,131.197,200.0,200.0,200.0,200.0,193.364,185.556,174.225,149.852,79.788,41.2829,22.9657,14.2853,6.40147,-1.0,-1.0,-1.0,-1.0,-1.0
70.102,0.0,0.9999999999999998,1.5262071939607176e-55,4,209.017,0.000374267,2.36863,191.695,191.695,189.371,189.371,-0.253152,3458.8,-0.0138434,15937.7,8.0,10.4891,22.2042,33.9558,55.4501,89.9832,130.888,200.0,200.0,200.0,200.0,192.142,184.384,173.181,150.398,80.1044,41.4464,23.0567,14.3419,6.4268,-1.0,-1.0,-1.0,-1.0,-1.0
70.124,0.0,0.9999999999999998,9.920346760744666e-56,4,209.646,0.000362795,2.4132,192.273,192.273,189.958,189.958,-0.250199,3460.08,-0.0138434,15987.3,8.0,10.4644,22.1519,33.8758,55.3195,89.7712,130.58,200.0,200.0,200.0,199.318,190.917,183.208,172.131,150.565,80.421,41.6102,23.1478,14.3986,6.45221,-1.0,-1.0,-1.0,-1.0,-1.0
70.146,0.0,0.9999999999999998,6.448225394484032e-56,4,210.27,0.000380527,2.43695,192.847,192.847,190.58,190.58,-0.247238,3461.36,-0.0138434,16039.7,8.0,10.4396,22.0994,33.7955,55.1885,89.5585,130.271,200.0,200.0,200.0,198.035,189.688,182.029,171.076,150.476,80.7387,41.7746,23.2392,14.4554,6.47769,-1.0,-1.0,-1.0,-1.0,-1.0
70.168,0.0,0.9999999999999998,4.191346506414621e-56,4,210.894,0.000415288,2.46952,193.429,193.429,191.189,191.189,-0.244269,3462.65,-0.0138434,16090.8,8.0,10.4148,22.0468,33.7152,55.0573,89.3453,129.962,200.0,200.0,200.0,196.748,188.455,180.846,170.016,150.23,81.0571,41.9392,23.3308,14.5124,6.50324,-1.0,-1.0,-1.0,-1.0,-1.0
70.19,0.0,0.9999999999999998,2.7243752291695034e-56,4,211.519,0.00047612,2.49937,194.003,194.003,191.758,191.758,-0.24129,3463.94,-0.0138429,16138.6,8.0,10.3899,21.994,33.6344,54.9255,89.1319,129.651,200.0,200.0,200.0,195.457,187.218,179.659,168.95,149.877,81.3759,42.1045,23.4228,14.5696,6.52887,-1.0,-1.0,-1.0,-1.0,-1.0
70.212,0.0,0.9999999999999998,1.7708438989601774e-56,4,212.153,0.000468281,2.53768,194.576,194.576,192.188,192.188,-0.238302,3465.23,-0.0138429,16174.0,8.0,10.3649,21.9411,33.5535,54.7933,88.9174,129.339,200.0,200.0,200.0,194.162,185.978,178.469,167.88,149.442,81.6971,42.2703,23.5151,14.627,6.55458,-1.0,-1.0,-1.0,-1.0,-1.0
70.234,0.0,0.9999999999999998,1.1510485343241155e-56,4,212.779,0.000386499,2.59254,195.155,195.155,192.679,192.679,-0.235306,3466.53,-0.0138434,16216.1,8.0,10.3398,21.888,33.4722,54.6605,88.7017,129.024,200.0,200.0,200.0,192.864,184.734,177.276,166.804,148.943,82.0185,42.4367,23.6076,14.6846,6.58037,-1.0,-1.0,-1.0,-1.0,-1.0
70.256,0.0,0.9999999999999998,7.481815473106751e-57,4,213.4,0.000375659,2.63486,195.726,195.726,193.254,193.254,-0.232301,3467.84,-0.0138438,16264.6,8.0,10.3146,21.8347,33.3908,54.5275,88.4859,128.711,200.0,200.0,200.0,191.562,183.487,176.078,165.724,148.391,82.3415,42.6035,23.7004,14.7423,6.60623,-1.0,-1.0,-1.0,-1.0,-1.0
70.278,0.0,0.9999999999999998,4.8631800575193886e-57,4,214.017,0.000393847,2.65886,196.293,196.293,193.857,193.857,-0.229286,3469.14,-0.0138438,16315.4,8.0,10.2894,21.7813,33.3091,54.3941,88.2695,128.396,200.0,200.0,199.03,190.256,182.236,174.878,164.639,147.794,82.6648,42.7708,23.7934,14.8002,6.63217,-1.0,-1.0,-1.0,-1.0,-1.0
70.3,0.0,0.9999999999999998,3.1610670373876026e-57,4,214.632,0.00042603,2.69086,196.867,196.867,194.454,194.454,-0.226263,3470.45,-0.0138434,16365.5,8.0,10.2641,21.7278,33.2272,54.2604,88.0524,128.08,200.0,200.0,197.659,188.946,180.981,173.674,163.548,147.158,82.9883,42.9385,23.8868,14.8582,6.65818,-1.0,-1.0,-1.0,-1.0,-1.0
70.322,0.0,0.9999999999999998,2.0546935743019418e-57,4,215.249,0.000479114,2.71906,197.433,197.433,195.015,195.015,-0.223232,3471.76,-0.0138434,16412.6,8.0,10.2387,21.6741,33.1451,54.1264,87.8348,127.765,200.0,200.0,196.285,187.632,179.723,172.466,162.452,146.489,83.3134,43.1066,23.9803,14.9164,6.68426,-1.0,-1.0,-1.0,-1.0,-1.0
70.344,0.0,0.9999999999999998,1.3355508232962622e-57,4,215.874,0.00046868,2.75669,197.999,197.999,195.443,195.443,-0.220193,3473.08,-0.0138434,16448.1,8.0,10.2133,21.6202,33.0627,53.9918,87.6165,127.446,200.0,200.0,194.906,186.314,178.461,171.255,161.352,145.791,83.6394,43.2754,24.0742,14.9748,6.71042,7.32987,7.32474,7.32186,7.32121,7.32278
70.366,0.0,0.9999999999999998,8.681080351425704e-58,4,216.491,0.000399802,2.8068,198.569,198.569,195.944,195.944,-0.217143,3474.4,-0.0138438,16490.8,8.0,10.1877,21.5661,32.9801,53.8568,87.3971,127.127,200.0,200.0,193.524,184.994,177.196,170.041,160.248,145.065,83.9672,43.4447,24.1683,15.0334,6.73666,-1.0,-1.0,-1.0,-1.0,-1.0
70.388,0.0,0.9999999999999998,5.642702228426708e-58,4,217.103,0.000390758,2.84519,199.132,199.132,196.51,196.51,-0.214086,3475.73,-0.0138438,16538.5,8.0,10.1622,21.512,32.8972,53.7213,87.1775,126.807,200.0,200.0,192.138,183.669,175.927,168.823,159.137,144.317,84.2952,43.6145,24.2628,15.0921,6.76298,-1.0,-1.0,-1.0,-1.0,-1.0
70.41,0.0,0.9999999999999998,3.66775644847736e-58,4,217.712,0.000405537,2.86692,199.692,199.692,197.098,197.098,-0.21102,3477.06,-0.0138438,16588.1,8.0,10.1365,21.4576,32.8141,53.5857,86.9574,126.487,200.0,199.986,190.748,182.34,174.654,167.602,158.023,143.546,84.6241,43.7847,24.3574,15.151,6.78936,-1.0,-1.0,-1.0,-1.0,-1.0
70.432,0.0,0.9999999999999998,2.384041691510284e-58,4,218.32,0.000435417,2.8997,200.258,200.258,197.679,197.679,-0.207945,3478.39,-0.0138438,16636.8,8.0,10.1108,21.4032,32.7309,53.4498,86.7366,126.167,200.0,198.525,189.354,181.007,173.377,166.377,156.903,142.754,84.9538,43.9553,24.4523,15.21,6.81581,-1.0,-1.0,-1.0,-1.0,-1.0
70.454,0.0,0.9999999999999998,1.5496270994816847e-58,4,218.929,0.000480745,2.92506,200.816,200.816,198.229,198.229,-0.204862,3479.73,-0.0138438,16683.0,8.0,10.085,21.3485,32.6473,53.3134,86.5157,125.845,200.0,197.059,187.956,179.671,172.097,165.148,155.779,141.944,85.2845,44.1262,24.5475,15.2692,6.84234,-1.0,-1.0,-1.0,-1.0,-1.0
70.476,0.0,0.9999999999999998,1.007257614663095e-58,4,219.545,0.000448429,2.96406,201.376,201.376,198.65,198.65,-0.20177,3481.07,-0.0138438,16718.1,8.0,10.0591,21.2937,32.5635,53.1764,86.2932,125.521,200.0,195.589,186.555,178.331,170.814,163.917,154.65,141.116,85.6161,44.298,24.643,15.3286,6.86896,-1.0,-1.0,-1.0,-1.0,-1.0
70.498,0.0,0.9999999999999998,6.547174495310118e-59,4,220.152,0.000400681,3.00814,201.937,201.937,199.166,199.166,-0.198669,3482.41,-0.0138443,16761.9,8.0,10.0331,21.2388,32.4794,53.0392,86.07,125.197,200.0,194.117,185.15,176.988,169.528,162.683,153.518,140.273,85.9493,44.4701,24.7387,15.3881,6.89564,-1.0,-1.0,-1.0,-1.0,-1.0
70.52,0.0,0.9999999999999998,4.255663421951577e-59,4,220.756,0.000399437,3.04089,202.492,202.492,199.721,199.721,-0.19556,3483.76,-0.0138443,16808.7,8.0,10.0071,21.1837,32.3951,52.9014,85.8468,124.871,200.0,192.639,183.741,175.641,168.237,161.444,152.38,139.414,86.2828,44.6428,24.8348,15.4479,6.9224,-1.0,-1.0,-1.0,-1.0,-1.0
70.542,0.0,0.9999999999999998,2.766181224268525e-59,4,221.356,0.000414158,3.06155,203.045,203.045,200.291,200.291,-0.192442,3485.11,-0.0138443,16856.7,8.0,9.98099,21.1284,32.3106,52.7635,85.6229,124.613,200.0,191.157,182.327,174.29,166.943,160.203,151.237,138.54,86.6172,44.8159,24.931,15.5077,6.94923,-1.0,-1.0,-1.0,-1.0,-1.0
70.564,0.0,0.9999999999999998,1.7980177957745413e-59,4,221.955,0.000446366,3.0933,203.601,203.601,200.848,200.848,-0.189316,3486.46,-0.0138443,16903.4,8.0,9.95482,21.073,32.2259,52.6251,85.3984,124.545,200.0,189.671,180.91,172.935,165.646,158.958,150.09,137.652,86.9525,44.9894,25.0275,15.5678,6.97613,-1.0,-1.0,-1.0,-1.0,-1.0
70.586,0.0,0.9999999999999998,1.168711567253452e-59,4,222.554,0.000484484,3.11516,204.15,204.15,201.381,201.381,-0.186181,3487.82,-0.0138443,16948.3,8.0,9.92858,21.0175,32.1411,52.4866,85.1733,124.836,200.0,188.181,179.489,171.577,164.345,157.709,148.938,136.751,87.2888,45.1631,25.1242,15.628,7.0031,-1.0,-1.0,-1.0,-1.0,-1.0
70.608,0.0,0.9999999999999998,7.596625187147438e-60,4,223.158,0.000432414,3.15653,204.702,204.702,201.796,201.796,-0.183038,3489.18,-0.0138448,16983.0,8.0,9.90227,20.9618,32.0558,52.3474,84.9477,126.351,200.0,186.688,178.065,170.215,163.04,156.457,147.782,135.839,87.6267,45.3377,25.2213,15.6883,7.03015,-1.0,-1.0,-1.0,-1.0,-1.0
70.63,0.0,0.9999999999999998,4.9378063716458354e-60,4,223.753,0.000405223,3.19402,205.251,205.251,202.317,202.317,-0.179887,3490.55,-0.0138448,17027.0,8.0,9.87589,20.906,31.9704,52.2077,84.7209,200.0,198.687,185.19,176.636,168.85,161.732,155.202,146.621,134.914,87.9646,45.5128,25.3187,15.7488,7.05727,-1.0,-1.0,-1.0,-1.0,-1.0
70.652,0.0,0.9999999999999998,3.209574141569793e-60,4,224.345,0.000407814,3.22069,205.795,205.795,202.861,202.861,-0.176727,3491.92,-0.0138448,17072.8,8.0,9.84944,20.85,31.8848,52.0679,84.494,200.0,197.076,183.689,175.204,167.48,160.421,153.943,145.456,133.977,88.3044,45.6882,25.4162,15.8096,7.08446,-1.0,-1.0,-1.0,-1.0,-1.0
70.674,0.0,0.9999999999999998,2.0862231920203655e-60,4,224.934,0.000421831,3.24416,206.341,206.341,203.413,203.413,-0.173558,3493.29,-0.0138453,17119.3,8.0,9.82292,20.7938,31.7989,51.9277,84.2665,200.0,195.46,182.183,173.768,166.108,159.105,152.681,144.286,133.03,88.6443,45.8641,25.5141,15.8704,7.11173,-1.0,-1.0,-1.0,-1.0,-1.0
70.696,0.0,0.9999999999999998,1.3560450748132374e-60,4,225.522,0.000455175,3.27032,206.883,206.883,203.949,203.949,-0.170381,3494.67,-0.0138448,17164.3,8.0,9.79633,20.7375,31.7128,51.7871,84.0384,200.0,193.84,180.673,172.328,164.731,157.787,151.416,143.112,132.072,88.985,46.0404,25.6121,15.9314,7.13907,-1.0,-1.0,-1.0,-1.0,-1.0
70.718,0.0,0.9999999999999998,8.814292986286044e-61,4,226.112,0.000479934,3.29411,207.422,207.421,204.429,204.429,-0.167196,3496.05,-0.0138453,17204.0,8.0,9.76967,20.6811,31.6265,51.6462,83.8097,200.0,192.216,179.16,170.884,163.351,156.465,150.147,141.933,131.104,89.3266,46.2171,25.7105,15.9926,7.16648,-1.0,-1.0,-1.0,-1.0,-1.0
70.74,0.0,0.9999999999999998,5.729290441085928e-61,4,226.701,0.000421963,3.33114,207.963,207.963,204.887,204.887,-0.164003,3497.43,-0.0138453,17243.2,8.0,9.74294,20.6245,31.5399,51.5047,83.5799,200.0,190.588,177.642,169.436,161.967,155.14,148.876,140.75,130.127,89.6699,46.3945,25.8091,16.0539,7.19396,-1.0,-1.0,-1.0,-1.0,-1.0
70.762,0.0,0.9999999999999998,3.724038786705853e-61,4,227.283,0.000408375,3.36103,208.5,208.5,205.407,205.407,-0.160802,3498.82,-0.0138457,17287.0,8.0,9.71614,20.5677,31.4532,51.3631,83.3496,200.0,188.956,176.121,167.986,160.58,153.811,147.601,139.563,129.14,90.0133,46.5722,25.9079,16.1154,7.22151,-1.0,-1.0,-1.0,-1.0,-1.0
70.784,0.0,0.9999999999999998,2.4206252113588046e-61,4,227.864,0.000413254,3.38115,209.033,209.033,205.939,205.939,-0.157592,3500.21,-0.0138457,17331.8,8.0,9.68927,20.5109,31.3661,51.2209,83.1191,200.0,187.32,174.595,166.53,159.189,152.479,146.322,138.371,128.144,90.3576,46.7505,26.0071,16.177,7.24914,-1.0,-1.0,-1.0,-1.0,-1.0
70.806,0.0,0.9999999999999998,1.573406387383223e-61,4,228.441,0.000426437,3.40674,209.569,209.569,206.47,206.47,-0.154373,3501.6,-0.0138457,17376.5,8.0,9.66232,20.4538,31.2789,51.0784,82.888,200.0,185.679,173.066,165.072,157.795,151.144,145.041,137.175,127.138,90.7028,46.9292,26.1065,16.2388,7.27683,-1.0,-1.0,-1.0,-1.0,-1.0
70.828,0.0,0.9999999999999998,1.022714151799095e-61,4,229.018,0.000454494,3.42712,210.1,210.1,206.989,206.989,-0.151147,3503.0,-0.0138457,17420.1,8.0,9.63532,20.3967,31.1915,50.9357,82.6563,200.0,184.034,171.533,163.609,156.397,149.805,143.756,135.975,126.124,91.0489,47.1082,26.2061,16.3008,7.30459,-1.0,-1.0,-1.0,-1.0,-1.0
70.85,0.0,0.9999999999999998,6.647641986694118e-62,4,229.598,0.000438098,3.45434,210.63,210.63,207.431,207.431,-0.147912,3504.4,-0.0138462,17457.1,8.0,9.60825,20.3393,31.1039,50.7926,82.4236,198.996,182.386,169.996,162.144,154.996,148.462,142.468,134.771,125.102,91.3966,47.2877,26.3059,16.3629,7.33243,-1.0,-1.0,-1.0,-1.0,-1.0
70.872,0.0,0.9999999999999998,4.320967291351177e-62,4,230.173,0.000413566,3.48394,211.159,211.159,207.923,207.923,-0.14467,3505.81,-0.0138462,17498.7,8.0,9.58111,20.2819,31.0159,50.6489,82.1908,197.193,180.732,168.456,160.674,153.591,147.117,141.176,133.562,124.071,91.7451,47.4678,26.4061,16.4252,7.36033,-1.0,-1.0,-1.0,-1.0,-1.0
70.894,0.0,0.9999999999999998,2.808628739378265e-62,4,230.744,0.000413495,3.50654,211.685,211.685,208.437,208.437,-0.141419,3507.21,-0.0138467,17541.9,8.0,9.55389,20.2243,30.9279,50.5051,81.9569,195.384,179.075,166.911,159.201,152.183,145.768,139.882,132.349,123.033,92.0939,47.6483,26.5065,16.4876,7.38831,-1.0,-1.0,-1.0,-1.0,-1.0
70.916,0.0,0.9999999999999998,1.8256086805958723e-62,4,231.313,0.00042132,3.52501,212.209,212.209,208.954,208.954,-0.13816,3508.63,-0.0138467,17585.5,8.0,9.52661,20.1665,30.8395,50.3607,81.7229,193.572,177.414,165.362,157.723,150.771,144.415,138.584,131.132,121.987,92.4435,47.8293,26.6071,16.5502,7.41636,-1.0,-1.0,-1.0,-1.0,-1.0
70.938,0.0,0.9999999999999998,1.186645642387317e-62,4,231.879,0.000434514,3.54677,212.733,212.733,209.466,209.466,-0.134894,3510.04,-0.0138467,17628.5,8.0,9.49927,20.1086,30.751,50.2162,81.4883,191.755,175.748,163.81,156.243,149.355,143.06,137.283,129.911,120.933,92.7938,48.0106,26.708,16.613,7.44446,-1.0,-1.0,-1.0,-1.0,-1.0
70.96,0.0,0.9999999999999998,7.713196675517561e-63,4,232.446,0.000452486,3.56424,213.252,213.252,209.954,209.954,-0.131618,3511.46,-0.0138472,17669.0,8.0,9.47186,20.0506,30.6622,50.0713,81.2532,189.933,174.079,162.254,154.759,147.937,141.701,135.979,128.686,119.871,93.1459,48.1924,26.8091,16.6759,7.47265,-1.0,-1.0,-1.0,-1.0,-1.0
70.982,0.0,0.9999999999999998,5.013577839086414e-63,4,233.013,0.000416322,3.59094,213.774,213.773,210.405,210.405,-0.128336,3512.88,-0.0138472,17707.5,8.0,9.44438,19.9924,30.5732,49.9258,81.017,188.107,172.405,160.694,153.271,146.514,140.338,134.672,127.456,118.803,93.4981,48.3748,26.9105,16.7389,7.5009,-1.0,-1.0,-1.0,-1.0,-1.0
71.004,0.0,0.9999999999999998,3.2588255954061694e-63,4,233.575,0.000409835,3.61315,214.291,214.291,210.901,210.901,-0.125045,3514.31,-0.0138477,17749.2,8.0,9.41683,19.9341,30.484,49.7802,80.7807,186.277,170.727,159.13,151.78,145.089,138.973,133.361,126.223,117.727,93.8519,48.5574,27.0121,16.8021,7.52922,-1.0,-1.0,-1.0,-1.0,-1.0
71.026,0.0,0.9999999999999998,2.11823663701401e-63,4,234.135,0.000415004,3.62926,214.806,214.806,211.404,211.404,-0.121746,3515.74,-0.0138477,17791.6,8.0,9.38922,19.8756,30.3947,49.6343,80.5434,184.442,169.046,157.563,150.285,143.66,137.604,132.048,124.985,116.644,94.117,48.7407,27.1139,16.8655,7.55761,-1.0,-1.0,-1.0,-1.0,-1.0
71.048,0.0,0.9999999999999998,1.3768538140591068e-63,4,234.693,0.000422601,3.64787,215.321,215.321,211.905,211.905,-0.118439,3517.17,-0.0138477,17833.7,8.0,9.36153,19.817,30.305,49.4878,80.3059,182.603,167.36,155.992,148.786,142.227,136.232,130.731,123.743,115.554,94.1463,48.9242,27.2161,16.929,7.58607,-1.0,-1.0,-1.0,-1.0,-1.0
71.07,0.0,0.9999999999999998,8.949549791384194e-64,4,235.249,0.000434519,3.66277,215.833,215.833,212.4,212.4,-0.115124,3518.6,-0.0138481,17875.3,8.0,9.33379,19.7583,30.2152,49.3411,80.0679,180.759,165.671,154.417,147.284,140.791,134.856,129.411,122.497,114.458,94.0113,49.1082,27.3185,16.9927,7.61459,-1.0,-1.0,-1.0,-1.0,-1.0
71.092,0.0,0.9999999999999998,5.817207364399726e-64,4,235.806,0.000422122,3.68192,216.344,216.344,212.851,212.851,-0.111801,3520.04,-0.0138481,17913.2,8.0,9.30597,19.6994,30.1251,49.1939,79.8289,178.912,163.977,152.838,145.778,139.352,133.478,128.088,121.248,113.355,93.7557,49.2928,27.4211,17.0565,7.64319,-1.0,-1.0,-1.0,-1.0,-1.0
71.114,0.0,0.9999999999999998,3.781184786859822e-64,4,236.359,0.000409604,3.70139,216.853,216.853,213.331,213.331,-0.108471,3521.49,-0.0138486,17953.6,8.0,9.27809,19.6403,30.0348,49.0465,79.5897,177.059,162.279,151.256,144.269,137.909,132.096,126.762,119.994,112.245,93.4077,49.4777,27.5239,17.1205,7.67185,-1.0,-1.0,-1.0,-1.0,-1.0
71.136,0.0,0.9999999999999998,2.4577701114588843e-64,4,236.91,0.000409793,3.71688,217.36,217.36,213.819,213.819,-0.105132,3522.93,-0.0138486,17994.7,8.0,9.25015,19.5812,29.9443,48.8988,79.3496,175.203,160.578,149.67,142.756,136.463,130.711,125.433,118.736,111.13,92.9844,49.6632,27.6271,17.1846,7.70058,-1.0,-1.0,-1.0,-1.0,-1.0
71.158,0.0,0.9999999999999998,1.5975505724482748e-64,4,237.458,0.000413607,3.73059,217.866,217.866,214.307,214.307,-0.101786,3524.38,-0.0138486,18035.8,8.0,9.22213,19.5219,29.8536,48.7505,79.1093,173.342,158.872,148.08,141.24,135.013,129.322,124.1,117.475,110.007,92.4994,49.8489,27.7304,17.2488,7.72938,-1.0,-1.0,-1.0,-1.0,-1.0
71.18,0.0,0.9999999999999998,1.0384078720913787e-64,4,238.005,0.000419925,3.7439,218.369,218.369,214.792,214.792,-0.0984317,3525.84,-0.0138491,18076.6,8.0,9.19406,19.4624,29.7628,48.6021,78.868,171.476,157.163,146.487,139.72,133.561,127.931,122.765,116.211,108.879,91.9613,50.035,27.8339,17.3133,7.75824,-1.0,-1.0,-1.0,-1.0,-1.0
71.202,0.0,0.9999999999999998,6.749651168593961e-65,4,238.552,0.000422529,3.7564,218.871,218.871,215.257,215.257,-0.0950701,3527.29,-0.0138491,18115.6,8.0,9.16592,19.4029,29.6716,48.4532,78.6267,169.607,155.449,144.889,138.197,132.104,126.536,121.427,114.944,107.745,91.3776,50.2218,27.9378,17.3778,7.78717,-1.0,-1.0,-1.0,-1.0,-1.0
71.224,0.0,0.9999999999999998,4.3872732595860745e-65,4,239.096,0.000412325,3.77125,219.372,219.372,215.724,215.724,-0.0917009,3528.75,-0.0138496,18154.9,8.0,9.13772,19.3432,29.5803,48.3042,78.3848,167.733,153.732,143.289,136.67,130.645,125.138,120.085,113.674,106.604,90.7539,50.4088,28.0418,17.4426,7.81617,-1.0,-1.0,-1.0,-1.0,-1.0
71.246,0.0,0.9999999999999998,2.8517276187309483e-65,4,239.638,0.000409574,3.78412,219.871,219.871,216.198,216.198,-0.0883234,3530.21,-0.0138496,18194.9,8.0,9.10945,19.2833,29.4887,48.1546,78.1418,165.855,152.011,141.684,135.14,129.182,123.737,118.741,112.401,105.458,90.0946,50.5965,28.1461,17.5074,7.84524,-1.0,-1.0,-1.0,-1.0,-1.0
71.268,0.0,0.9999999999999998,1.8536229521751165e-65,4,240.177,0.000408937,3.79478,220.367,220.367,216.674,216.674,-0.0849384,3531.68,-0.01385,18234.9,8.0,9.08111,19.2233,29.397,48.0048,77.9309,163.973,150.285,140.077,133.606,127.716,122.332,117.393,111.125,104.306,89.4034,50.7843,28.2506,17.5724,7.87436,-1.0,-1.0,-1.0,-1.0,-1.0
71.29,0.0,0.9999999999999998,1.2048549189138258e-65,4,240.715,0.000409226,3.80473,220.863,220.863,217.147,217.147,-0.0815456,3533.15,-0.01385,18274.7,8.0,9.05271,19.1632,29.3051,47.8547,77.8688,162.086,148.557,138.465,132.069,126.247,120.925,116.042,109.847,103.148,88.6829,50.9728,28.3554,17.6376,7.90356,-1.0,-1.0,-1.0,-1.0,-1.0
71.312,0.0,0.9999999999999998,7.831556972939868e-66,4,241.251,0.000410028,3.81316,221.356,221.356,217.616,217.616,-0.0781453,3534.62,-0.01385,18314.2,8.0,9.02425,19.103,29.2129,47.704,78.0407,160.196,146.824,136.85,130.528,124.774,119.514,114.689,108.566,101.985,87.9364,51.1615,28.4604,17.7029,7.93283,-1.0,-1.0,-1.0,-1.0,-1.0
71.334,0.0,0.9999999999999998,5.090512032410914e-66,4,241.786,0.000405074,3.82223,221.848,221.848,218.077,218.077,-0.0747373,3536.1,-0.0138505,18353.0,8.0,8.99572,19.0425,29.1206,47.5532,78.6248,158.301,145.087,135.231,128.984,123.298,118.101,113.332,107.281,100.815,87.1652,51.3507,28.5656,17.7684,7.96216,-1.0,-1.0,-1.0,-1.0,-1.0
71.356,0.0,0.9999999999999998,3.3088328210670945e-66,4,242.319,0.000401884,3.83089,222.338,222.338,218.541,218.541,-0.0713217,3537.58,-0.0138505,18392.0,8.0,8.96713,18.982,29.0279,47.402,80.3568,156.402,143.346,133.609,127.437,121.819,116.684,111.972,105.994,99.6409,86.3717,51.5404,28.6712,17.834,7.99155,6.43558,6.43108,6.42855,6.42797,6.42936
71.378,0.0,0.9999999999999998,2.1507413336936116e-66,4,242.85,0.000401095,3.83923,222.827,222.827,219.003,219.003,-0.0678991,3539.06,-0.013851,18430.9,8.0,8.93848,18.9214,28.9352,47.2505,186.431,154.498,141.602,131.983,125.886,120.337,115.264,110.61,104.704,98.4609,85.5571,51.7304,28.7768,17.8997,8.021,-1.0,-1.0,-1.0,-1.0,-1.0
71.4,0.0,0.9999999999999998,1.3979818669008475e-66,4,243.379,0.00039972,3.84477,223.314,223.313,219.464,219.464,-0.0644689,3540.55,-0.013851,18469.7,8.0,8.90977,18.8606,28.8422,47.0986,184.129,152.591,139.854,130.353,124.332,118.851,113.841,109.244,103.412,97.2754,84.7229,51.921,28.8828,17.9656,8.05052,-1.0,-1.0,-1.0,-1.0,-1.0
71.422,0.0,0.9999999999999998,9.08688213485551e-67,4,243.906,0.000395367,3.85012,223.799,223.799,219.924,219.924,-0.061031,3542.03,-0.0138515,18508.3,8.0,8.88099,18.7996,28.7491,46.9465,181.823,150.68,138.102,128.72,122.774,117.362,112.415,107.876,102.116,96.0847,83.8706,52.1118,28.9889,18.0316,8.08011,-1.0,-1.0,-1.0,-1.0,-1.0
71.444,0.0,0.9999999999999998,5.906473387656082e-67,4,244.431,0.000396049,3.85312,224.282,224.282,220.391,220.391,-0.0575856,3543.53,-0.0138515,18547.7,8.0,8.85215,18.7386,28.6556,46.7939,179.511,148.764,136.346,127.084,121.213,115.87,110.985,106.504,100.818,94.8887,83.001,52.3032,29.0954,18.0978,8.10976,-1.0,-1.0,-1.0,-1.0,-1.0
71.466,0.0,0.9999999999999998,3.839207701976453e-67,4,244.954,0.0003963,3.85643,224.764,224.764,220.847,220.847,-0.0541331,3545.02,-0.0138519,18586.0,8.0,8.82325,18.6774,28.5621,46.6411,177.195,146.844,134.586,125.444,119.649,114.374,109.553,105.129,99.5166,93.6874,82.1152,52.4949,29.202,18.1641,8.13947,-1.0,-1.0,-1.0,-1.0,-1.0
71.488,0.0,0.9999999999999998,2.495485006284695e-67,4,245.476,0.00039292,3.86141,225.245,225.245,221.297,221.297,-0.050673,3546.52,-0.0138519,18623.8,8.0,8.79428,18.6161,28.4683,46.4878,174.873,144.92,132.823,123.8,118.081,112.876,108.117,103.752,98.2126,92.4813,81.2138,52.6871,29.3089,18.2306,8.16925,-1.0,-1.0,-1.0,-1.0,-1.0
71.51,0.0,0.9999999999999998,1.6220652540850517e-67,4,245.997,0.000388994,3.86333,225.722,225.722,221.745,221.745,-0.0472053,3548.02,-0.0138524,18661.5,8.0,8.76526,18.5546,28.3743,46.3344,172.547,142.992,131.056,122.153,116.511,111.374,106.679,102.372,96.906,91.2696,80.2977,52.8796,29.4159,18.2972,8.19909,-1.0,-1.0,-1.0,-1.0,-1.0
71.532,0.0,0.9999999999999998,1.0543424151552836e-67,4,246.515,0.000379241,3.86465,226.2,226.2,222.193,222.193,-0.0437299,3549.53,-0.0138524,18699.2,8.0,8.73616,18.493,28.2801,46.1805,170.215,141.06,129.285,120.502,114.936,109.869,105.238,100.989,95.5968,90.0535,79.3677,53.0727,29.5233,18.3639,8.229,-1.0,-1.0,-1.0,-1.0,-1.0
71.554,0.0,0.9999999999999998,6.8532256985093436e-68,4,247.03,0.000384011,3.86265,226.675,226.675,222.665,222.665,-0.0402475,3551.03,-0.0138529,18739.0,8.0,8.70702,18.4313,28.1857,46.0264,167.879,139.124,127.51,118.848,113.358,108.361,103.793,99.6021,94.2845,88.8318,78.4243,53.266,29.6308,18.4308,8.25897,-1.0,-1.0,-1.0,-1.0,-1.0
71.576,0.0,0.9999999999999998,4.454596704031073e-68,4,247.545,0.000389769,3.85972,227.148,227.148,223.114,223.114,-0.0367576,3552.55,-0.0138529,18776.7,8.0,8.6778,18.3695,28.0911,45.8718,165.538,137.184,125.732,117.191,111.777,106.85,102.346,98.2132,92.9694,87.6056,77.4682,53.4599,29.7386,18.4979,8.289,-1.0,-1.0,-1.0,-1.0,-1.0
71.598,0.0,0.9999999999999998,2.8954878576201974e-68,4,248.058,0.000385933,3.8604,227.621,227.621,223.553,223.553,-0.0332607,3554.06,-0.0138534,18813.6,8.0,8.64853,18.3075,27.9964,45.7171,163.192,135.24,123.95,115.53,110.193,105.336,100.895,96.8211,91.6518,86.3744,76.5,53.654,29.8466,18.565,8.3191,-1.0,-1.0,-1.0,-1.0,-1.0
71.62,0.0,0.9999999999999998,1.8820671074531284e-68,4,248.57,0.000377712,3.85944,228.091,228.091,223.988,223.988,-0.0297561,3555.58,-0.0138534,18850.2,8.0,8.6192,18.2454,27.9014,45.5619,160.841,133.291,122.165,113.866,108.606,103.818,99.4416,95.4264,90.3315,85.1385,75.5197,53.8364,29.9548,18.6323,8.34926,-1.0,-1.0,-1.0,-1.0,-1.0
71.642,0.0,0.9999999999999998,1.2233436198445336e-68,4,249.079,0.000361763,3.85587,228.559,228.559,224.413,224.413,-0.0262444,3557.1,-0.0138539,18886.0,8.0,8.5898,18.1832,27.8062,45.4065,158.486,131.339,120.376,112.198,107.015,102.298,97.9854,94.0288,89.0084,83.8976,74.5284,53.8989,30.0633,18.6998,8.37948,-1.0,-1.0,-1.0,-1.0,-1.0
71.664,0.0,0.9999999999999998,7.95173352898947e-69,4,249.581,0.000361386,3.84799,229.025,229.025,224.872,224.872,-0.0227259,3558.62,-0.0138539,18924.7,8.0,8.56035,18.1208,27.7108,45.2507,156.125,129.383,118.582,110.527,105.421,100.774,96.5256,92.6281,87.6825,82.6522,73.526,53.8421,30.172,18.7674,8.40976,-1.0,-1.0,-1.0,-1.0,-1.0
71.686,0.0,0.9999999999999998,5.168626793843155e-69,4,250.081,0.00036929,3.83883,229.486,229.486,225.291,225.291,-0.0191997,3560.15,-0.0138543,18959.8,8.0,8.53083,18.0583,27.6153,45.0947,153.759,127.423,116.786,108.852,103.824,99.2472,95.0633,91.2248,86.3542,81.402,72.513,53.6884,30.2808,18.8351,8.4401,-1.0,-1.0,-1.0,-1.0,-1.0
71.708,0.0,0.9999999999999998,3.359607415998051e-69,4,250.577,0.000366891,3.83517,229.944,229.944,225.697,225.697,-0.0156665,3561.68,-0.0138543,18994.0,8.0,8.50125,17.9957,27.5195,44.9382,151.39,125.459,114.986,107.174,102.224,97.7172,93.598,89.8186,85.023,80.1474,71.4899,53.4544,30.39,18.903,8.47051,-1.0,-1.0,-1.0,-1.0,-1.0
71.73,0.0,0.9999999999999998,2.1837448203987333e-69,4,251.069,0.000362878,3.83129,230.396,230.396,226.097,226.097,-0.0121264,3563.21,-0.0138548,19027.6,8.0,8.47162,17.933,27.4236,44.7815,149.015,123.491,113.182,105.493,100.62,96.1844,92.1299,88.4096,83.6893,78.8901,70.457,53.1517,30.4993,18.971,8.50097,-1.0,-1.0,-1.0,-1.0,-1.0
71.752,0.0,0.9999999999999998,1.4194341332591769e-69,4,251.556,0.000349275,3.82283,230.845,230.845,226.497,226.497,-0.00857909,3564.75,-0.0138548,19061.3,8.0,8.44193,17.8701,27.3274,44.6312,146.636,121.519,111.375,103.809,99.0135,94.6486,90.6587,86.998,82.3533,77.6306,69.4145,52.7899,30.6089,19.0391,8.5315,-1.0,-1.0,-1.0,-1.0,-1.0
71.774,0.0,0.9999999999999998,9.22632186618465e-70,4,252.035,0.000349232,3.80865,231.29,231.29,226.953,226.953,-0.00502563,3566.29,-0.0138553,19099.8,8.0,8.41218,17.8071,27.2311,44.5664,144.252,119.543,109.564,102.121,97.4038,93.1099,89.1848,85.5836,81.0142,76.3683,68.3627,52.376,30.7186,19.1074,8.56208,-1.0,-1.0,-1.0,-1.0,-1.0
71.796,0.0,0.9999999999999998,5.997109213020022e-70,4,252.513,0.000358778,3.79202,231.73,231.73,227.349,227.349,-0.00146508,3567.83,-0.0138553,19132.9,8.0,8.38238,17.744,27.1346,44.6335,141.863,117.564,107.75,100.43,95.791,91.5681,87.7081,84.1666,79.6728,75.1041,67.3021,51.9161,30.8286,19.1757,8.59273,-1.0,-1.0,-1.0,-1.0,-1.0
71.818,0.0,0.9999999999999998,3.898120988463014e-70,4,252.987,0.000355433,3.78382,232.169,232.169,227.734,227.734,0.00210238,3569.37,-0.0138558,19165.3,8.0,8.35252,17.6808,27.0379,44.8765,139.471,115.581,105.932,98.7364,94.1753,90.0237,86.2285,82.7468,78.3289,73.837,66.2328,51.4145,30.9387,19.2443,8.62343,-1.0,-1.0,-1.0,-1.0,-1.0
71.84,0.0,0.9999999999999998,2.5337786425009592e-70,4,253.458,0.000348846,3.77697,232.601,232.601,228.112,228.112,0.00567627,3570.92,-0.0138558,19197.1,8.0,8.3226,17.6175,26.941,45.3701,137.073,113.594,104.112,97.0391,92.5562,88.476,84.7464,81.3244,76.9823,72.5677,65.1549,50.8758,31.0491,19.3129,8.65418,-1.0,-1.0,-1.0,-1.0,-1.0
71.862,0.0,0.9999999999999998,1.6469561176256235e-70,4,253.924,0.000328984,3.76376,233.03,233.03,228.491,228.491,0.00925716,3572.47,-0.0138562,19229.0,8.0,8.29263,17.554,26.844,46.2651,134.672,111.604,102.288,95.3388,90.9346,86.9258,83.2614,79.8993,75.6335,71.2961,64.0688,50.3026,31.1597,19.3817,8.685,-1.0,-1.0,-1.0,-1.0,-1.0
71.884,0.0,0.9999999999999998,1.0705214764566553e-70,4,254.38,0.000325939,3.74261,233.456,233.455,228.943,228.943,0.0128443,3574.02,-0.0138562,19267.2,8.0,8.2626,17.4905,26.7468,47.9714,132.265,109.61,100.46,93.6354,89.3099,85.3725,81.7737,78.4717,74.2821,70.0223,62.975,49.6982,31.2705,19.4506,8.71587,-1.0,-1.0,-1.0,-1.0,-1.0
71.906,0.0,0.9999999999999998,6.95838959696826e-71,4,254.838,0.000336026,3.71823,233.876,233.876,229.317,229.317,0.0164379,3575.58,-0.0138567,19298.4,8.0,8.23252,17.4268,26.6494,200.0,129.855,107.612,98.6289,91.9287,87.682,83.8167,80.2833,77.0415,72.9283,68.7461,61.8729,49.0649,31.3815,19.5196,8.7468,-1.0,-1.0,-1.0,-1.0,-1.0
71.928,0.0,0.9999999999999998,4.522953238029369e-71,4,255.291,0.00033388,3.70575,234.295,234.295,229.681,229.681,0.0200384,3577.14,-0.0138567,19329.0,8.0,8.20238,17.363,26.5518,200.0,127.44,105.611,96.7945,90.2194,86.0514,82.2579,78.7903,75.6089,71.572,67.4676,60.7636,48.4052,31.4927,19.5888,8.77778,-1.0,-1.0,-1.0,-1.0,-1.0
71.95,0.0,0.9999999999999998,2.93991960471909e-71,4,255.741,0.000327706,3.69506,234.709,234.709,230.039,230.039,0.0236454,3578.7,-0.0138572,19359.1,8.0,8.17219,17.299,26.454,200.0,125.021,103.606,94.9574,88.5066,84.4181,80.6966,77.2948,74.1736,70.2132,66.1868,59.6466,47.7201,31.5797,19.6581,8.80883,-1.0,-1.0,-1.0,-1.0,-1.0
71.972,0.0,0.9999999999999998,1.9109477430674085e-71,4,256.187,0.000306943,3.67728,235.118,235.118,230.399,230.399,0.0272587,3580.26,-0.0138577,19389.5,8.0,8.14194,17.235,26.3561,200.0,122.598,101.598,93.1167,86.7912,82.7817,79.1323,75.7965,72.7359,68.8523,64.9039,58.5223,47.0121,31.589,19.7275,8.83992,-1.0,-1.0,-1.0,-1.0,-1.0
71.994,0.0,0.9999999999999998,1.2421160329938154e-71,4,256.622,0.000326098,3.64799,235.525,235.525,230.849,230.849,0.0308783,3581.83,-0.0138577,19427.6,8.0,8.11165,17.1709,26.258,200.0,120.17,99.5859,91.273,85.0724,81.1425,77.5653,74.2956,71.2956,67.489,63.6186,57.3911,46.282,31.528,19.797,8.87107,-1.0,-1.0,-1.0,-1.0,-1.0
72.016,0.0,0.9999999999999998,8.0737542144598e-72,4,257.06,0.00034835,3.6162,235.927,235.927,231.2,231.2,0.0345043,3583.4,-0.0138577,19456.8,8.0,8.08129,17.1066,26.1631,200.0,117.738,97.5713,89.4261,83.3507,79.5005,75.9956,72.792,69.8528,66.1233,62.3313,56.2528,45.5314,31.4049,19.8666,8.90228,-1.0,-1.0,-1.0,-1.0,-1.0
72.038,0.0,0.9999999999999998,5.247940239398871e-72,4,257.494,0.000326245,3.59983,236.328,236.328,231.543,231.543,0.0381359,3584.97,-0.0138581,19485.7,8.0,8.05089,17.0423,26.1224,197.201,115.303,95.5523,87.5758,81.6265,77.8558,74.4234,71.2861,68.4077,64.7552,61.0417,55.1079,44.7613,31.2262,19.9364,8.93353,-1.0,-1.0,-1.0,-1.0,-1.0
72.06,0.0,0.9999999999999998,3.411161155609266e-72,4,257.924,0.000305322,3.58461,236.723,236.723,231.882,231.882,0.041774,3586.55,-0.0138581,19514.1,8.0,8.02044,16.9778,26.1623,193.029,112.863,93.5302,85.7225,79.8995,76.2082,72.8484,69.7774,66.96,63.385,59.75,53.9563,43.973,30.9974,20.0063,8.96484,-1.0,-1.0,-1.0,-1.0,-1.0
72.082,0.0,0.9999999999999998,2.217254751146023e-72,4,258.351,0.000284553,3.56238,237.115,237.115,232.224,232.224,0.0454179,3588.12,-0.0138586,19542.9,8.0,7.98994,16.9132,26.297,188.849,110.419,91.505,83.8661,78.169,74.5578,71.271,68.2665,65.51,62.0122,58.4561,52.7981,43.1671,30.7231,20.0763,8.9962,-1.0,-1.0,-1.0,-1.0,-1.0
72.104,0.0,0.9999999999999998,1.4412155882449148e-72,4,258.765,0.000299114,3.52299,237.503,237.503,232.676,232.676,0.0490673,3589.7,-0.0138586,19581.1,8.0,7.95939,16.8486,26.5458,184.662,107.971,89.4765,82.0068,76.4361,72.905,69.6908,66.7529,64.0574,60.6374,57.16,51.6336,42.3446,30.4072,20.1449,9.02761,-1.0,-1.0,-1.0,-1.0,-1.0
72.126,0.0,0.9999999999999998,9.367901323591947e-73,4,259.073,0.000319989,3.48436,237.839,237.839,232.085,232.085,0.0527238,3591.29,-0.0138591,19526.5,8.0,7.92879,16.7837,26.9346,180.47,105.52,87.4446,80.145,74.7003,71.2495,68.1086,65.2375,62.603,59.2607,55.8621,50.4631,41.5064,30.0531,20.1763,9.05907,-1.0,-1.0,-1.0,-1.0,-1.0
72.148,0.0,0.9999999999999998,6.089135860334766e-73,4,259.329,0.000312872,3.46614,238.101,238.101,232.233,232.233,0.0563822,3592.87,-0.0138591,19540.8,8.0,7.89816,16.7192,27.5019,176.273,103.065,85.4111,78.281,72.9628,69.5925,66.5245,63.7202,61.1471,57.8823,54.5629,49.2894,40.6537,29.664,20.1589,9.09056,-1.0,-1.0,-1.0,-1.0,-1.0
72.17,0.0,0.9999999999999998,3.957938309217598e-73,4,259.528,0.000303859,3.44444,238.303,238.302,231.685,231.685,0.0600456,3594.46,-0.0138596,19555.4,8.0,7.8675,16.6831,28.3065,172.072,100.61,83.3755,76.4156,71.2243,67.9341,64.9393,62.2016,59.6899,56.5029,53.2626,48.1148,39.787,29.2423,20.0966,9.12208,-1.0,-1.0,-1.0,-1.0,-1.0
72.192,0.0,0.9999999999999998,2.5726599009914388e-73,4,259.715,0.000288904,3.41622,238.479,238.479,232.089,232.089,0.0637092,3596.04,-0.0138596,19451.8,8.0,7.83683,16.6984,29.4489,167.869,98.1511,81.3388,74.5485,69.4842,66.2742,63.3525,60.6819,58.2316,55.1226,51.9614,46.9393,38.9074,28.7906,19.9926,9.15361,-1.0,-1.0,-1.0,-1.0,-1.0
72.214,0.0,0.9999999999999998,1.6722289356444354e-73,4,259.88,0.000311158,3.36017,238.65,238.65,231.654,231.654,0.0673784,3597.63,-0.0138596,19568.2,8.0,7.80612,16.7703,31.1334,163.662,95.6915,79.3004,72.6802,67.7428,64.6134,61.765,59.1611,56.7722,53.7412,50.6593,45.7629,38.0151,28.3107,19.85,9.18519,-1.0,-1.0,-1.0,-1.0,-1.0
72.236,0.0,0.9999999999999998,1.086948808168883e-73,4,259.999,0.000321521,3.31413,238.77,238.77,231.814,231.815,0.0710488,3599.22,-0.0138601,19422.9,8.0,7.7754,16.905,33.9272,159.453,93.2305,77.2607,70.8111,66.0006,62.9518,60.1765,57.6397,55.3122,52.359,49.3562,44.586,37.1111,27.8046,19.6713,9.21677,-1.0,-1.0,-1.0,-1.0,-1.0
72.258,0.0,0.9999999999999998,7.06516725309774e-74,4,260.112,0.000307011,3.29403,238.874,238.874,232.172,232.172,0.0747193,3600.81,-0.0138601,19597.8,8.0,7.74467,17.11,44.3363,155.243,90.7684,75.2206,68.9409,64.2577,61.2891,58.5872,56.1174,53.8514,50.9762,48.0528,43.4084,36.1959,27.2739,19.459,9.24836,-1.0,-1.0,-1.0,-1.0,-1.0
72.28,0.0,0.9999999999999998,4.592358714513531e-74,4,260.183,0.000290228,3.24354,238.975,238.975,232.627,232.627,0.0783898,3602.4,-0.0138605,19574.1,8.0,7.71395,17.3942,66.6289,151.029,88.3056,73.1792,67.0704,62.5139,59.626,56.9974,54.5946,52.3901,49.5928,46.7489,42.2306,35.2699,26.72,19.215,9.27833,-1.0,-1.0,-1.0,-1.0,-1.0
72.302,0.0,0.9999999999999998,2.9850331644337953e-74,4,260.28,0.000262134,3.17062,239.04,239.04,232.28,232.28,0.0820647,3603.99,-0.013861,19607.3,8.0,7.68702,17.7688,88.9223,146.817,85.8415,71.1376,65.199,60.77,57.9625,55.4072,53.0715,50.9282,48.2092,45.4445,41.0523,34.3336,26.1445,18.9414,9.28984,-1.0,-1.0,-1.0,-1.0,-1.0
72.324,0.0,0.9999999999999998,1.940271556881967e-74,4,260.257,0.00024761,2.99102,239.079,239.079,231.877,231.878,0.0857422,3605.58,-0.013861,19429.6,8.0,7.68162,18.2479,111.224,142.602,83.378,69.0955,63.3276,59.0254,56.2988,53.8167,51.5481,49.4665,46.8253,44.1401,39.8738,33.3877,25.5486,18.6398,9.27895,-1.0,-1.0,-1.0,-1.0,-1.0
72.346,0.0,0.9999999999999998,1.2611765119732788e-74,4,260.224,0.000247729,2.80409,239.051,239.051,231.778,231.779,0.089419,3607.17,-0.013861,19586.5,8.0,7.70065,18.8492,133.514,138.389,80.9137,67.0541,61.4563,57.2814,54.6351,52.2265,50.0248,48.0047,45.4417,42.8357,38.6956,32.4328,24.9334,18.3119,9.24634,-1.0,-1.0,-1.0,-1.0,-1.0
